Ground truth file: ./Vid_C_juice.avi
frame mean variance /Vid_CPF.txt
a 0.3977383476 0.0000000000 0.3977383476
0 1.0000000000 0.0000000000 1.0000000000
1 0.9742356078 0.0000000000 0.9742356078
2 0.8497163831 0.0000000000 0.8497163831
3 0.6062026691 0.0000000000 0.6062026691
4 0.8354211645 0.0000000000 0.8354211645
5 0.2945744541 0.0000000000 0.2945744541
6 0.0766538651 0.0000000000 0.0766538651
7 0.0338035458 0.0000000000 0.0338035458
8 0.0382545943 0.0000000000 0.0382545943
9 0.0674595255 0.0000000000 0.0674595255
10 0.0710407940 0.0000000000 0.0710407940
11 0.0699530737 0.0000000000 0.0699530737
12 0.0809711225 0.0000000000 0.0809711225
13 0.1127706078 0.0000000000 0.1127706078
14 0.0713878431 0.0000000000 0.0713878431
15 0.0761281342 0.0000000000 0.0761281342
16 0.0823649111 0.0000000000 0.0823649111
17 0.0131596024 0.0000000000 0.0131596024
18 0.1288904185 0.0000000000 0.1288904185
19 0.1370424112 0.0000000000 0.1370424112
20 0.2246525603 0.0000000000 0.2246525603
21 0.2483767743 0.0000000000 0.2483767743
22 0.1807982816 0.0000000000 0.1807982816
23 0.1488027403 0.0000000000 0.1488027403
24 0.1622335792 0.0000000000 0.1622335792
25 0.1712614592 0.0000000000 0.1712614592
26 0.1706065962 0.0000000000 0.1706065962
27 0.1479300550 0.0000000000 0.1479300550
28 0.1387691096 0.0000000000 0.1387691096
29 0.0467606833 0.0000000000 0.0467606833
30 0.0287099677 0.0000000000 0.0287099677
31 0.1202878077 0.0000000000 0.1202878077
32 0.1478664229 0.0000000000 0.1478664229
33 0.1219484608 0.0000000000 0.1219484608
34 0.0602623211 0.0000000000 0.0602623211
35 0.0893614375 0.0000000000 0.0893614375
36 0.0865825102 0.0000000000 0.0865825102
37 0.1122523766 0.0000000000 0.1122523766
38 0.1213466210 0.0000000000 0.1213466210
39 0.0930195356 0.0000000000 0.0930195356
40 0.1089238347 0.0000000000 0.1089238347
41 0.1121024602 0.0000000000 0.1121024602
42 0.0545885591 0.0000000000 0.0545885591
43 0.0155494963 0.0000000000 0.0155494963
44 0.1212950687 0.0000000000 0.1212950687
45 0.1217566196 0.0000000000 0.1217566196
46 0.2272500219 0.0000000000 0.2272500219
47 0.2849461437 0.0000000000 0.2849461437
48 0.3867713250 0.0000000000 0.3867713250
49 0.4517104145 0.0000000000 0.4517104145
50 0.3517270755 0.0000000000 0.3517270755
51 0.3651394014 0.0000000000 0.3651394014
52 0.3645366128 0.0000000000 0.3645366128
53 0.3674303743 0.0000000000 0.3674303743
54 0.3862203331 0.0000000000 0.3862203331
55 0.3577768323 0.0000000000 0.3577768323
56 0.3671055408 0.0000000000 0.3671055408
57 0.3427013417 0.0000000000 0.3427013417
58 0.3734320162 0.0000000000 0.3734320162
59 0.3852970671 0.0000000000 0.3852970671
60 0.4262649254 0.0000000000 0.4262649254
61 0.4345567377 0.0000000000 0.4345567377
62 0.4248144749 0.0000000000 0.4248144749
63 0.4557067495 0.0000000000 0.4557067495
64 0.3925017191 0.0000000000 0.3925017191
65 0.3954233567 0.0000000000 0.3954233567
66 0.4552003621 0.0000000000 0.4552003621
67 0.3988961801 0.0000000000 0.3988961801
68 0.3936243896 0.0000000000 0.3936243896
69 0.3893817341 0.0000000000 0.3893817341
70 0.4143178682 0.0000000000 0.4143178682
71 0.3979161980 0.0000000000 0.3979161980
72 0.4341777841 0.0000000000 0.4341777841
73 0.4531557508 0.0000000000 0.4531557508
74 0.4625558861 0.0000000000 0.4625558861
75 0.4119473140 0.0000000000 0.4119473140
76 0.3901932935 0.0000000000 0.3901932935
77 0.3918650982 0.0000000000 0.3918650982
78 0.3470891906 0.0000000000 0.3470891906
79 0.3477212698 0.0000000000 0.3477212698
80 0.3624384221 0.0000000000 0.3624384221
81 0.3822611241 0.0000000000 0.3822611241
82 0.3937362763 0.0000000000 0.3937362763
83 0.3870163957 0.0000000000 0.3870163957
84 0.4087916379 0.0000000000 0.4087916379
85 0.4241278260 0.0000000000 0.4241278260
86 0.3919158319 0.0000000000 0.3919158319
87 0.3640365033 0.0000000000 0.3640365033
88 0.4038336454 0.0000000000 0.4038336454
89 0.4715224812 0.0000000000 0.4715224812
90 0.4539685561 0.0000000000 0.4539685561
91 0.4805398460 0.0000000000 0.4805398460
92 0.4106511668 0.0000000000 0.4106511668
93 0.4097258517 0.0000000000 0.4097258517
94 0.4032418098 0.0000000000 0.4032418098
95 0.4191887444 0.0000000000 0.4191887444
96 0.4015114807 0.0000000000 0.4015114807
97 0.4621856227 0.0000000000 0.4621856227
98 0.4602478107 0.0000000000 0.4602478107
99 0.4290266103 0.0000000000 0.4290266103
100 0.4578104060 0.0000000000 0.4578104060
101 0.4181820390 0.0000000000 0.4181820390
102 0.3668322898 0.0000000000 0.3668322898
103 0.3840107989 0.0000000000 0.3840107989
104 0.4235588993 0.0000000000 0.4235588993
105 0.4148558661 0.0000000000 0.4148558661
106 0.4338513561 0.0000000000 0.4338513561
107 0.4449420758 0.0000000000 0.4449420758
108 0.4815106641 0.0000000000 0.4815106641
109 0.4668076028 0.0000000000 0.4668076028
110 0.4420951433 0.0000000000 0.4420951433
111 0.4424280703 0.0000000000 0.4424280703
112 0.4961618199 0.0000000000 0.4961618199
113 0.4765530086 0.0000000000 0.4765530086
114 0.4827009015 0.0000000000 0.4827009015
115 0.4815600447 0.0000000000 0.4815600447
116 0.4322388915 0.0000000000 0.4322388915
117 0.4591036002 0.0000000000 0.4591036002
118 0.5291074963 0.0000000000 0.5291074963
119 0.4716489946 0.0000000000 0.4716489946
120 0.4409825642 0.0000000000 0.4409825642
121 0.4293075068 0.0000000000 0.4293075068
122 0.4419466506 0.0000000000 0.4419466506
123 0.4739008295 0.0000000000 0.4739008295
124 0.4831329473 0.0000000000 0.4831329473
125 0.5085545835 0.0000000000 0.5085545835
126 0.5708382658 0.0000000000 0.5708382658
127 0.5530992045 0.0000000000 0.5530992045
128 0.5708915054 0.0000000000 0.5708915054
129 0.5921800347 0.0000000000 0.5921800347
130 0.5692186129 0.0000000000 0.5692186129
131 0.5894031881 0.0000000000 0.5894031881
132 0.5360997443 0.0000000000 0.5360997443
133 0.4946007713 0.0000000000 0.4946007713
134 0.5053162777 0.0000000000 0.5053162777
135 0.4815957803 0.0000000000 0.4815957803
136 0.4462016767 0.0000000000 0.4462016767
137 0.5264528059 0.0000000000 0.5264528059
138 0.5072488260 0.0000000000 0.5072488260
139 0.5243476935 0.0000000000 0.5243476935
140 0.5444837660 0.0000000000 0.5444837660
141 0.5129001246 0.0000000000 0.5129001246
142 0.5082005299 0.0000000000 0.5082005299
143 0.4727381663 0.0000000000 0.4727381663
144 0.4561725235 0.0000000000 0.4561725235
145 0.5064191466 0.0000000000 0.5064191466
146 0.4888702328 0.0000000000 0.4888702328
147 0.5075293750 0.0000000000 0.5075293750
148 0.5907134542 0.0000000000 0.5907134542
149 0.5468796805 0.0000000000 0.5468796805
150 0.4896284895 0.0000000000 0.4896284895
151 0.5097709077 0.0000000000 0.5097709077
152 0.5072694596 0.0000000000 0.5072694596
153 0.5236656286 0.0000000000 0.5236656286
154 0.5146764720 0.0000000000 0.5146764720
155 0.4992189164 0.0000000000 0.4992189164
156 0.4934667625 0.0000000000 0.4934667625
157 0.5320444395 0.0000000000 0.5320444395
158 0.5875801296 0.0000000000 0.5875801296
159 0.5633102933 0.0000000000 0.5633102933
160 0.5224085688 0.0000000000 0.5224085688
161 0.5089611766 0.0000000000 0.5089611766
162 0.5315306476 0.0000000000 0.5315306476
163 0.5376498833 0.0000000000 0.5376498833
164 0.4952651501 0.0000000000 0.4952651501
165 0.4886405708 0.0000000000 0.4886405708
166 0.5237857834 0.0000000000 0.5237857834
167 0.5303488303 0.0000000000 0.5303488303
168 0.5294620442 0.0000000000 0.5294620442
169 0.5332557544 0.0000000000 0.5332557544
170 0.5441559893 0.0000000000 0.5441559893
171 0.5249082323 0.0000000000 0.5249082323
172 0.5116080552 0.0000000000 0.5116080552
173 0.4927569017 0.0000000000 0.4927569017
174 0.5580806019 0.0000000000 0.5580806019
175 0.5258092533 0.0000000000 0.5258092533
176 0.4001538468 0.0000000000 0.4001538468
177 0.4908327050 0.0000000000 0.4908327050
178 0.4850991701 0.0000000000 0.4850991701
179 0.4966925321 0.0000000000 0.4966925321
180 0.4966778481 0.0000000000 0.4966778481
181 0.4664541777 0.0000000000 0.4664541777
182 0.5339856049 0.0000000000 0.5339856049
183 0.4530635009 0.0000000000 0.4530635009
184 0.4983900768 0.0000000000 0.4983900768
185 0.5121834919 0.0000000000 0.5121834919
186 0.5252348160 0.0000000000 0.5252348160
187 0.5196285796 0.0000000000 0.5196285796
188 0.4893096411 0.0000000000 0.4893096411
189 0.5000104538 0.0000000000 0.5000104538
190 0.4986945936 0.0000000000 0.4986945936
191 0.4502144951 0.0000000000 0.4502144951
192 0.4381618496 0.0000000000 0.4381618496
193 0.4815311453 0.0000000000 0.4815311453
194 0.4915639638 0.0000000000 0.4915639638
195 0.4192696383 0.0000000000 0.4192696383
196 0.3962042838 0.0000000000 0.3962042838
197 0.4509879611 0.0000000000 0.4509879611
198 0.4827798655 0.0000000000 0.4827798655
199 0.4375091477 0.0000000000 0.4375091477
200 0.4811134657 0.0000000000 0.4811134657
201 0.4903671267 0.0000000000 0.4903671267
202 0.4468204432 0.0000000000 0.4468204432
203 0.4568925341 0.0000000000 0.4568925341
204 0.3872360683 0.0000000000 0.3872360683
205 0.3787316321 0.0000000000 0.3787316321
206 0.3926369534 0.0000000000 0.3926369534
207 0.4624116573 0.0000000000 0.4624116573
208 0.4512123291 0.0000000000 0.4512123291
209 0.4563140271 0.0000000000 0.4563140271
210 0.4756876742 0.0000000000 0.4756876742
211 0.4615046500 0.0000000000 0.4615046500
212 0.4663492776 0.0000000000 0.4663492776
213 0.4700542671 0.0000000000 0.4700542671
214 0.4591388199 0.0000000000 0.4591388199
215 0.4202013339 0.0000000000 0.4202013339
216 0.4754730083 0.0000000000 0.4754730083
217 0.4913758364 0.0000000000 0.4913758364
218 0.4862904866 0.0000000000 0.4862904866
219 0.4745804368 0.0000000000 0.4745804368
220 0.4719437136 0.0000000000 0.4719437136
221 0.4858704690 0.0000000000 0.4858704690
222 0.4880349854 0.0000000000 0.4880349854
223 0.4863435272 0.0000000000 0.4863435272
224 0.5010868281 0.0000000000 0.5010868281
225 0.4795772763 0.0000000000 0.4795772763
226 0.4885342667 0.0000000000 0.4885342667
227 0.4834279217 0.0000000000 0.4834279217
228 0.4497487747 0.0000000000 0.4497487747
229 0.4617934074 0.0000000000 0.4617934074
230 0.4329085668 0.0000000000 0.4329085668
231 0.4454242384 0.0000000000 0.4454242384
232 0.4433339290 0.0000000000 0.4433339290
233 0.4393209911 0.0000000000 0.4393209911
234 0.4443788110 0.0000000000 0.4443788110
235 0.4470143656 0.0000000000 0.4470143656
236 0.4366359821 0.0000000000 0.4366359821
237 0.4481357901 0.0000000000 0.4481357901
238 0.4454250473 0.0000000000 0.4454250473
239 0.4352578795 0.0000000000 0.4352578795
240 0.4414348776 0.0000000000 0.4414348776
241 0.4244174173 0.0000000000 0.4244174173
242 0.4475723812 0.0000000000 0.4475723812
243 0.4579215189 0.0000000000 0.4579215189
244 0.4575588402 0.0000000000 0.4575588402
245 0.4482179572 0.0000000000 0.4482179572
246 0.4434923427 0.0000000000 0.4434923427
247 0.4533559681 0.0000000000 0.4533559681
248 0.4582949090 0.0000000000 0.4582949090
249 0.4720344943 0.0000000000 0.4720344943
250 0.4874296163 0.0000000000 0.4874296163
251 0.4808627878 0.0000000000 0.4808627878
252 0.4767831475 0.0000000000 0.4767831475
253 0.4754423375 0.0000000000 0.4754423375
254 0.4922238193 0.0000000000 0.4922238193
255 0.4910823172 0.0000000000 0.4910823172
256 0.4890853146 0.0000000000 0.4890853146
257 0.4340080424 0.0000000000 0.4340080424
258 0.3796854382 0.0000000000 0.3796854382
259 0.3025337392 0.0000000000 0.3025337392
260 0.2865286404 0.0000000000 0.2865286404
261 0.3407551069 0.0000000000 0.3407551069
262 0.3708719550 0.0000000000 0.3708719550
263 0.4007448346 0.0000000000 0.4007448346
264 0.4097032368 0.0000000000 0.4097032368
265 0.3858790799 0.0000000000 0.3858790799
266 0.4138984371 0.0000000000 0.4138984371
267 0.4623962730 0.0000000000 0.4623962730
268 0.3972275748 0.0000000000 0.3972275748
269 0.3876937498 0.0000000000 0.3876937498
270 0.4140268622 0.0000000000 0.4140268622
271 0.3403070758 0.0000000000 0.3403070758
272 0.3388458969 0.0000000000 0.3388458969
273 0.4105180186 0.0000000000 0.4105180186
274 0.4360587331 0.0000000000 0.4360587331
275 0.4005182927 0.0000000000 0.4005182927
276 0.3886083721 0.0000000000 0.3886083721
277 0.3509725610 0.0000000000 0.3509725610
278 0.3856397756 0.0000000000 0.3856397756
279 0.4337114708 0.0000000000 0.4337114708
280 0.4296817287 0.0000000000 0.4296817287
281 0.4216419461 0.0000000000 0.4216419461
282 0.4088480576 0.0000000000 0.4088480576
283 0.4058791492 0.0000000000 0.4058791492
284 0.3831203128 0.0000000000 0.3831203128
285 0.4511714797 0.0000000000 0.4511714797
286 0.4486838920 0.0000000000 0.4486838920
287 0.4326379868 0.0000000000 0.4326379868
288 0.4342251632 0.0000000000 0.4342251632
289 0.4251246379 0.0000000000 0.4251246379
290 0.4308106540 0.0000000000 0.4308106540
291 0.4141534960 0.0000000000 0.4141534960
292 0.4118793965 0.0000000000 0.4118793965
293 0.3929017855 0.0000000000 0.3929017855
294 0.3878741306 0.0000000000 0.3878741306
295 0.4188949609 0.0000000000 0.4188949609
296 0.3804455465 0.0000000000 0.3804455465
297 0.4097650562 0.0000000000 0.4097650562
298 0.3765994198 0.0000000000 0.3765994198
299 0.3556857629 0.0000000000 0.3556857629
300 0.3719709148 0.0000000000 0.3719709148
301 0.3335999686 0.0000000000 0.3335999686
302 0.3486073624 0.0000000000 0.3486073624
303 0.3249044206 0.0000000000 0.3249044206
304 0.3199796505 0.0000000000 0.3199796505
305 0.2916050693 0.0000000000 0.2916050693
306 0.2941296735 0.0000000000 0.2941296735
307 0.2930511083 0.0000000000 0.2930511083
308 0.3682390429 0.0000000000 0.3682390429
309 0.3632346104 0.0000000000 0.3632346104
310 0.3595719079 0.0000000000 0.3595719079
311 0.3545767269 0.0000000000 0.3545767269
312 0.3075134706 0.0000000000 0.3075134706
313 0.3098160912 0.0000000000 0.3098160912
314 0.3643109894 0.0000000000 0.3643109894
315 0.3393468695 0.0000000000 0.3393468695
316 0.3521846893 0.0000000000 0.3521846893
317 0.4528927386 0.0000000000 0.4528927386
318 0.4293951491 0.0000000000 0.4293951491
319 0.3822137042 0.0000000000 0.3822137042
320 0.3397408544 0.0000000000 0.3397408544
321 0.3780455987 0.0000000000 0.3780455987
322 0.3992197480 0.0000000000 0.3992197480
323 0.4275512463 0.0000000000 0.4275512463
324 0.3679556344 0.0000000000 0.3679556344
325 0.3956653016 0.0000000000 0.3956653016
326 0.3986172322 0.0000000000 0.3986172322
327 0.3813781717 0.0000000000 0.3813781717
328 0.4443712023 0.0000000000 0.4443712023
329 0.4290149944 0.0000000000 0.4290149944
330 0.3936684963 0.0000000000 0.3936684963
331 0.4101635504 0.0000000000 0.4101635504
332 0.4269104154 0.0000000000 0.4269104154
333 0.3975041415 0.0000000000 0.3975041415
334 0.4137186463 0.0000000000 0.4137186463
335 0.3933583908 0.0000000000 0.3933583908
336 0.3766667431 0.0000000000 0.3766667431
337 0.3658822172 0.0000000000 0.3658822172
338 0.4163913691 0.0000000000 0.4163913691
339 0.4148785915 0.0000000000 0.4148785915
340 0.3543990860 0.0000000000 0.3543990860
341 0.3751442292 0.0000000000 0.3751442292
342 0.4194566040 0.0000000000 0.4194566040
343 0.4152132353 0.0000000000 0.4152132353
344 0.3704468905 0.0000000000 0.3704468905
345 0.3664718756 0.0000000000 0.3664718756
346 0.3421072072 0.0000000000 0.3421072072
347 0.3538592633 0.0000000000 0.3538592633
348 0.3555419884 0.0000000000 0.3555419884
349 0.3817774086 0.0000000000 0.3817774086
350 0.3730932916 0.0000000000 0.3730932916
351 0.4063884511 0.0000000000 0.4063884511
352 0.4293770610 0.0000000000 0.4293770610
353 0.4371995318 0.0000000000 0.4371995318
354 0.3609616051 0.0000000000 0.3609616051
355 0.3542907762 0.0000000000 0.3542907762
356 0.3428781276 0.0000000000 0.3428781276
357 0.3687923697 0.0000000000 0.3687923697
358 0.3731029422 0.0000000000 0.3731029422
359 0.4181754160 0.0000000000 0.4181754160
360 0.4165932064 0.0000000000 0.4165932064
361 0.4288177525 0.0000000000 0.4288177525
362 0.4009732719 0.0000000000 0.4009732719
363 0.3661640896 0.0000000000 0.3661640896
364 0.4118149172 0.0000000000 0.4118149172
365 0.3280048734 0.0000000000 0.3280048734
366 0.3347864844 0.0000000000 0.3347864844
367 0.3724107957 0.0000000000 0.3724107957
368 0.3281779686 0.0000000000 0.3281779686
369 0.3452196876 0.0000000000 0.3452196876
370 0.2920000349 0.0000000000 0.2920000349
371 0.2510100865 0.0000000000 0.2510100865
372 0.2703030434 0.0000000000 0.2703030434
373 0.2818868889 0.0000000000 0.2818868889
374 0.3084699220 0.0000000000 0.3084699220
375 0.2525619052 0.0000000000 0.2525619052
376 0.2605611775 0.0000000000 0.2605611775
377 0.3036038617 0.0000000000 0.3036038617
378 0.3774073217 0.0000000000 0.3774073217
379 0.4010166476 0.0000000000 0.4010166476
380 0.4219785819 0.0000000000 0.4219785819
381 0.4316115832 0.0000000000 0.4316115832
382 0.3791921072 0.0000000000 0.3791921072
383 0.3062189610 0.0000000000 0.3062189610
384 0.2378533217 0.0000000000 0.2378533217
385 0.2346128684 0.0000000000 0.2346128684
386 0.2357517317 0.0000000000 0.2357517317
387 0.3827441924 0.0000000000 0.3827441924
388 0.3167830533 0.0000000000 0.3167830533
389 0.2733584299 0.0000000000 0.2733584299
390 0.2783042855 0.0000000000 0.2783042855
391 0.3188707019 0.0000000000 0.3188707019
392 0.3241517867 0.0000000000 0.3241517867
393 0.3698259480 0.0000000000 0.3698259480
394 0.3847866392 0.0000000000 0.3847866392
395 0.3844414863 0.0000000000 0.3844414863
396 0.3247349138 0.0000000000 0.3247349138
397 0.4074283895 0.0000000000 0.4074283895
398 0.3827372772 0.0000000000 0.3827372772
399 0.3914564643 0.0000000000 0.3914564643
400 0.4022856778 0.0000000000 0.4022856778
401 0.4067391916 0.0000000000 0.4067391916
402 0.4302720107 0.0000000000 0.4302720107
403 0.4054109941 0.0000000000 0.4054109941
