./../data/Vid_L_coffee_on_table.avi.avi
0 0.400862 0.359195 0.0811782 0.187739
1 0.40625 0.404166666667 0.078125 0.1875
2 0.4125 0.404166666667 0.078125 0.1875
3 0.4125 0.404166666667 0.078125 0.1875
4 0.4125 0.404166666667 0.078125 0.1875
5 0.41875 0.45 0.078125 0.1875
6 0.421875 0.45 0.078125 0.1875
7 0.41875 0.445833333333 0.078125 0.1875
8 0.41875 0.445833333333 0.078125 0.1875
9 0.41875 0.454166666667 0.078125 0.1875
10 0.421875 0.45 0.078125 0.1875
11 0.421875 0.45 0.078125 0.1875
12 0.421875 0.45 0.078125 0.1875
13 0.421875 0.45 0.078125 0.1875
14 0.421875 0.454166666667 0.078125 0.1875
15 0.421875 0.4375 0.078125 0.1875
16 0.421875 0.445833333333 0.078125 0.1875
17 0.421875 0.445833333333 0.078125 0.1875
18 0.425 0.45 0.078125 0.1875
19 0.425 0.45 0.078125 0.1875
20 0.425 0.45 0.078125 0.1875
21 0.428125 0.45 0.078125 0.1875
22 0.428125 0.445833333333 0.078125 0.1875
23 0.428125 0.445833333333 0.078125 0.1875
24 0.428125 0.445833333333 0.078125 0.1875
25 0.428125 0.445833333333 0.078125 0.1875
26 0.428125 0.445833333333 0.078125 0.1875
27 0.425 0.441666666667 0.078125 0.1875
28 0.425 0.4375 0.078125 0.1875
29 0.425 0.4375 0.078125 0.1875
30 0.428125 0.441666666667 0.078125 0.1875
31 0.43125 0.441666666667 0.078125 0.1875
32 0.43125 0.441666666667 0.078125 0.1875
33 0.428125 0.445833333333 0.078125 0.1875
34 0.428125 0.433333333333 0.078125 0.1875
35 0.428125 0.4375 0.078125 0.1875
36 0.428125 0.4375 0.078125 0.1875
37 0.428125 0.4375 0.078125 0.1875
38 0.428125 0.4375 0.078125 0.1875
39 0.428125 0.441666666667 0.078125 0.1875
40 0.428125 0.445833333333 0.078125 0.1875
41 0.428125 0.445833333333 0.078125 0.1875
42 0.428125 0.445833333333 0.078125 0.1875
43 0.428125 0.445833333333 0.078125 0.1875
44 0.428125 0.445833333333 0.078125 0.1875
45 0.428125 0.4375 0.078125 0.1875
46 0.425 0.4375 0.078125 0.1875
47 0.425 0.4375 0.078125 0.1875
48 0.425 0.445833333333 0.078125 0.1875
49 0.425 0.445833333333 0.078125 0.1875
50 0.428125 0.445833333333 0.078125 0.1875
51 0.428125 0.445833333333 0.078125 0.1875
52 0.428125 0.458333333333 0.078125 0.1875
53 0.428125 0.458333333333 0.078125 0.1875
54 0.425 0.458333333333 0.078125 0.1875
55 0.425 0.454166666667 0.078125 0.1875
56 0.428125 0.454166666667 0.078125 0.1875
57 0.425 0.454166666667 0.078125 0.1875
58 0.425 0.454166666667 0.078125 0.1875
59 0.425 0.454166666667 0.078125 0.1875
60 0.428125 0.45 0.078125 0.1875
61 0.43125 0.454166666667 0.078125 0.1875
62 0.43125 0.454166666667 0.078125 0.1875
63 0.43125 0.454166666667 0.078125 0.1875
64 0.434375 0.454166666667 0.078125 0.1875
65 0.4375 0.454166666667 0.078125 0.1875
66 0.4375 0.454166666667 0.078125 0.1875
67 0.4375 0.454166666667 0.078125 0.1875
68 0.4375 0.441666666667 0.078125 0.1875
69 0.434375 0.4375 0.078125 0.1875
70 0.434375 0.4375 0.078125 0.1875
71 0.434375 0.4375 0.078125 0.1875
72 0.434375 0.4375 0.078125 0.1875
73 0.434375 0.4375 0.078125 0.1875
74 0.434375 0.4375 0.078125 0.1875
75 0.434375 0.4375 0.078125 0.1875
76 0.434375 0.4375 0.078125 0.1875
77 0.4375 0.4375 0.078125 0.1875
78 0.4375 0.408333333333 0.078125 0.1875
79 0.4375 0.408333333333 0.078125 0.1875
80 0.4375 0.4125 0.078125 0.1875
81 0.4375 0.429166666667 0.078125 0.1875
82 0.4375 0.425 0.078125 0.1875
83 0.4375 0.433333333333 0.078125 0.1875
84 0.440625 0.429166666667 0.078125 0.1875
85 0.440625 0.420833333333 0.078125 0.1875
86 0.440625 0.420833333333 0.078125 0.1875
87 0.440625 0.420833333333 0.078125 0.1875
88 0.434375 0.395833333333 0.078125 0.1875
89 0.434375 0.395833333333 0.078125 0.1875
90 0.440625 0.4125 0.078125 0.1875
91 0.44375 0.395833333333 0.078125 0.1875
92 0.44375 0.395833333333 0.078125 0.1875
93 0.44375 0.3875 0.078125 0.1875
94 0.446875 0.416666666667 0.078125 0.1875
95 0.446875 0.416666666667 0.078125 0.1875
96 0.45 0.420833333333 0.078125 0.1875
97 0.453125 0.420833333333 0.078125 0.1875
98 0.453125 0.420833333333 0.078125 0.1875
99 0.453125 0.420833333333 0.078125 0.1875
100 0.453125 0.420833333333 0.078125 0.1875
101 0.453125 0.420833333333 0.078125 0.1875
102 0.453125 0.420833333333 0.078125 0.1875
103 0.434375 0.416666666667 0.078125 0.1875
104 0.434375 0.416666666667 0.078125 0.1875
105 0.4375 0.416666666667 0.078125 0.1875
106 0.4375 0.416666666667 0.078125 0.1875
107 0.446875 0.404166666667 0.078125 0.1875
108 0.446875 0.408333333333 0.078125 0.1875
109 0.446875 0.408333333333 0.078125 0.1875
110 0.45625 0.408333333333 0.078125 0.1875
111 0.459375 0.420833333333 0.078125 0.1875
112 0.459375 0.429166666667 0.078125 0.1875
113 0.459375 0.429166666667 0.078125 0.1875
114 0.4625 0.429166666667 0.078125 0.1875
115 0.459375 0.425 0.078125 0.1875
116 0.459375 0.425 0.078125 0.1875
117 0.459375 0.425 0.078125 0.1875
118 0.4625 0.429166666667 0.078125 0.1875
119 0.4625 0.429166666667 0.078125 0.1875
120 0.46875 0.429166666667 0.078125 0.1875
121 0.46875 0.429166666667 0.078125 0.1875
122 0.475 0.433333333333 0.078125 0.1875
123 0.475 0.425 0.078125 0.1875
124 0.475 0.420833333333 0.078125 0.1875
125 0.475 0.425 0.078125 0.1875
126 0.475 0.425 0.078125 0.1875
127 0.471875 0.425 0.078125 0.1875
128 0.471875 0.425 0.078125 0.1875
129 0.471875 0.429166666667 0.078125 0.1875
130 0.46875 0.445833333333 0.078125 0.1875
131 0.46875 0.445833333333 0.078125 0.1875
132 0.46875 0.445833333333 0.078125 0.1875
133 0.465625 0.441666666667 0.078125 0.1875
134 0.459375 0.45 0.078125 0.1875
135 0.453125 0.458333333333 0.078125 0.1875
136 0.453125 0.466666666667 0.078125 0.1875
137 0.453125 0.4625 0.078125 0.1875
138 0.45 0.458333333333 0.078125 0.1875
139 0.45 0.4625 0.078125 0.1875
140 0.45 0.475 0.078125 0.1875
141 0.45 0.475 0.078125 0.1875
142 0.45 0.475 0.078125 0.1875
143 0.446875 0.470833333333 0.078125 0.1875
144 0.446875 0.470833333333 0.078125 0.1875
145 0.446875 0.475 0.078125 0.1875
146 0.44375 0.470833333333 0.078125 0.1875
147 0.440625 0.479166666667 0.078125 0.1875
148 0.4375 0.483333333333 0.078125 0.1875
149 0.4375 0.4875 0.078125 0.1875
150 0.4375 0.479166666667 0.078125 0.1875
151 0.440625 0.479166666667 0.078125 0.1875
152 0.440625 0.479166666667 0.078125 0.1875
153 0.440625 0.4875 0.078125 0.1875
154 0.440625 0.4875 0.078125 0.1875
155 0.440625 0.4875 0.078125 0.1875
156 0.440625 0.4875 0.078125 0.1875
157 0.440625 0.483333333333 0.078125 0.1875
158 0.44375 0.475 0.078125 0.1875
159 0.44375 0.466666666667 0.078125 0.1875
160 0.434375 0.470833333333 0.078125 0.1875
161 0.43125 0.470833333333 0.078125 0.1875
162 0.41875 0.475 0.078125 0.1875
163 0.41875 0.475 0.078125 0.1875
164 0.4125 0.470833333333 0.078125 0.1875
165 0.40625 0.466666666667 0.078125 0.1875
166 0.40625 0.466666666667 0.078125 0.1875
167 0.40625 0.4625 0.078125 0.1875
168 0.40625 0.45 0.078125 0.1875
169 0.40625 0.454166666667 0.078125 0.1875
170 0.40625 0.4625 0.078125 0.1875
171 0.40625 0.4625 0.078125 0.1875
172 0.40625 0.458333333333 0.078125 0.1875
173 0.4125 0.466666666667 0.078125 0.1875
174 0.4125 0.470833333333 0.078125 0.1875
175 0.43125 0.4625 0.078125 0.1875
176 0.4375 0.4625 0.078125 0.1875
177 0.44375 0.4625 0.078125 0.1875
178 0.44375 0.475 0.078125 0.1875
179 0.44375 0.475 0.078125 0.1875
180 0.440625 0.475 0.078125 0.1875
181 0.446875 0.466666666667 0.078125 0.1875
182 0.446875 0.466666666667 0.078125 0.1875
183 0.446875 0.470833333333 0.078125 0.1875
184 0.434375 0.491666666667 0.078125 0.1875
185 0.440625 0.491666666667 0.078125 0.1875
186 0.45 0.495833333333 0.078125 0.1875
187 0.459375 0.479166666667 0.078125 0.1875
188 0.459375 0.475 0.078125 0.1875
189 0.4625 0.483333333333 0.078125 0.1875
190 0.4625 0.479166666667 0.078125 0.1875
191 0.4625 0.483333333333 0.078125 0.1875
192 0.471875 0.466666666667 0.078125 0.1875
193 0.471875 0.4875 0.078125 0.1875
194 0.471875 0.4875 0.078125 0.1875
195 0.471875 0.4875 0.078125 0.1875
196 0.471875 0.491666666667 0.078125 0.1875
197 0.475 0.491666666667 0.078125 0.1875
198 0.475 0.4875 0.078125 0.1875
199 0.48125 0.466666666667 0.078125 0.1875
200 0.478125 0.45 0.078125 0.1875
201 0.475 0.466666666667 0.078125 0.1875
202 0.475 0.466666666667 0.078125 0.1875
203 0.46875 0.458333333333 0.078125 0.1875
204 0.46875 0.458333333333 0.078125 0.1875
205 0.44375 0.495833333333 0.078125 0.1875
206 0.440625 0.491666666667 0.078125 0.1875
207 0.4375 0.491666666667 0.078125 0.1875
208 0.43125 0.504166666667 0.078125 0.1875
209 0.425 0.5125 0.078125 0.1875
210 0.425 0.5125 0.078125 0.1875
211 0.428125 0.508333333333 0.078125 0.1875
212 0.428125 0.508333333333 0.078125 0.1875
213 0.428125 0.504166666667 0.078125 0.1875
214 0.434375 0.504166666667 0.078125 0.1875
215 0.434375 0.504166666667 0.078125 0.1875
216 0.434375 0.504166666667 0.078125 0.1875
217 0.434375 0.504166666667 0.078125 0.1875
218 0.434375 0.504166666667 0.078125 0.1875
219 0.434375 0.504166666667 0.078125 0.1875
220 0.434375 0.508333333333 0.078125 0.1875
221 0.43125 0.5125 0.078125 0.1875
222 0.43125 0.5125 0.078125 0.1875
223 0.43125 0.5125 0.078125 0.1875
224 0.428125 0.529166666667 0.078125 0.1875
225 0.428125 0.525 0.078125 0.1875
226 0.428125 0.525 0.078125 0.1875
227 0.428125 0.5 0.078125 0.1875
228 0.446875 0.508333333333 0.078125 0.1875
229 0.446875 0.508333333333 0.078125 0.1875
230 0.446875 0.525 0.078125 0.1875
231 0.446875 0.525 0.078125 0.1875
232 0.453125 0.525 0.078125 0.1875
233 0.453125 0.525 0.078125 0.1875
234 0.453125 0.525 0.078125 0.1875
235 0.4625 0.491666666667 0.078125 0.1875
236 0.4625 0.525 0.078125 0.1875
237 0.4625 0.533333333333 0.078125 0.1875
238 0.4625 0.533333333333 0.078125 0.1875
239 0.4625 0.533333333333 0.078125 0.1875
240 0.4625 0.533333333333 0.078125 0.1875
241 0.4625 0.533333333333 0.078125 0.1875
242 0.459375 0.5375 0.078125 0.1875
243 0.44375 0.5375 0.078125 0.1875
244 0.44375 0.516666666667 0.078125 0.1875
245 0.45 0.516666666667 0.078125 0.1875
246 0.45625 0.5375 0.078125 0.1875
247 0.45625 0.545833333333 0.078125 0.1875
248 0.453125 0.545833333333 0.078125 0.1875
249 0.453125 0.545833333333 0.078125 0.1875
250 0.459375 0.554166666667 0.078125 0.1875
251 0.459375 0.541666666667 0.078125 0.1875
252 0.45625 0.520833333333 0.078125 0.1875
253 0.45625 0.55 0.078125 0.1875
254 0.45625 0.554166666667 0.078125 0.1875
255 0.45625 0.5625 0.078125 0.1875
256 0.440625 0.5625 0.078125 0.1875
257 0.440625 0.5625 0.078125 0.1875
258 0.440625 0.570833333333 0.078125 0.1875
259 0.4375 0.570833333333 0.078125 0.1875
260 0.4375 0.6 0.078125 0.1875
261 0.4375 0.575 0.078125 0.1875
262 0.4375 0.579166666667 0.078125 0.1875
263 0.4125 0.6125 0.078125 0.1875
264 0.41875 0.608333333333 0.078125 0.1875
265 0.41875 0.608333333333 0.078125 0.1875
266 0.40625 0.591666666667 0.078125 0.1875
267 0.4 0.583333333333 0.078125 0.1875
268 0.4 0.6 0.078125 0.1875
269 0.39375 0.6 0.078125 0.1875
270 0.4 0.608333333333 0.078125 0.1875
271 0.4 0.579166666667 0.078125 0.1875
272 0.403125 0.6125 0.078125 0.1875
273 0.403125 0.6125 0.078125 0.1875
274 0.403125 0.6125 0.078125 0.1875
275 0.403125 0.604166666667 0.078125 0.1875
276 0.403125 0.604166666667 0.078125 0.1875
277 0.403125 0.575 0.078125 0.1875
278 0.4 0.5625 0.078125 0.1875
279 0.396875 0.545833333333 0.078125 0.1875
280 0.396875 0.5375 0.078125 0.1875
281 0.384375 0.541666666667 0.078125 0.1875
282 0.384375 0.541666666667 0.078125 0.1875
283 0.384375 0.570833333333 0.078125 0.1875
284 0.384375 0.5625 0.078125 0.1875
285 0.3875 0.5625 0.078125 0.1875
286 0.384375 0.583333333333 0.078125 0.1875
287 0.375 0.575 0.078125 0.1875
288 0.375 0.5875 0.078125 0.1875
289 0.378125 0.595833333333 0.078125 0.1875
290 0.378125 0.595833333333 0.078125 0.1875
291 0.35 0.466666666667 0.078125 0.1875
292 0.34375 0.420833333333 0.078125 0.1875
293 0.34375 0.420833333333 0.078125 0.1875
294 0.34375 0.420833333333 0.078125 0.1875
295 0.3 0.391666666667 0.078125 0.1875
296 0.25625 0.404166666667 0.078125 0.1875
297 0.25625 0.4125 0.078125 0.1875
298 0.253125 0.429166666667 0.078125 0.1875
299 0.253125 0.433333333333 0.078125 0.1875
300 0.253125 0.445833333333 0.078125 0.1875
301 0.253125 0.445833333333 0.078125 0.1875
302 0.25 0.45 0.078125 0.1875
303 0.25 0.45 0.078125 0.1875
304 0.25 0.45 0.078125 0.1875
305 0.25 0.45 0.078125 0.1875
306 0.25 0.45 0.078125 0.1875
307 0.25 0.45 0.078125 0.1875
308 0.25 0.45 0.078125 0.1875
309 0.25 0.45 0.078125 0.1875
310 0.246875 0.425 0.078125 0.1875
311 0.246875 0.425 0.078125 0.1875
312 0.246875 0.425 0.078125 0.1875
313 0.246875 0.3625 0.078125 0.1875
314 0.240625 0.333333333333 0.078125 0.1875
315 0.234375 0.325 0.078125 0.1875
316 0.228125 0.329166666667 0.078125 0.1875
317 0.21875 0.329166666667 0.078125 0.1875
318 0.215625 0.333333333333 0.078125 0.1875
319 0.215625 0.333333333333 0.078125 0.1875
320 0.215625 0.3375 0.078125 0.1875
321 0.215625 0.3375 0.078125 0.1875
322 0.221875 0.3375 0.078125 0.1875
323 0.234375 0.3375 0.078125 0.1875
324 0.24375 0.333333333333 0.078125 0.1875
325 0.25 0.3625 0.078125 0.1875
326 0.25625 0.3625 0.078125 0.1875
327 0.2625 0.3625 0.078125 0.1875
328 0.2625 0.3625 0.078125 0.1875
329 0.26875 0.3625 0.078125 0.1875
330 0.26875 0.3625 0.078125 0.1875
331 0.26875 0.341666666667 0.078125 0.1875
332 0.271875 0.320833333333 0.078125 0.1875
333 0.271875 0.320833333333 0.078125 0.1875
334 0.271875 0.283333333333 0.078125 0.1875
335 0.271875 0.279166666667 0.078125 0.1875
336 0.26875 0.279166666667 0.078125 0.1875
337 0.2625 0.283333333333 0.078125 0.1875
338 0.259375 0.283333333333 0.078125 0.1875
339 0.253125 0.2875 0.078125 0.1875
340 0.253125 0.2875 0.078125 0.1875
341 0.24375 0.341666666667 0.078125 0.1875
342 0.24375 0.395833333333 0.078125 0.1875
343 0.240625 0.395833333333 0.078125 0.1875
344 0.240625 0.395833333333 0.078125 0.1875
345 0.2375 0.395833333333 0.078125 0.1875
346 0.2375 0.4 0.078125 0.1875
347 0.2375 0.4 0.078125 0.1875
348 0.2375 0.4 0.078125 0.1875
349 0.2375 0.425 0.078125 0.1875
350 0.234375 0.470833333333 0.078125 0.1875
351 0.234375 0.4875 0.078125 0.1875
352 0.234375 0.504166666667 0.078125 0.1875
353 0.234375 0.504166666667 0.078125 0.1875
354 0.234375 0.504166666667 0.078125 0.1875
355 0.234375 0.504166666667 0.078125 0.1875
356 0.234375 0.525 0.078125 0.1875
357 0.234375 0.525 0.078125 0.1875
358 0.234375 0.525 0.078125 0.1875
359 0.234375 0.525 0.078125 0.1875
360 0.240625 0.529166666667 0.078125 0.1875
361 0.240625 0.529166666667 0.078125 0.1875
362 0.24375 0.533333333333 0.078125 0.1875
363 0.246875 0.533333333333 0.078125 0.1875
364 0.246875 0.533333333333 0.078125 0.1875
365 0.246875 0.529166666667 0.078125 0.1875
366 0.246875 0.529166666667 0.078125 0.1875
367 0.246875 0.533333333333 0.078125 0.1875
368 0.246875 0.5375 0.078125 0.1875
369 0.246875 0.55 0.078125 0.1875
370 0.246875 0.5625 0.078125 0.1875
371 0.246875 0.558333333333 0.078125 0.1875
372 0.240625 0.554166666667 0.078125 0.1875
373 0.240625 0.554166666667 0.078125 0.1875
374 0.240625 0.5625 0.078125 0.1875
375 0.240625 0.5625 0.078125 0.1875
376 0.240625 0.558333333333 0.078125 0.1875
377 0.2375 0.5625 0.078125 0.1875
378 0.23125 0.583333333333 0.078125 0.1875
379 0.23125 0.583333333333 0.078125 0.1875
380 0.23125 0.583333333333 0.078125 0.1875
381 0.23125 0.583333333333 0.078125 0.1875
382 0.228125 0.579166666667 0.078125 0.1875
383 0.2125 0.6 0.078125 0.1875
384 0.209375 0.6 0.078125 0.1875
385 0.2 0.591666666667 0.078125 0.1875
386 0.2 0.591666666667 0.078125 0.1875
387 0.19375 0.595833333333 0.078125 0.1875
388 0.1875 0.591666666667 0.078125 0.1875
389 0.178125 0.6125 0.078125 0.1875
390 0.178125 0.6125 0.078125 0.1875
391 0.175 0.629166666667 0.078125 0.1875
392 0.175 0.641666666667 0.078125 0.1875
393 0.175 0.65 0.078125 0.1875
394 0.175 0.6625 0.078125 0.1875
395 0.175 0.670833333333 0.078125 0.1875
396 0.178125 0.670833333333 0.078125 0.1875
397 0.178125 0.675 0.078125 0.1875
398 0.178125 0.675 0.078125 0.1875
399 0.178125 0.675 0.078125 0.1875
400 0.178125 0.670833333333 0.078125 0.1875
401 0.178125 0.670833333333 0.078125 0.1875
402 0.178125 0.670833333333 0.078125 0.1875
403 0.16875 0.666666666667 0.078125 0.1875
404 0.1625 0.666666666667 0.078125 0.1875
405 0.15625 0.6625 0.078125 0.1875
406 0.140625 0.654166666667 0.078125 0.1875
407 0.121875 0.683333333333 0.078125 0.1875
408 0.121875 0.683333333333 0.078125 0.1875
409 0.121875 0.683333333333 0.078125 0.1875
410 0.11875 0.683333333333 0.078125 0.1875
411 0.11875 0.683333333333 0.078125 0.1875
412 0.11875 0.683333333333 0.078125 0.1875
413 0.11875 0.683333333333 0.078125 0.1875
414 0.115625 0.720833333333 0.078125 0.1875
415 0.115625 0.720833333333 0.078125 0.1875
416 0.11875 0.725 0.078125 0.1875
417 0.11875 0.729166666667 0.078125 0.1875
418 0.11875 0.729166666667 0.078125 0.1875
419 0.11875 0.729166666667 0.078125 0.1875
420 0.11875 0.733333333333 0.078125 0.1875
421 0.11875 0.733333333333 0.078125 0.1875
422 0.11875 0.7375 0.078125 0.1875
423 0.11875 0.766666666667 0.078125 0.1875
424 0.11875 0.766666666667 0.078125 0.1875
425 0.11875 0.791666666667 0.078125 0.1875
426 0.125 0.791666666667 0.078125 0.1875
427 0.125 0.808333333333 0.078125 0.1875
428 0.128125 0.8125 0.078125 0.1875
429 0.1375 0.8125 0.078125 0.1875
430 0.14375 0.8125 0.078125 0.1875
431 0.15 0.8125 0.078125 0.1875
432 0.15 0.8125 0.078125 0.1875
433 0.159375 0.8125 0.078125 0.1875
434 0.159375 0.8125 0.078125 0.1875
435 0.159375 0.8125 0.078125 0.1875
436 0.159375 0.8125 0.078125 0.1875
437 0.1625 0.8125 0.078125 0.1875
438 0.1625 0.8125 0.078125 0.1875
439 0.1625 0.8125 0.078125 0.1875
440 0.1625 0.8125 0.078125 0.1875
441 0.1625 0.8125 0.078125 0.1875
442 0.16875 0.8125 0.078125 0.1875
443 0.16875 0.8125 0.078125 0.1875
444 0.18125 0.8125 0.078125 0.1875
445 0.190625 0.8125 0.078125 0.1875
446 0.20625 0.8125 0.078125 0.1875
447 0.20625 0.8125 0.078125 0.1875
448 0.20625 0.8125 0.078125 0.1875
449 0.20625 0.8125 0.078125 0.1875
450 0.20625 0.8 0.078125 0.1875
451 0.20625 0.791666666667 0.078125 0.1875
452 0.20625 0.783333333333 0.078125 0.1875
453 0.20625 0.783333333333 0.078125 0.1875
454 0.203125 0.783333333333 0.078125 0.1875
455 0.196875 0.779166666667 0.078125 0.1875
456 0.196875 0.779166666667 0.078125 0.1875
457 0.196875 0.779166666667 0.078125 0.1875
458 0.196875 0.779166666667 0.078125 0.1875
459 0.196875 0.791666666667 0.078125 0.1875
460 0.196875 0.8125 0.078125 0.1875
461 0.196875 0.8125 0.078125 0.1875
462 0.20625 0.8125 0.078125 0.1875
463 0.215625 0.8125 0.078125 0.1875
464 0.225 0.8125 0.078125 0.1875
465 0.2375 0.8125 0.078125 0.1875
466 0.246875 0.8125 0.078125 0.1875
467 0.253125 0.8125 0.078125 0.1875
468 0.259375 0.8125 0.078125 0.1875
469 0.2625 0.8125 0.078125 0.1875
470 0.26875 0.8125 0.078125 0.1875
471 0.26875 0.8125 0.078125 0.1875
472 0.271875 0.8125 0.078125 0.1875
473 0.271875 0.8125 0.078125 0.1875
474 0.271875 0.8125 0.078125 0.1875
475 0.271875 0.8125 0.078125 0.1875
476 0.271875 0.8125 0.078125 0.1875
477 0.271875 0.8125 0.078125 0.1875
478 0.26875 0.8125 0.078125 0.1875
479 0.26875 0.8125 0.078125 0.1875
480 0.26875 0.8125 0.078125 0.1875
481 0.26875 0.8125 0.078125 0.1875
482 0.26875 0.8125 0.078125 0.1875
483 0.26875 0.8125 0.078125 0.1875
484 0.26875 0.795833333333 0.078125 0.1875
485 0.26875 0.795833333333 0.078125 0.1875
486 0.26875 0.795833333333 0.078125 0.1875
487 0.26875 0.795833333333 0.078125 0.1875
488 0.26875 0.795833333333 0.078125 0.1875
489 0.265625 0.795833333333 0.078125 0.1875
490 0.265625 0.795833333333 0.078125 0.1875
491 0.2625 0.7875 0.078125 0.1875
492 0.259375 0.791666666667 0.078125 0.1875
493 0.259375 0.791666666667 0.078125 0.1875
494 0.259375 0.791666666667 0.078125 0.1875
495 0.25625 0.8125 0.078125 0.1875
496 0.253125 0.8125 0.078125 0.1875
497 0.253125 0.8125 0.078125 0.1875
498 0.253125 0.8125 0.078125 0.1875
499 0.253125 0.8125 0.078125 0.1875
500 0.253125 0.8125 0.078125 0.1875
501 0.25625 0.8125 0.078125 0.1875
502 0.25625 0.8125 0.078125 0.1875
503 0.2625 0.8125 0.078125 0.1875
504 0.265625 0.8125 0.078125 0.1875
505 0.275 0.8125 0.078125 0.1875
506 0.284375 0.8125 0.078125 0.1875
507 0.3 0.8125 0.078125 0.1875
508 0.3125 0.8125 0.078125 0.1875
509 0.325 0.8125 0.078125 0.1875
510 0.334375 0.8125 0.078125 0.1875
511 0.346875 0.8125 0.078125 0.1875
512 0.35625 0.8125 0.078125 0.1875
513 0.371875 0.7625 0.078125 0.1875
514 0.375 0.7375 0.078125 0.1875
515 0.38125 0.675 0.078125 0.1875
516 0.378125 0.608333333333 0.078125 0.1875
517 0.378125 0.566666666667 0.078125 0.1875
518 0.378125 0.566666666667 0.078125 0.1875
519 0.378125 0.566666666667 0.078125 0.1875
520 0.371875 0.566666666667 0.078125 0.1875
521 0.3625 0.579166666667 0.078125 0.1875
522 0.3625 0.579166666667 0.078125 0.1875
523 0.35 0.579166666667 0.078125 0.1875
524 0.35 0.5875 0.078125 0.1875
525 0.35 0.5875 0.078125 0.1875
526 0.35 0.583333333333 0.078125 0.1875
527 0.35 0.583333333333 0.078125 0.1875
528 0.35 0.583333333333 0.078125 0.1875
529 0.340625 0.55 0.078125 0.1875
530 0.340625 0.5375 0.078125 0.1875
531 0.3125 0.558333333333 0.078125 0.1875
532 0.3 0.495833333333 0.078125 0.1875
533 0.29375 0.475 0.078125 0.1875
534 0.29375 0.433333333333 0.078125 0.1875
535 0.275 0.433333333333 0.078125 0.1875
536 0.275 0.4375 0.078125 0.1875
537 0.275 0.433333333333 0.078125 0.1875
538 0.228125 0.416666666667 0.078125 0.1875
539 0.19375 0.416666666667 0.078125 0.1875
540 0.175 0.4125 0.078125 0.1875
541 0.171875 0.4125 0.078125 0.1875
542 0.175 0.408333333333 0.078125 0.1875
543 0.175 0.420833333333 0.078125 0.1875
544 0.175 0.420833333333 0.078125 0.1875
545 0.175 0.429166666667 0.078125 0.1875
546 0.165625 0.420833333333 0.078125 0.1875
547 0.165625 0.420833333333 0.078125 0.1875
548 0.165625 0.420833333333 0.078125 0.1875
549 0.165625 0.4375 0.078125 0.1875
550 0.165625 0.4375 0.078125 0.1875
551 0.165625 0.433333333333 0.078125 0.1875
552 0.190625 0.429166666667 0.078125 0.1875
553 0.190625 0.429166666667 0.078125 0.1875
554 0.178125 0.475 0.078125 0.1875
555 0.178125 0.45 0.078125 0.1875
556 0.178125 0.45 0.078125 0.1875
557 0.171875 0.45 0.078125 0.1875
558 0.171875 0.4375 0.078125 0.1875
559 0.171875 0.4375 0.078125 0.1875
560 0.171875 0.4375 0.078125 0.1875
561 0.171875 0.441666666667 0.078125 0.1875
562 0.171875 0.441666666667 0.078125 0.1875
563 0.16875 0.441666666667 0.078125 0.1875
564 0.159375 0.441666666667 0.078125 0.1875
565 0.14375 0.475 0.078125 0.1875
566 0.128125 0.504166666667 0.078125 0.1875
567 0.11875 0.479166666667 0.078125 0.1875
568 0.11875 0.479166666667 0.078125 0.1875
569 0.109375 0.4875 0.078125 0.1875
570 0.09375 0.504166666667 0.078125 0.1875
571 0.09375 0.504166666667 0.078125 0.1875
572 0.09375 0.504166666667 0.078125 0.1875
573 0.090625 0.504166666667 0.078125 0.1875
574 0.090625 0.504166666667 0.078125 0.1875
575 0.090625 0.504166666667 0.078125 0.1875
576 0.090625 0.504166666667 0.078125 0.1875
577 0.0875 0.504166666667 0.078125 0.1875
578 0.075 0.504166666667 0.078125 0.1875
579 0.075 0.520833333333 0.078125 0.1875
580 0.075 0.5125 0.078125 0.1875
581 0.075 0.5125 0.078125 0.1875
582 0.075 0.5125 0.078125 0.1875
583 0.06875 0.491666666667 0.078125 0.1875
584 0.0625 0.5 0.078125 0.1875
585 0.05625 0.5 0.078125 0.1875
586 0.05625 0.5 0.078125 0.1875
587 0.05625 0.495833333333 0.078125 0.1875
588 0.05625 0.495833333333 0.078125 0.1875
589 0.046875 0.495833333333 0.078125 0.1875
590 0.046875 0.504166666667 0.078125 0.1875
591 0.046875 0.508333333333 0.078125 0.1875
592 0.046875 0.508333333333 0.078125 0.1875
593 0.046875 0.508333333333 0.078125 0.1875
594 0.046875 0.520833333333 0.078125 0.1875
595 0.046875 0.516666666667 0.078125 0.1875
596 0.059375 0.516666666667 0.078125 0.1875
597 0.059375 0.525 0.078125 0.1875
598 0.021875 0.541666666667 0.078125 0.1875
599 0.021875 0.5375 0.078125 0.1875
600 0.021875 0.525 0.078125 0.1875
601 0.021875 0.525 0.078125 0.1875
602 0.0125 0.533333333333 0.078125 0.1875
603 0.03125 0.55 0.078125 0.1875
604 0.03125 0.554166666667 0.078125 0.1875
605 0.03125 0.55 0.078125 0.1875
606 0.0 0.491666666667 0.078125 0.1875
607 0.0 0.4375 0.078125 0.1875
608 0.00625 0.445833333333 0.078125 0.1875
609 0.0 0.504166666667 0.078125 0.1875
610 0.0 0.504166666667 0.078125 0.1875
611 0.0 0.504166666667 0.078125 0.1875
612 0.0 0.4625 0.078125 0.1875
613 0.028125 0.470833333333 0.078125 0.1875
614 0.028125 0.470833333333 0.078125 0.1875
615 0.015625 0.491666666667 0.078125 0.1875
616 0.0 0.491666666667 0.078125 0.1875
617 0.009375 0.475 0.078125 0.1875
618 0.009375 0.4875 0.078125 0.1875
619 0.009375 0.483333333333 0.078125 0.1875
620 0.009375 0.475 0.078125 0.1875
621 0.009375 0.475 0.078125 0.1875
622 0.009375 0.479166666667 0.078125 0.1875
623 0.0125 0.483333333333 0.078125 0.1875
624 0.021875 0.4875 0.078125 0.1875
625 0.0125 0.545833333333 0.078125 0.1875
626 0.00625 0.545833333333 0.078125 0.1875
627 0.00625 0.55 0.078125 0.1875
628 0.003125 0.545833333333 0.078125 0.1875
629 0.015625 0.520833333333 0.078125 0.1875
630 0.003125 0.558333333333 0.078125 0.1875
631 0.015625 0.541666666667 0.078125 0.1875
632 0.015625 0.541666666667 0.078125 0.1875
633 0.025 0.533333333333 0.078125 0.1875
634 0.03125 0.554166666667 0.078125 0.1875
635 0.03125 0.554166666667 0.078125 0.1875
636 0.021875 0.541666666667 0.078125 0.1875
637 0.0 0.533333333333 0.078125 0.1875
638 0.0 0.533333333333 0.078125 0.1875
639 0.0 0.554166666667 0.078125 0.1875
640 0.0 0.554166666667 0.078125 0.1875
641 0.0 0.570833333333 0.078125 0.1875
642 0.0 0.529166666667 0.078125 0.1875
643 0.0 0.529166666667 0.078125 0.1875
644 0.0 0.529166666667 0.078125 0.1875
645 0.0 0.529166666667 0.078125 0.1875
646 0.0 0.529166666667 0.078125 0.1875
647 0.0 0.479166666667 0.078125 0.1875
648 0.0 0.475 0.078125 0.1875
649 0.021875 0.475 0.078125 0.1875
650 0.00625 0.470833333333 0.078125 0.1875
651 0.00625 0.5 0.078125 0.1875
652 0.025 0.5 0.078125 0.1875
653 0.025 0.5 0.078125 0.1875
654 0.025 0.495833333333 0.078125 0.1875
655 0.0 0.466666666667 0.078125 0.1875
656 0.028125 0.483333333333 0.078125 0.1875
657 0.028125 0.475 0.078125 0.1875
658 0.028125 0.458333333333 0.078125 0.1875
659 0.028125 0.470833333333 0.078125 0.1875
660 0.028125 0.4625 0.078125 0.1875
661 0.028125 0.45 0.078125 0.1875
662 0.028125 0.45 0.078125 0.1875
663 0.028125 0.454166666667 0.078125 0.1875
664 0.028125 0.454166666667 0.078125 0.1875
665 0.028125 0.491666666667 0.078125 0.1875
666 0.028125 0.491666666667 0.078125 0.1875
667 0.028125 0.491666666667 0.078125 0.1875
668 0.00625 0.541666666667 0.078125 0.1875
669 0.00625 0.654166666667 0.078125 0.1875
670 0.03125 0.675 0.078125 0.1875
671 0.034375 0.675 0.078125 0.1875
672 0.05 0.6875 0.078125 0.1875
673 0.05 0.6875 0.078125 0.1875
674 0.05 0.675 0.078125 0.1875
675 0.05625 0.6875 0.078125 0.1875
676 0.065625 0.691666666667 0.078125 0.1875
677 0.0625 0.679166666667 0.078125 0.1875
678 0.0625 0.679166666667 0.078125 0.1875
679 0.065625 0.679166666667 0.078125 0.1875
680 0.065625 0.679166666667 0.078125 0.1875
681 0.06875 0.679166666667 0.078125 0.1875
682 0.06875 0.683333333333 0.078125 0.1875
683 0.06875 0.683333333333 0.078125 0.1875
684 0.06875 0.6875 0.078125 0.1875
685 0.06875 0.691666666667 0.078125 0.1875
686 0.0625 0.691666666667 0.078125 0.1875
687 0.04375 0.691666666667 0.078125 0.1875
688 0.040625 0.691666666667 0.078125 0.1875
689 0.040625 0.695833333333 0.078125 0.1875
690 0.040625 0.695833333333 0.078125 0.1875
691 0.04375 0.695833333333 0.078125 0.1875
692 0.04375 0.625 0.078125 0.1875
693 0.04375 0.570833333333 0.078125 0.1875
694 0.04375 0.570833333333 0.078125 0.1875
695 0.04375 0.541666666667 0.078125 0.1875
696 0.04375 0.55 0.078125 0.1875
697 0.03125 0.579166666667 0.078125 0.1875
698 0.025 0.570833333333 0.078125 0.1875
699 0.025 0.6 0.078125 0.1875
700 0.025 0.6 0.078125 0.1875
701 0.025 0.6 0.078125 0.1875
702 0.025 0.5875 0.078125 0.1875
703 0.025 0.583333333333 0.078125 0.1875
704 0.0125 0.575 0.078125 0.1875
705 0.0 0.479166666667 0.078125 0.1875
706 0.0 0.454166666667 0.078125 0.1875
707 0.0 0.454166666667 0.078125 0.1875
708 0.0 0.454166666667 0.078125 0.1875
709 0.0 0.454166666667 0.078125 0.1875
710 0.0 0.458333333333 0.078125 0.1875
711 0.0 0.470833333333 0.078125 0.1875
712 0.0 0.504166666667 0.078125 0.1875
713 0.0 0.504166666667 0.078125 0.1875
714 0.0 0.479166666667 0.078125 0.1875
715 0.0 0.475 0.078125 0.1875
716 0.0 0.475 0.078125 0.1875
717 0.0 0.466666666667 0.078125 0.1875
718 0.0125 0.4375 0.078125 0.1875
719 0.009375 0.433333333333 0.078125 0.1875
720 0.009375 0.395833333333 0.078125 0.1875
721 0.009375 0.395833333333 0.078125 0.1875
722 0.009375 0.395833333333 0.078125 0.1875
723 0.009375 0.408333333333 0.078125 0.1875
724 0.009375 0.408333333333 0.078125 0.1875
725 0.009375 0.395833333333 0.078125 0.1875
726 0.009375 0.395833333333 0.078125 0.1875
727 0.0 0.395833333333 0.078125 0.1875
728 0.0 0.395833333333 0.078125 0.1875
729 0.0 0.395833333333 0.078125 0.1875
730 0.0 0.395833333333 0.078125 0.1875
731 0.0 0.395833333333 0.078125 0.1875
732 0.0 0.395833333333 0.078125 0.1875
733 0.00625 0.375 0.078125 0.1875
734 0.00625 0.375 0.078125 0.1875
735 0.0 0.379166666667 0.078125 0.1875
736 0.0 0.379166666667 0.078125 0.1875
737 0.0 0.379166666667 0.078125 0.1875
738 0.0 0.379166666667 0.078125 0.1875
739 0.0 0.379166666667 0.078125 0.1875
740 0.0 0.379166666667 0.078125 0.1875
741 0.0 0.379166666667 0.078125 0.1875
742 0.0 0.404166666667 0.078125 0.1875
743 0.0 0.4125 0.078125 0.1875
744 0.0 0.4125 0.078125 0.1875
745 0.0 0.420833333333 0.078125 0.1875
746 0.0 0.45 0.078125 0.1875
747 0.0 0.45 0.078125 0.1875
748 0.0 0.454166666667 0.078125 0.1875
749 0.0 0.454166666667 0.078125 0.1875
750 0.0 0.508333333333 0.078125 0.1875
751 0.0 0.508333333333 0.078125 0.1875
752 0.0 0.495833333333 0.078125 0.1875
753 0.0125 0.520833333333 0.078125 0.1875
754 0.0125 0.529166666667 0.078125 0.1875
755 0.0125 0.533333333333 0.078125 0.1875
756 0.0125 0.533333333333 0.078125 0.1875
757 0.0125 0.5375 0.078125 0.1875
758 0.0125 0.5375 0.078125 0.1875
759 0.0125 0.533333333333 0.078125 0.1875
760 0.015625 0.525 0.078125 0.1875
761 0.015625 0.525 0.078125 0.1875
762 0.0125 0.525 0.078125 0.1875
763 0.0125 0.533333333333 0.078125 0.1875
764 0.01875 0.533333333333 0.078125 0.1875
765 0.0 0.4625 0.078125 0.1875
766 0.0 0.458333333333 0.078125 0.1875
767 0.0 0.491666666667 0.078125 0.1875
768 0.0 0.491666666667 0.078125 0.1875
769 0.0 0.491666666667 0.078125 0.1875
770 0.0 0.491666666667 0.078125 0.1875
771 0.0 0.491666666667 0.078125 0.1875
772 0.0 0.491666666667 0.078125 0.1875
773 0.0 0.5 0.078125 0.1875
774 0.0 0.570833333333 0.078125 0.1875
775 0.0 0.575 0.078125 0.1875
776 0.0 0.579166666667 0.078125 0.1875
777 0.0 0.570833333333 0.078125 0.1875
778 0.0 0.5875 0.078125 0.1875
779 0.0 0.6 0.078125 0.1875
780 0.053125 0.541666666667 0.078125 0.1875
781 0.053125 0.541666666667 0.078125 0.1875
782 0.05625 0.5875 0.078125 0.1875
783 0.0625 0.595833333333 0.078125 0.1875
784 0.05625 0.583333333333 0.078125 0.1875
785 0.053125 0.583333333333 0.078125 0.1875
786 0.04375 0.608333333333 0.078125 0.1875
787 0.021875 0.6125 0.078125 0.1875
788 0.025 0.6125 0.078125 0.1875
789 0.021875 0.616666666667 0.078125 0.1875
790 0.015625 0.6125 0.078125 0.1875
791 0.015625 0.608333333333 0.078125 0.1875
792 0.0125 0.6125 0.078125 0.1875
793 0.0125 0.6125 0.078125 0.1875
794 0.009375 0.6125 0.078125 0.1875
795 0.0 0.579166666667 0.078125 0.1875
796 0.0 0.579166666667 0.078125 0.1875
797 0.0 0.579166666667 0.078125 0.1875
798 0.0 0.570833333333 0.078125 0.1875
799 0.0 0.570833333333 0.078125 0.1875
800 0.0 0.558333333333 0.078125 0.1875
801 0.0 0.579166666667 0.078125 0.1875
802 0.0 0.583333333333 0.078125 0.1875
803 0.0 0.583333333333 0.078125 0.1875
804 0.0 0.604166666667 0.078125 0.1875
805 0.0 0.591666666667 0.078125 0.1875
806 0.0 0.591666666667 0.078125 0.1875
807 0.0 0.591666666667 0.078125 0.1875
808 0.0 0.595833333333 0.078125 0.1875
809 0.0 0.5875 0.078125 0.1875
810 0.0 0.591666666667 0.078125 0.1875
811 0.0 0.591666666667 0.078125 0.1875
812 0.0 0.545833333333 0.078125 0.1875
813 0.0 0.5625 0.078125 0.1875
814 0.0 0.5625 0.078125 0.1875
815 0.0 0.566666666667 0.078125 0.1875
816 0.0 0.566666666667 0.078125 0.1875
817 0.0 0.566666666667 0.078125 0.1875
818 0.0 0.575 0.078125 0.1875
819 0.0 0.5875 0.078125 0.1875
820 0.0 0.5875 0.078125 0.1875
821 0.0 0.5875 0.078125 0.1875
822 0.0 0.5875 0.078125 0.1875
823 0.0 0.570833333333 0.078125 0.1875
824 0.0 0.558333333333 0.078125 0.1875
825 0.0 0.558333333333 0.078125 0.1875
826 0.0 0.55 0.078125 0.1875
827 0.0 0.525 0.078125 0.1875
828 0.0 0.533333333333 0.078125 0.1875
829 0.0 0.533333333333 0.078125 0.1875
830 0.0 0.516666666667 0.078125 0.1875
831 0.0 0.516666666667 0.078125 0.1875
832 0.0 0.520833333333 0.078125 0.1875
833 0.0 0.525 0.078125 0.1875
834 0.003125 0.525 0.078125 0.1875
835 0.00625 0.508333333333 0.078125 0.1875
836 0.00625 0.508333333333 0.078125 0.1875
837 0.003125 0.529166666667 0.078125 0.1875
838 0.003125 0.525 0.078125 0.1875
839 0.003125 0.525 0.078125 0.1875
840 0.0 0.520833333333 0.078125 0.1875
841 0.0 0.520833333333 0.078125 0.1875
842 0.0 0.545833333333 0.078125 0.1875
843 0.0 0.558333333333 0.078125 0.1875
844 0.0 0.558333333333 0.078125 0.1875
845 0.0 0.5625 0.078125 0.1875
846 0.0 0.566666666667 0.078125 0.1875
847 0.0 0.566666666667 0.078125 0.1875
848 0.0 0.566666666667 0.078125 0.1875
849 0.0 0.566666666667 0.078125 0.1875
850 0.0 0.566666666667 0.078125 0.1875
851 0.0 0.558333333333 0.078125 0.1875
852 0.0 0.570833333333 0.078125 0.1875
853 0.0 0.575 0.078125 0.1875
854 0.0 0.575 0.078125 0.1875
855 0.0 0.595833333333 0.078125 0.1875
856 0.0 0.595833333333 0.078125 0.1875
857 0.0 0.533333333333 0.078125 0.1875
858 0.0 0.533333333333 0.078125 0.1875
859 0.0 0.479166666667 0.078125 0.1875
860 0.0 0.479166666667 0.078125 0.1875
861 0.0 0.479166666667 0.078125 0.1875
862 0.0 0.504166666667 0.078125 0.1875
863 0.0 0.370833333333 0.078125 0.1875
864 0.0 0.370833333333 0.078125 0.1875
865 0.0 0.358333333333 0.078125 0.1875
866 0.0 0.358333333333 0.078125 0.1875
867 0.0 0.3125 0.078125 0.1875
868 0.0 0.304166666667 0.078125 0.1875
869 0.0 0.320833333333 0.078125 0.1875
870 0.0 0.320833333333 0.078125 0.1875
871 0.0 0.320833333333 0.078125 0.1875
872 0.0 0.320833333333 0.078125 0.1875
873 0.0 0.316666666667 0.078125 0.1875
874 0.0 0.316666666667 0.078125 0.1875
875 0.0 0.320833333333 0.078125 0.1875
876 0.0 0.320833333333 0.078125 0.1875
877 0.0 0.316666666667 0.078125 0.1875
878 0.0 0.3125 0.078125 0.1875
879 0.0 0.3125 0.078125 0.1875
880 0.0 0.3125 0.078125 0.1875
881 0.0 0.3125 0.078125 0.1875
882 0.0 0.308333333333 0.078125 0.1875
883 0.0 0.295833333333 0.078125 0.1875
884 0.0 0.295833333333 0.078125 0.1875
885 0.0 0.2125 0.078125 0.1875
886 0.0 0.2125 0.078125 0.1875
887 0.0 0.2125 0.078125 0.1875
888 0.0 0.233333333333 0.078125 0.1875
889 0.0 0.2375 0.078125 0.1875
890 0.0 0.2375 0.078125 0.1875
891 0.0 0.2375 0.078125 0.1875
892 0.0 0.204166666667 0.078125 0.1875
893 0.0 0.191666666667 0.078125 0.1875
894 0.0 0.191666666667 0.078125 0.1875
895 0.0 0.204166666667 0.078125 0.1875
896 0.0 0.2 0.078125 0.1875
897 0.0 0.2 0.078125 0.1875
898 0.0 0.220833333333 0.078125 0.1875
899 0.0 0.229166666667 0.078125 0.1875
900 0.0 0.245833333333 0.078125 0.1875
901 0.0 0.254166666667 0.078125 0.1875
902 0.0 0.266666666667 0.078125 0.1875
903 0.0 0.2875 0.078125 0.1875
904 0.0 0.3125 0.078125 0.1875
905 0.0 0.320833333333 0.078125 0.1875
906 0.0 0.320833333333 0.078125 0.1875
907 0.0 0.320833333333 0.078125 0.1875
908 0.0 0.316666666667 0.078125 0.1875
909 0.0 0.308333333333 0.078125 0.1875
910 0.0 0.295833333333 0.078125 0.1875
911 0.0 0.283333333333 0.078125 0.1875
912 0.0 0.279166666667 0.078125 0.1875
913 0.03125 0.391666666667 0.078125 0.1875
914 0.03125 0.383333333333 0.078125 0.1875
915 0.025 0.383333333333 0.078125 0.1875
916 0.0 0.3375 0.078125 0.1875
917 0.0 0.316666666667 0.078125 0.1875
918 0.009375 0.383333333333 0.078125 0.1875
919 0.009375 0.391666666667 0.078125 0.1875
920 0.0 0.404166666667 0.078125 0.1875
921 0.0 0.404166666667 0.078125 0.1875
922 0.0 0.416666666667 0.078125 0.1875
923 0.0 0.416666666667 0.078125 0.1875
924 0.0 0.416666666667 0.078125 0.1875
925 0.0 0.416666666667 0.078125 0.1875
926 0.0 0.354166666667 0.078125 0.1875
927 0.0 0.3625 0.078125 0.1875
928 0.0 0.354166666667 0.078125 0.1875
929 0.0 0.354166666667 0.078125 0.1875
930 0.0 0.354166666667 0.078125 0.1875
931 0.0 0.354166666667 0.078125 0.1875
932 0.0 0.354166666667 0.078125 0.1875
933 0.0 0.354166666667 0.078125 0.1875
934 0.0 0.354166666667 0.078125 0.1875
935 0.0 0.354166666667 0.078125 0.1875
936 0.0 0.354166666667 0.078125 0.1875
937 0.0 0.354166666667 0.078125 0.1875
938 0.0 0.354166666667 0.078125 0.1875
939 0.0 0.354166666667 0.078125 0.1875
940 0.0 0.379166666667 0.078125 0.1875
941 0.0 0.408333333333 0.078125 0.1875
942 0.0 0.408333333333 0.078125 0.1875
943 0.0 0.408333333333 0.078125 0.1875
944 0.0 0.425 0.078125 0.1875
945 0.0 0.45 0.078125 0.1875
946 0.0 0.504166666667 0.078125 0.1875
947 0.003125 0.508333333333 0.078125 0.1875
948 0.009375 0.5375 0.078125 0.1875
949 0.009375 0.554166666667 0.078125 0.1875
950 0.009375 0.570833333333 0.078125 0.1875
951 0.009375 0.570833333333 0.078125 0.1875
952 0.015625 0.545833333333 0.078125 0.1875
953 0.028125 0.5 0.078125 0.1875
954 0.028125 0.5125 0.078125 0.1875
955 0.028125 0.5375 0.078125 0.1875
956 0.028125 0.533333333333 0.078125 0.1875
957 0.028125 0.533333333333 0.078125 0.1875
958 0.028125 0.533333333333 0.078125 0.1875
959 0.028125 0.541666666667 0.078125 0.1875
960 0.028125 0.545833333333 0.078125 0.1875
961 0.028125 0.545833333333 0.078125 0.1875
962 0.028125 0.554166666667 0.078125 0.1875
963 0.028125 0.558333333333 0.078125 0.1875
964 0.028125 0.558333333333 0.078125 0.1875
965 0.028125 0.558333333333 0.078125 0.1875
966 0.01875 0.558333333333 0.078125 0.1875
967 0.01875 0.566666666667 0.078125 0.1875
968 0.015625 0.566666666667 0.078125 0.1875
969 0.0125 0.566666666667 0.078125 0.1875
970 0.0125 0.570833333333 0.078125 0.1875
971 0.009375 0.575 0.078125 0.1875
972 0.003125 0.575 0.078125 0.1875
973 0.003125 0.575 0.078125 0.1875
974 0.003125 0.566666666667 0.078125 0.1875
975 0.003125 0.566666666667 0.078125 0.1875
976 0.003125 0.558333333333 0.078125 0.1875
977 0.003125 0.579166666667 0.078125 0.1875
978 0.003125 0.579166666667 0.078125 0.1875
979 0.003125 0.591666666667 0.078125 0.1875
980 0.003125 0.591666666667 0.078125 0.1875
981 0.003125 0.5875 0.078125 0.1875
982 0.003125 0.554166666667 0.078125 0.1875
983 0.003125 0.558333333333 0.078125 0.1875
984 0.003125 0.5625 0.078125 0.1875
985 0.003125 0.570833333333 0.078125 0.1875
986 0.003125 0.575 0.078125 0.1875
987 0.003125 0.608333333333 0.078125 0.1875
988 0.003125 0.608333333333 0.078125 0.1875
989 0.03125 0.641666666667 0.078125 0.1875
990 0.03125 0.616666666667 0.078125 0.1875
991 0.03125 0.616666666667 0.078125 0.1875
992 0.04375 0.616666666667 0.078125 0.1875
993 0.046875 0.620833333333 0.078125 0.1875
994 0.04375 0.625 0.078125 0.1875
995 0.0375 0.625 0.078125 0.1875
996 0.03125 0.641666666667 0.078125 0.1875
997 0.025 0.641666666667 0.078125 0.1875
998 0.025 0.641666666667 0.078125 0.1875
999 0.025 0.641666666667 0.078125 0.1875
1000 0.009375 0.679166666667 0.078125 0.1875
1001 0.009375 0.679166666667 0.078125 0.1875
1002 0.009375 0.679166666667 0.078125 0.1875
1003 0.009375 0.679166666667 0.078125 0.1875
1004 0.009375 0.683333333333 0.078125 0.1875
1005 0.009375 0.683333333333 0.078125 0.1875
1006 0.009375 0.6875 0.078125 0.1875
1007 0.009375 0.6875 0.078125 0.1875
1008 0.009375 0.7 0.078125 0.1875
1009 0.015625 0.6875 0.078125 0.1875
1010 0.015625 0.6875 0.078125 0.1875
1011 0.015625 0.695833333333 0.078125 0.1875
1012 0.015625 0.695833333333 0.078125 0.1875
1013 0.015625 0.666666666667 0.078125 0.1875
1014 0.015625 0.666666666667 0.078125 0.1875
1015 0.015625 0.666666666667 0.078125 0.1875
1016 0.015625 0.695833333333 0.078125 0.1875
1017 0.015625 0.704166666667 0.078125 0.1875
1018 0.015625 0.708333333333 0.078125 0.1875
1019 0.015625 0.708333333333 0.078125 0.1875
1020 0.0125 0.695833333333 0.078125 0.1875
1021 0.003125 0.691666666667 0.078125 0.1875
1022 0.0 0.691666666667 0.078125 0.1875
1023 0.0 0.691666666667 0.078125 0.1875
1024 0.0 0.691666666667 0.078125 0.1875
1025 0.0 0.65 0.078125 0.1875
1026 0.0 0.65 0.078125 0.1875
1027 0.0 0.65 0.078125 0.1875
1028 0.0 0.65 0.078125 0.1875
1029 0.0 0.695833333333 0.078125 0.1875
1030 0.0 0.695833333333 0.078125 0.1875
1031 0.0 0.695833333333 0.078125 0.1875
1032 0.0 0.695833333333 0.078125 0.1875
1033 0.0 0.695833333333 0.078125 0.1875
1034 0.0 0.679166666667 0.078125 0.1875
1035 0.0 0.658333333333 0.078125 0.1875
1036 0.0 0.658333333333 0.078125 0.1875
1037 0.0 0.720833333333 0.078125 0.1875
1038 0.0 0.720833333333 0.078125 0.1875
1039 0.0 0.729166666667 0.078125 0.1875
1040 0.0 0.729166666667 0.078125 0.1875
1041 0.0 0.729166666667 0.078125 0.1875
1042 0.0 0.729166666667 0.078125 0.1875
1043 0.0 0.729166666667 0.078125 0.1875
1044 0.0 0.729166666667 0.078125 0.1875
1045 0.0 0.729166666667 0.078125 0.1875
1046 0.0 0.779166666667 0.078125 0.1875
1047 0.0 0.779166666667 0.078125 0.1875
1048 0.0 0.779166666667 0.078125 0.1875
1049 0.0 0.779166666667 0.078125 0.1875
1050 0.0 0.779166666667 0.078125 0.1875
1051 0.0 0.808333333333 0.078125 0.1875
1052 0.0 0.808333333333 0.078125 0.1875
1053 0.0 0.804166666667 0.078125 0.1875
1054 0.0 0.804166666667 0.078125 0.1875
1055 0.0 0.804166666667 0.078125 0.1875
1056 0.0 0.808333333333 0.078125 0.1875
1057 0.0 0.8 0.078125 0.1875
1058 0.0 0.775 0.078125 0.1875
1059 0.0 0.770833333333 0.078125 0.1875
1060 0.0 0.758333333333 0.078125 0.1875
1061 0.0 0.741666666667 0.078125 0.1875
1062 0.0 0.741666666667 0.078125 0.1875
1063 0.0 0.741666666667 0.078125 0.1875
1064 0.0 0.75 0.078125 0.1875
1065 0.0 0.75 0.078125 0.1875
1066 0.0 0.75 0.078125 0.1875
1067 0.0 0.75 0.078125 0.1875
1068 0.0 0.75 0.078125 0.1875
1069 0.0 0.741666666667 0.078125 0.1875
1070 0.0 0.758333333333 0.078125 0.1875
1071 0.0 0.758333333333 0.078125 0.1875
1072 0.0 0.758333333333 0.078125 0.1875
1073 0.0 0.754166666667 0.078125 0.1875
1074 0.0 0.754166666667 0.078125 0.1875
1075 0.0 0.770833333333 0.078125 0.1875
1076 0.0 0.770833333333 0.078125 0.1875
1077 0.0 0.775 0.078125 0.1875
1078 0.0 0.8125 0.078125 0.1875
1079 0.0 0.8125 0.078125 0.1875
1080 0.0 0.8125 0.078125 0.1875
1081 0.0 0.8125 0.078125 0.1875
1082 0.0 0.8125 0.078125 0.1875
1083 0.0 0.8125 0.078125 0.1875
1084 0.0 0.8125 0.078125 0.1875
1085 0.0 0.8125 0.078125 0.1875
1086 0.0 0.654166666667 0.078125 0.1875
1087 0.0 0.675 0.078125 0.1875
1088 0.0 0.675 0.078125 0.1875
1089 0.0 0.675 0.078125 0.1875
1090 0.0 0.6625 0.078125 0.1875
1091 0.0 0.675 0.078125 0.1875
1092 0.0 0.679166666667 0.078125 0.1875
1093 0.0 0.704166666667 0.078125 0.1875
1094 0.0 0.679166666667 0.078125 0.1875
1095 0.0 0.695833333333 0.078125 0.1875
1096 0.0 0.670833333333 0.078125 0.1875
1097 0.0 0.654166666667 0.078125 0.1875
1098 0.0 0.633333333333 0.078125 0.1875
1099 0.0 0.625 0.078125 0.1875
1100 0.0 0.620833333333 0.078125 0.1875
1101 0.0 0.604166666667 0.078125 0.1875
1102 0.0 0.6 0.078125 0.1875
1103 0.0 0.595833333333 0.078125 0.1875
1104 0.0 0.5875 0.078125 0.1875
1105 0.0 0.5875 0.078125 0.1875
1106 0.0 0.5875 0.078125 0.1875
1107 0.0 0.583333333333 0.078125 0.1875
1108 0.0 0.583333333333 0.078125 0.1875
1109 0.0 0.6125 0.078125 0.1875
1110 0.0 0.620833333333 0.078125 0.1875
1111 0.0 0.629166666667 0.078125 0.1875
1112 0.0 0.620833333333 0.078125 0.1875
1113 0.0 0.620833333333 0.078125 0.1875
1114 0.0 0.620833333333 0.078125 0.1875
1115 0.0 0.616666666667 0.078125 0.1875
1116 0.0 0.625 0.078125 0.1875
1117 0.0 0.620833333333 0.078125 0.1875
1118 0.0 0.629166666667 0.078125 0.1875
1119 0.0 0.645833333333 0.078125 0.1875
1120 0.0 0.645833333333 0.078125 0.1875
1121 0.0 0.645833333333 0.078125 0.1875
1122 0.0 0.65 0.078125 0.1875
1123 0.0 0.6625 0.078125 0.1875
1124 0.0 0.6625 0.078125 0.1875
1125 0.0 0.6625 0.078125 0.1875
1126 0.0 0.6625 0.078125 0.1875
1127 0.0 0.65 0.078125 0.1875
1128 0.0 0.670833333333 0.078125 0.1875
1129 0.0 0.670833333333 0.078125 0.1875
1130 0.0375 0.725 0.078125 0.1875
1131 0.0625 0.8125 0.078125 0.1875
1132 0.0625 0.8125 0.078125 0.1875
1133 0.0625 0.8125 0.078125 0.1875
1134 0.071875 0.8125 0.078125 0.1875
1135 0.084375 0.8125 0.078125 0.1875
1136 0.0875 0.8125 0.078125 0.1875
1137 0.1 0.8125 0.078125 0.1875
1138 0.1 0.8125 0.078125 0.1875
1139 0.1 0.8125 0.078125 0.1875
1140 0.11875 0.8125 0.078125 0.1875
1141 0.11875 0.8125 0.078125 0.1875
1142 0.11875 0.8125 0.078125 0.1875
1143 0.11875 0.8125 0.078125 0.1875
1144 0.11875 0.8125 0.078125 0.1875
1145 0.071875 0.8125 0.078125 0.1875
1146 0.059375 0.8125 0.078125 0.1875
1147 0.059375 0.8125 0.078125 0.1875
1148 0.059375 0.791666666667 0.078125 0.1875
1149 0.059375 0.754166666667 0.078125 0.1875
1150 0.0625 0.708333333333 0.078125 0.1875
1151 0.0625 0.708333333333 0.078125 0.1875
1152 0.0625 0.670833333333 0.078125 0.1875
1153 0.0625 0.670833333333 0.078125 0.1875
1154 0.0625 0.629166666667 0.078125 0.1875
1155 0.0625 0.579166666667 0.078125 0.1875
1156 0.0625 0.579166666667 0.078125 0.1875
1157 0.0625 0.516666666667 0.078125 0.1875
1158 0.0625 0.454166666667 0.078125 0.1875
1159 0.059375 0.420833333333 0.078125 0.1875
1160 0.059375 0.379166666667 0.078125 0.1875
1161 0.0375 0.316666666667 0.078125 0.1875
1162 0.0375 0.258333333333 0.078125 0.1875
1163 0.0375 0.195833333333 0.078125 0.1875
1164 0.0375 0.191666666667 0.078125 0.1875
1165 0.0125 0.229166666667 0.078125 0.1875
1166 0.0 0.2125 0.078125 0.1875
1167 0.0 0.191666666667 0.078125 0.1875
1168 0.0 0.145833333333 0.078125 0.1875
1169 0.0 0.1875 0.078125 0.1875
1170 0.0 0.208333333333 0.078125 0.1875
1171 0.0 0.208333333333 0.078125 0.1875
1172 0.0 0.208333333333 0.078125 0.1875
1173 0.0 0.1125 0.078125 0.1875
1174 0.0 0.1125 0.078125 0.1875
1175 0.0 0.108333333333 0.078125 0.1875
1176 0.0 0.1125 0.078125 0.1875
1177 0.028125 0.0833333333333 0.078125 0.1875
1178 0.028125 0.0833333333333 0.078125 0.1875
1179 0.028125 0.0916666666667 0.078125 0.1875
1180 0.028125 0.1375 0.078125 0.1875
1181 0.028125 0.1125 0.078125 0.1875
1182 0.034375 0.1125 0.078125 0.1875
1183 0.034375 0.075 0.078125 0.1875
1184 0.034375 0.0625 0.078125 0.1875
1185 0.034375 0.0708333333333 0.078125 0.1875
1186 0.034375 0.0708333333333 0.078125 0.1875
1187 0.034375 0.0791666666667 0.078125 0.1875
1188 0.046875 0.104166666667 0.078125 0.1875
1189 0.046875 0.179166666667 0.078125 0.1875
1190 0.078125 0.179166666667 0.078125 0.1875
1191 0.078125 0.15 0.078125 0.1875
1192 0.06875 0.15 0.078125 0.1875
1193 0.06875 0.15 0.078125 0.1875
1194 0.05625 0.154166666667 0.078125 0.1875
1195 0.028125 0.141666666667 0.078125 0.1875
1196 0.0 0.129166666667 0.078125 0.1875
1197 0.0 0.129166666667 0.078125 0.1875
1198 0.0 0.141666666667 0.078125 0.1875
1199 0.0 0.15 0.078125 0.1875
1200 0.0 0.15 0.078125 0.1875
1201 0.0 0.175 0.078125 0.1875
1202 0.0 0.1875 0.078125 0.1875
1203 0.0 0.216666666667 0.078125 0.1875
1204 0.0 0.25 0.078125 0.1875
1205 0.0 0.270833333333 0.078125 0.1875
1206 0.0 0.2625 0.078125 0.1875
1207 0.0 0.241666666667 0.078125 0.1875
1208 0.0 0.170833333333 0.078125 0.1875
1209 0.0 0.1 0.078125 0.1875
1210 0.0 0.0916666666667 0.078125 0.1875
1211 0.0 0.125 0.078125 0.1875
1212 0.0 0.125 0.078125 0.1875
1213 0.0 0.0958333333333 0.078125 0.1875
1214 0.0 0.120833333333 0.078125 0.1875
1215 0.0 0.120833333333 0.078125 0.1875
1216 0.0 0.120833333333 0.078125 0.1875
1217 0.0 0.0625 0.078125 0.1875
1218 0.0 0.0541666666667 0.078125 0.1875
1219 0.0375 0.0 0.078125 0.1875
1220 0.08125 0.0 0.078125 0.1875
1221 0.096875 0.00416666666667 0.078125 0.1875
1222 0.109375 0.0416666666667 0.078125 0.1875
1223 0.10625 0.0625 0.078125 0.1875
1224 0.103125 0.0708333333333 0.078125 0.1875
1225 0.078125 0.0625 0.078125 0.1875
1226 0.078125 0.0666666666667 0.078125 0.1875
1227 0.078125 0.0666666666667 0.078125 0.1875
1228 0.078125 0.075 0.078125 0.1875
1229 0.090625 0.104166666667 0.078125 0.1875
1230 0.090625 0.104166666667 0.078125 0.1875
1231 0.090625 0.120833333333 0.078125 0.1875
1232 0.090625 0.125 0.078125 0.1875
1233 0.090625 0.145833333333 0.078125 0.1875
1234 0.0875 0.15 0.078125 0.1875
1235 0.0875 0.15 0.078125 0.1875
1236 0.0875 0.15 0.078125 0.1875
1237 0.0875 0.15 0.078125 0.1875
1238 0.0875 0.15 0.078125 0.1875
1239 0.0875 0.175 0.078125 0.1875
1240 0.0875 0.170833333333 0.078125 0.1875
1241 0.065625 0.158333333333 0.078125 0.1875
1242 0.0625 0.1625 0.078125 0.1875
1243 0.059375 0.1625 0.078125 0.1875
1244 0.0625 0.166666666667 0.078125 0.1875
1245 0.065625 0.166666666667 0.078125 0.1875
1246 0.065625 0.158333333333 0.078125 0.1875
1247 0.065625 0.1375 0.078125 0.1875
1248 0.065625 0.133333333333 0.078125 0.1875
1249 0.065625 0.133333333333 0.078125 0.1875
1250 0.065625 0.1375 0.078125 0.1875
1251 0.0375 0.1125 0.078125 0.1875
1252 0.0375 0.1125 0.078125 0.1875
1253 0.0375 0.120833333333 0.078125 0.1875
1254 0.028125 0.116666666667 0.078125 0.1875
1255 0.0125 0.0916666666667 0.078125 0.1875
1256 0.0125 0.0916666666667 0.078125 0.1875
1257 0.0125 0.0916666666667 0.078125 0.1875
1258 0.0125 0.0875 0.078125 0.1875
1259 0.0125 0.0875 0.078125 0.1875
1260 0.0125 0.108333333333 0.078125 0.1875
1261 0.0125 0.1125 0.078125 0.1875
1262 0.0125 0.116666666667 0.078125 0.1875
1263 0.0125 0.129166666667 0.078125 0.1875
1264 0.0125 0.129166666667 0.078125 0.1875
1265 0.0125 0.158333333333 0.078125 0.1875
1266 0.0 0.141666666667 0.078125 0.1875
1267 0.0 0.141666666667 0.078125 0.1875
1268 0.0 0.145833333333 0.078125 0.1875
1269 0.0 0.154166666667 0.078125 0.1875
1270 0.0 0.166666666667 0.078125 0.1875
1271 0.0 0.170833333333 0.078125 0.1875
1272 0.0 0.175 0.078125 0.1875
1273 0.0 0.183333333333 0.078125 0.1875
1274 0.0 0.1875 0.078125 0.1875
1275 0.0 0.183333333333 0.078125 0.1875
1276 0.0 0.183333333333 0.078125 0.1875
1277 0.0 0.1875 0.078125 0.1875
1278 0.0 0.1875 0.078125 0.1875
1279 0.0 0.195833333333 0.078125 0.1875
1280 0.0 0.175 0.078125 0.1875
1281 0.0 0.158333333333 0.078125 0.1875
1282 0.0 0.154166666667 0.078125 0.1875
1283 0.0 0.154166666667 0.078125 0.1875
1284 0.0 0.154166666667 0.078125 0.1875
1285 0.04375 0.175 0.078125 0.1875
1286 0.05625 0.191666666667 0.078125 0.1875
1287 0.05625 0.191666666667 0.078125 0.1875
1288 0.05625 0.2 0.078125 0.1875
1289 0.05625 0.2 0.078125 0.1875
1290 0.05625 0.2 0.078125 0.1875
1291 0.05625 0.2125 0.078125 0.1875
1292 0.05625 0.216666666667 0.078125 0.1875
1293 0.05625 0.225 0.078125 0.1875
1294 0.05625 0.229166666667 0.078125 0.1875
1295 0.05625 0.229166666667 0.078125 0.1875
1296 0.05625 0.2375 0.078125 0.1875
1297 0.05625 0.245833333333 0.078125 0.1875
1298 0.05625 0.254166666667 0.078125 0.1875
1299 0.05 0.254166666667 0.078125 0.1875
1300 0.04375 0.254166666667 0.078125 0.1875
1301 0.04375 0.2625 0.078125 0.1875
1302 0.04375 0.279166666667 0.078125 0.1875
1303 0.04375 0.279166666667 0.078125 0.1875
1304 0.04375 0.275 0.078125 0.1875
1305 0.04375 0.2625 0.078125 0.1875
1306 0.04375 0.2625 0.078125 0.1875
1307 0.04375 0.266666666667 0.078125 0.1875
