./../data/Vid_I_person_crossing.avi.avi
0 0.337266 0.193971 0.174041 0.650066
1 0.336799986029 0.188115076602 0.17405129841 0.64994981749
2 0.349908603323 0.186131261924 0.173772803487 0.649767401378
3 0.357269028229 0.179914181862 0.173765544104 0.649906821196
4 0.352599986171 0.163051414654 0.173482369686 0.65096022938
5 0.345013887895 0.155079627119 0.172701980002 0.65130867965
6 0.342557793368 0.168427459745 0.172723510582 0.651693784355
7 0.344013261324 0.169303355461 0.172385891784 0.651246141432
8 0.351573615807 0.169447603713 0.172265667829 0.651219324295
9 0.354350112472 0.160598376978 0.171669388167 0.650738813998
10 0.351297862684 0.162234228776 0.170713363493 0.649266841925
11 0.351274448232 0.172911268726 0.170333925431 0.648115152713
12 0.347202270207 0.176315849557 0.169335709644 0.646987933659
13 0.348379351749 0.175201009241 0.167239544478 0.647947030828
14 0.348362990229 0.168312734595 0.166263608101 0.648688095374
15 0.348024223683 0.161280921501 0.165689835877 0.648947654068
16 0.345928314304 0.165526761568 0.165022122277 0.647262523752
17 0.35601191678 0.153392729295 0.164784013609 0.646957688401
18 0.354449439514 0.163269641581 0.163681136911 0.64778418066
19 0.360184338361 0.156723485835 0.163595776082 0.648357451961
20 0.366064195037 0.1573254275 0.16390667823 0.648192195339
21 0.372162186501 0.166773175363 0.162947688679 0.648402823084
22 0.37073173996 0.151682298143 0.162317198674 0.647251492763
23 0.368997823803 0.15044035322 0.161281526722 0.64626379528
24 0.370338239236 0.15050390405 0.160665317538 0.64550761711
25 0.368662416778 0.136813427749 0.160488148179 0.645735235778
26 0.37387156132 0.139609574143 0.160312829682 0.645537895864
27 0.369007366647 0.132506071891 0.159681975004 0.645739786757
28 0.368430002498 0.129747532608 0.158880450821 0.646001252555
29 0.361510554767 0.132268601661 0.159090120557 0.645008182327
30 0.359566555641 0.130547713782 0.15875107976 0.643224773742
31 0.351609225372 0.129576754754 0.158600701647 0.641957177349
32 0.343251687177 0.11875219418 0.1582026587 0.641378075891
33 0.338930197727 0.130147388989 0.158242814396 0.640768239641
34 0.33843845346 0.143674788535 0.157393209233 0.639236138867
35 0.333560398443 0.143334290541 0.157092582405 0.638483545345
36 0.332528366382 0.154239584033 0.156445086771 0.638141236725
37 0.325728194158 0.157184843609 0.156644899217 0.63800677299
38 0.32309776013 0.153359902786 0.156540636056 0.638098519068
39 0.325774862673 0.144516132401 0.154931880638 0.63941243351
40 0.329656265662 0.150270894004 0.153298424447 0.640207902817
41 0.334702367338 0.14151324776 0.15149278627 0.641294988309
42 0.335256280449 0.14081302858 0.150859179348 0.641936996767
43 0.342346547894 0.149176569657 0.150764331589 0.641528303526
44 0.337185631277 0.145777533192 0.150507614204 0.64159274923
45 0.334845758496 0.136203123353 0.15078828527 0.641445373541
46 0.33460899 0.128318271337 0.150371680545 0.641047963272
47 0.34068085593 0.128221943661 0.149778401475 0.640560672488
48 0.347779926664 0.140677847746 0.149824786743 0.639791860216
49 0.352643358979 0.157155624403 0.149746154194 0.637331587639
50 0.353523048416 0.149928301711 0.148422572132 0.636669043884
51 0.357714282223 0.13781927753 0.147506791251 0.636553365656
52 0.361772280515 0.138658912817 0.146832047993 0.635378488845
53 0.368038761443 0.13407247262 0.144772123623 0.634991825627
54 0.380372225455 0.140072843452 0.145343633007 0.634776065864
55 0.384873000957 0.143349922216 0.146582861815 0.63336072449
56 0.381158531886 0.131523695611 0.143942214993 0.632753529132
57 0.379774236087 0.133148973919 0.142211845322 0.632879028335
58 0.374061883997 0.129394790872 0.14071568202 0.633750712848
59 0.372747493427 0.132104460862 0.139142073425 0.633776145368
60 0.375250726919 0.137279918983 0.138738352361 0.633223054578
61 0.37933620833 0.145578004777 0.139472076414 0.632345849966
62 0.381039349441 0.139813477782 0.138409710851 0.633361451466
63 0.380485459166 0.134598684037 0.13739069236 0.634408302881
64 0.383149734487 0.129978019214 0.136931969135 0.636763510482
65 0.385871048903 0.119459748439 0.137792557122 0.635829037253
66 0.386521585945 0.117390569548 0.135817663668 0.634560916552
67 0.386989331479 0.12318006784 0.135450029722 0.634499574046
68 0.397885256677 0.129605950815 0.13566058244 0.633904459781
69 0.399959961113 0.129295915452 0.135580686804 0.633172766107
70 0.398635498987 0.117462382665 0.135985953634 0.633802260765
71 0.401694421495 0.113903315654 0.135491647416 0.632001662538
72 0.400440377259 0.115209649728 0.133863739861 0.63132927845
73 0.402761651663 0.114655428837 0.133407681601 0.629512698553
74 0.399408673271 0.113926479029 0.132312987312 0.629973163286
75 0.39762523162 0.105411601547 0.132084987263 0.629586010177
76 0.392569238308 0.100004503429 0.132563964744 0.629934061573
77 0.3777355354 0.0886684183295 0.132836318772 0.628979582046
78 0.375890728403 0.0987694583024 0.132585688439 0.629933633377
79 0.368618631366 0.0979592129978 0.132098695727 0.628051638893
80 0.362349865067 0.103623720496 0.131570941055 0.629125259799
81 0.365581192212 0.118288573201 0.13215455324 0.629164096291
82 0.363495121747 0.128116973307 0.131683764192 0.627752394288
83 0.355983381768 0.12048984299 0.132394737571 0.62447398967
84 0.35406594971 0.110659665005 0.131686350707 0.624444458276
85 0.353494839671 0.111133890966 0.133070358006 0.626782571987
86 0.354119468289 0.11107278084 0.132955635578 0.625222135341
87 0.3531830328 0.110436848581 0.133692905902 0.623611000059
88 0.351149400265 0.104202995535 0.134020397091 0.623412586083
89 0.349212567816 0.101654147855 0.134572923986 0.624710653256
90 0.345154783098 0.100293539188 0.134350707638 0.627953060994
91 0.345569780212 0.0981783108422 0.134905069557 0.624036096502
92 0.347904719706 0.0960549936589 0.134174959325 0.620842298029
93 0.337153675596 0.0992088927196 0.134011783751 0.621091218564
94 0.3320173128 0.102593985613 0.133983660195 0.617223138283
95 0.330467780525 0.107747320135 0.133779392585 0.614590395865
96 0.326541379407 0.112943995574 0.133681758202 0.608829223094
97 0.324937909962 0.121145532599 0.13374440221 0.604889685024
98 0.334091876266 0.118771396799 0.134567525515 0.60489811206
99 0.346937587626 0.120500468317 0.136707094741 0.601159671268
100 0.355305176473 0.129002802952 0.136547387703 0.600518666173
101 0.353655758845 0.126268438554 0.137378590146 0.601497314869
102 0.358187493036 0.129590804846 0.138723455744 0.601208035959
103 0.363945304478 0.137171673463 0.13950644558 0.600513716405
104 0.361820926639 0.131151261032 0.140260408591 0.597401643369
105 0.36718454806 0.128432912507 0.139042674362 0.597412121705
106 0.369944282363 0.126481700963 0.139015444147 0.596162491086
107 0.365047448615 0.122348432501 0.139355134901 0.595232215311
108 0.364490782911 0.121135828819 0.139697992784 0.595533037736
109 0.359510089426 0.129396490564 0.140735364498 0.59482804071
110 0.362974599832 0.128687961924 0.139918985097 0.596818435662
111 0.365311362769 0.13683730391 0.137876821355 0.597822057594
112 0.364339101234 0.137456821204 0.136303603858 0.597066862955
113 0.36636768504 0.137575024863 0.135246275053 0.596903769482
114 0.369865279462 0.144591777109 0.135583681788 0.595350436577
115 0.36951740557 0.146793046034 0.136187464022 0.59432151449
116 0.369969491116 0.149985915999 0.136683414437 0.592629897522
117 0.371728355593 0.151936940746 0.136773254865 0.592605733026
118 0.375736551095 0.152283097863 0.136796740474 0.592854196779
119 0.374723370532 0.139840362622 0.135809437897 0.594037132919
120 0.374488869877 0.133125871805 0.134941444405 0.595443309838
121 0.381694799642 0.135805308709 0.135360823095 0.59345543644
122 0.384580907719 0.142080821223 0.135079686669 0.592936206614
123 0.383768516993 0.13520265338 0.134826546855 0.594262749824
124 0.379626432735 0.133979990171 0.134151161691 0.593598253953
125 0.383339100974 0.136026203297 0.134219443091 0.593584682262
126 0.385677069303 0.139781682678 0.134137028171 0.594266236093
127 0.394098599735 0.152010206753 0.133639524957 0.595863273317
128 0.410632884302 0.172016741079 0.133770278343 0.595102335601
129 0.420820581772 0.188141675215 0.133880758179 0.593474265055
130 0.417007500409 0.195867905725 0.133392645803 0.592901293682
131 0.407808043597 0.207088663881 0.133581441661 0.592161723401
132 0.401906168947 0.216802992052 0.133184097487 0.594816649332
133 0.39361296206 0.22584174457 0.133468709688 0.59370594297
134 0.378979933702 0.236961370873 0.13293738563 0.59527998992
135 0.371173673606 0.233309139297 0.131856496781 0.597997088144
136 0.365561812994 0.209604349793 0.131755546545 0.598308395052
137 0.368830849507 0.202633442611 0.132147672967 0.595193743436
138 0.372135192419 0.197384697913 0.132096184458 0.594936892453
139 0.367102159745 0.188428346327 0.132003814213 0.59449040626
140 0.367626652399 0.18451712953 0.131509718452 0.593873540944
141 0.367456004114 0.185071964051 0.131152275653 0.593027339716
142 0.34997898333 0.184225285528 0.130517806336 0.591088849199
143 0.333590997541 0.1910307675 0.13046713278 0.591681807993
144 0.315696526229 0.208083573104 0.131009580628 0.591175636383
145 0.282633498581 0.219029553628 0.130806441231 0.592180595415
146 0.256655424383 0.209608233441 0.129873570674 0.592513814317
147 0.242974820811 0.202986196253 0.130096944864 0.59273543566
148 0.229427024125 0.1966030696 0.130788754826 0.590939331187
149 0.210574435663 0.19586719764 0.129981235183 0.590377485703
150 0.195574298156 0.191960171614 0.129813745569 0.588997331628
151 0.182443063156 0.18944718402 0.129666803863 0.588635695109
152 0.166717130273 0.203053092473 0.129871188405 0.587815985598
153 0.14944576722 0.207003792523 0.129077138942 0.586792894194
154 0.139568795977 0.202559016112 0.127857536081 0.585918942572
155 0.127895576258 0.209535949881 0.128293461781 0.586724707923
156 0.115644111461 0.216205787097 0.128481449088 0.587955573208
157 0.105458389058 0.214795244142 0.128203913536 0.586549985256
158 0.0952189246757 0.21915253291 0.129378409112 0.587340015256
159 0.0931691638222 0.216774124763 0.130013125504 0.587119793715
160 0.0844811311037 0.216254583613 0.130549508962 0.587520263368
161 0.082950801469 0.209948317138 0.130756263636 0.587710364125
162 0.0729127895857 0.210162464201 0.130462762994 0.58746630886
163 0.0579525904375 0.210840308715 0.130098218398 0.586536975808
164 0.0415076531192 0.21512033512 0.130282650341 0.585887974324
165 0.0293896857962 0.217134391278 0.130308266529 0.586763189848
166 0.0149091903756 0.219862380613 0.130538397946 0.586666503896
167 0.00468016228857 0.213944835437 0.130325140032 0.586376873559
168 0.00207563805152 0.228239105321 0.130269043943 0.586410803702
169 0.000874914597017 0.223957937596 0.128901705079 0.586388597325
170 0.000619350274613 0.211695377675 0.128135490938 0.585396374569
171 0.000508124082704 0.203556462513 0.127497272291 0.584132923145
172 0.00121194019499 0.197596950303 0.125636034087 0.582889288661
173 0.00234369699017 0.19049079549 0.124263889065 0.581749085927
174 0.00357155074683 0.189984800083 0.123575835863 0.580907880949
175 0.007076071574 0.198536481189 0.123049020289 0.58032040834
176 0.0084651542813 0.194931095623 0.122483167754 0.579285427257
177 0.0104448474421 0.189824341954 0.121949904275 0.578803955013
178 0.0153273859057 0.183555328518 0.121475930036 0.57805794865
179 0.0353140396582 0.16974210681 0.120709921642 0.5788700972
180 0.0429860916428 0.171900348719 0.120216958998 0.578289854578
181 0.0546099085949 0.159072300236 0.119809482277 0.577426288268
182 0.0539262719583 0.142156875285 0.118820465878 0.577074883129
183 0.0514188747663 0.133855121243 0.118203640201 0.577199227312
184 0.0491522456353 0.122822518777 0.11790818308 0.577154154509
185 0.046744646048 0.118020547369 0.117990066321 0.577515002339
186 0.0560444001755 0.124234595716 0.117428744278 0.57686311069
187 0.0568116466142 0.113858226494 0.116473178773 0.576330752604
188 0.059402844084 0.102450836917 0.115679239029 0.576542420092
189 0.0855898702976 0.100486769887 0.114569510205 0.574106634619
190 0.134728189111 0.0973820761525 0.114511859015 0.572430778628
191 0.212594512071 0.129813265016 0.116652400189 0.570777469368
192 0.320146766584 0.155757260644 0.119221875665 0.569598211281
193 0.374708828269 0.171775557732 0.121288707727 0.570434663955
194 0.395104102627 0.175429341453 0.120798325556 0.571329973784
195 0.401075336172 0.186652137159 0.120648610551 0.571513572363
196 0.398860785131 0.189836746744 0.120865451596 0.571860586749
197 0.397138836536 0.181938237779 0.120267595618 0.571800055129
198 0.404518224041 0.169781823932 0.120359366615 0.571465503901
199 0.400001039458 0.165494866886 0.120427905634 0.570643799905
200 0.40052268853 0.153087457858 0.120435997005 0.571695643642
201 0.394016917707 0.14478665573 0.120508241214 0.572430567306
202 0.386499166648 0.138576157758 0.120636234027 0.573058749981
203 0.384767419042 0.130717039353 0.120642039212 0.572253693076
204 0.376637931043 0.13541449591 0.121012450043 0.572182391149
205 0.378220804069 0.127545276197 0.121502284851 0.572026909093
206 0.375550804712 0.105411780798 0.120494568017 0.573831094233
207 0.368562953475 0.103485009398 0.120741370058 0.572886747887
208 0.360248822105 0.105498913984 0.120859847664 0.571621918138
209 0.358098620606 0.106170987805 0.120616226901 0.570713531565
210 0.347774334386 0.106604202144 0.119886188294 0.56973787062
211 0.344173872701 0.115023513417 0.119832967472 0.569804076364
212 0.341316601508 0.116835471358 0.120005543981 0.570414519594
213 0.334658880298 0.124988861123 0.119496024722 0.569261809398
214 0.333107434973 0.127959355636 0.118264891276 0.5672067834
215 0.333713736585 0.127615040586 0.116957926704 0.56477734186
216 0.327158684979 0.125953018824 0.116234894205 0.56357333761
217 0.320834826552 0.13043391642 0.115594076859 0.562560284786
218 0.315542859197 0.142692451372 0.115327226051 0.561485820057
219 0.314517188297 0.16116749864 0.114707641711 0.560995710042
220 0.314480158451 0.183095446544 0.114209219244 0.559923584173
221 0.323340886959 0.191817017184 0.113601261282 0.558328734059
222 0.335032243223 0.189178621499 0.113111407697 0.557014863369
223 0.34488445778 0.185870994738 0.112672832933 0.555722125464
224 0.35150233904 0.17738920247 0.111865403787 0.553716734337
225 0.346909553196 0.190118795937 0.111220789712 0.553015944537
226 0.35358246019 0.201673113901 0.111567446275 0.553083217949
227 0.357318237743 0.198763467712 0.113328873619 0.552984029309
228 0.355980631775 0.186182552475 0.114806077056 0.552097066617
229 0.354937752209 0.168693727833 0.116675526252 0.550722860003
230 0.354765165167 0.156469248291 0.116537458193 0.549096535624
231 0.354652235403 0.15934661675 0.116907973326 0.548408068936
232 0.35217326589 0.15189951114 0.117431910438 0.548236804114
233 0.346176932995 0.147140209882 0.117642903888 0.547836562116
234 0.338655401312 0.147204688008 0.118129381277 0.549540282543
235 0.337562130652 0.150017833776 0.117582213388 0.548006511341
236 0.330134501543 0.166623396954 0.117198169584 0.546011594212
237 0.325176065104 0.175320363845 0.115966580503 0.544929469263
238 0.323930557414 0.177687749495 0.115237500476 0.544693699993
239 0.322543249099 0.169036413014 0.114524743329 0.545071553012
240 0.328149421845 0.162153184244 0.114765728325 0.545586674678
241 0.328358153727 0.160142193543 0.115522776471 0.544710246027
242 0.327256237903 0.159122579615 0.116613756318 0.544040238346
243 0.329529708721 0.161482094611 0.116912858677 0.543274760067
244 0.326156634774 0.152311583154 0.116226928711 0.544233774237
245 0.328565572034 0.153605990025 0.116219983309 0.543341403205
246 0.330134176653 0.157664946827 0.11617699932 0.5435246239
247 0.330060435413 0.152664942616 0.115624127865 0.543747171978
248 0.330885177552 0.148738634454 0.116074128594 0.543870542605
249 0.328349648142 0.155226766818 0.116331782957 0.541854248219
250 0.324659548773 0.156609247122 0.116373148227 0.541418917451
251 0.324830893716 0.148807495433 0.116104951981 0.541739679486
252 0.3198425719 0.133889549815 0.11598789061 0.540806672679
253 0.313899668494 0.126270269901 0.116674745027 0.540162378498
254 0.31598412665 0.120422538968 0.116630116038 0.540017665845
255 0.314043371535 0.12628551324 0.117105674375 0.539305035992
256 0.322550597319 0.129994390253 0.116940675383 0.537306020681
257 0.325179015975 0.130347638767 0.117185235584 0.537263899205
258 0.329941460752 0.12580841742 0.116893203793 0.537413471285
259 0.336134941786 0.133288314035 0.117562671236 0.536934774629
260 0.336350885424 0.133714868311 0.118258387315 0.537444340725
261 0.335242167527 0.149937376629 0.118756518653 0.538267514488
262 0.335899490123 0.155082497626 0.119308807199 0.538668330383
263 0.333148521781 0.164032732387 0.119525565439 0.538705503284
264 0.33141081016 0.168010879666 0.119621400046 0.538798038893
265 0.32959439474 0.166423482365 0.119005330547 0.539483626838
266 0.317340133974 0.163234153763 0.117941935666 0.539156515478
267 0.311136251406 0.164066736978 0.118234014991 0.538331424651
268 0.312351866061 0.171524593069 0.117871618237 0.537921452128
269 0.311978656009 0.178578288078 0.117544153157 0.537784573809
270 0.302242177409 0.172538099291 0.117098524869 0.537537289316
271 0.301034678146 0.169334893334 0.116818654952 0.537294726861
272 0.304630824724 0.173762437387 0.116171304465 0.535973450518
273 0.303532777706 0.175591130764 0.115568991401 0.537507059051
274 0.308841266221 0.1950042221 0.116778496306 0.537422979393
275 0.31015066816 0.191058079444 0.115766842752 0.540077285765
276 0.324758132764 0.191724357533 0.115510200677 0.541194312175
277 0.344072066317 0.202193618013 0.115340759204 0.54063650644
278 0.350122156663 0.192369255712 0.115230980281 0.541026246975
279 0.35786062614 0.185497255203 0.115187505093 0.539951966378
280 0.358342469368 0.175983906635 0.115003727488 0.541157269198
281 0.363990272858 0.172975842767 0.115660083665 0.542744733745
282 0.365823233581 0.171238826081 0.115926610928 0.543097623995
283 0.367029929614 0.178196648236 0.115606947753 0.542554143205
284 0.367491005614 0.189638052328 0.115275383484 0.542617811494
285 0.368986906841 0.193902156846 0.11539211745 0.543474973398
286 0.367220988865 0.202826413678 0.116484511728 0.543092988536
287 0.366262708718 0.196292160447 0.115547532569 0.542462788036
288 0.367903604621 0.198506143133 0.115191006898 0.54241473766
289 0.368435084811 0.204914060672 0.115789746655 0.54292126832
290 0.366806888731 0.198446007067 0.116035930166 0.541146392879
291 0.366796663377 0.200600027954 0.115845721911 0.540342786527
292 0.366493849958 0.208346176896 0.116497040249 0.538960629086
293 0.3635736141 0.196341021665 0.116449394621 0.539152746134
294 0.362424376259 0.178745143656 0.117256638678 0.538900292977
295 0.358492334691 0.147521532665 0.118652097263 0.537827319904
296 0.355421237808 0.133573196686 0.118903991328 0.53644003693
297 0.349028042024 0.121935848307 0.119840087503 0.537076096202
298 0.347867360285 0.136014231522 0.118776660253 0.536519944052
299 0.345714071589 0.147375694732 0.118064851819 0.535434340783
300 0.336359703296 0.148564974395 0.117519166042 0.53552917615
301 0.338567809557 0.151754482025 0.117466093411 0.534193259639
302 0.342128805756 0.156703517811 0.117119577498 0.53381827033
303 0.342947140723 0.15503388704 0.117145838485 0.533901208645
304 0.350757181526 0.177357357827 0.117023719833 0.534627412868
305 0.359209189009 0.179374728457 0.117408929267 0.5341880285
306 0.37754999093 0.182514926359 0.116952611501 0.535569525577
307 0.390446733958 0.182571508543 0.116977493993 0.535948780731
308 0.395373383877 0.200856146483 0.117259496908 0.535231315284
309 0.403099942839 0.199351812147 0.117791629772 0.534011841388
310 0.410077566198 0.201208576117 0.118673053057 0.532169236777
311 0.410213507279 0.204006479395 0.119495568187 0.532956669568
312 0.414572362777 0.218450186146 0.119229508092 0.53228587891
313 0.408712667347 0.21238365584 0.119224614424 0.531366710209
314 0.407429561744 0.207103287863 0.119434538849 0.529577598466
315 0.414771677125 0.208054968937 0.119524081612 0.530305595294
316 0.419435277474 0.207160446054 0.118842271356 0.530754086267
317 0.415993155767 0.197872155548 0.119068664334 0.532151059366
318 0.409125028015 0.194133545397 0.119291774544 0.531558874699
319 0.403529406192 0.194898044565 0.119900260713 0.53234330012
320 0.399992376547 0.187209411424 0.120244473797 0.533334669037
321 0.393484358833 0.183011144655 0.121099176579 0.535110086184
322 0.389214255722 0.172213268508 0.120031185672 0.534835590022
323 0.393701784105 0.178001817011 0.120428742745 0.53594792332
324 0.395636766735 0.18940160045 0.120929983716 0.5380995673
325 0.390292461776 0.194178518292 0.120698709264 0.537426256808
326 0.382445265774 0.185726288455 0.12105170133 0.538467654618
327 0.373235860851 0.181581866484 0.120436855574 0.538457935106
328 0.365207742988 0.186408369559 0.119193555801 0.536960208894
329 0.35858835214 0.185919224939 0.118866053096 0.537589433511
330 0.357359313324 0.185437511972 0.11834794861 0.537961574827
331 0.352183661241 0.193379534955 0.118228661938 0.536530475141
332 0.354551846067 0.193412308916 0.118322657928 0.53794789008
333 0.360169889863 0.19905090413 0.118899296839 0.53708957031
334 0.365206494151 0.199989304714 0.11917003778 0.534868265136
335 0.369533242602 0.192478778884 0.118643945928 0.535133112403
336 0.37713623678 0.196393901551 0.118477132898 0.533862647069
337 0.368379947266 0.194673180985 0.118879756065 0.533493285181
338 0.356047149637 0.19417360354 0.119202090182 0.533302834357
339 0.344758470446 0.19272531813 0.119119286204 0.532377219571
340 0.344806781409 0.19098896312 0.118968472952 0.532148570164
341 0.336062635232 0.200648648692 0.118469210966 0.531403944303
342 0.328497726446 0.195935985609 0.11800776206 0.531575907984
343 0.329706065838 0.177511629608 0.117368055869 0.532482545151
344 0.343427694821 0.165434990284 0.116971383834 0.53258822309
345 0.345827722381 0.164513290764 0.11705224338 0.533043393197
346 0.346819161454 0.172535242708 0.117239814529 0.532791238219
347 0.354742834682 0.157276544743 0.117753595383 0.532851754955
348 0.360892855327 0.167099433016 0.117875230187 0.531697977035
349 0.362694314775 0.178379270729 0.117609672239 0.532292306734
350 0.360380551047 0.194097556414 0.117396594151 0.533259225386
351 0.355716387444 0.196435780805 0.117345987212 0.533599055645
352 0.353264889351 0.202080977194 0.117160777279 0.532457836802
353 0.362155959397 0.211896881476 0.117695388762 0.532269389608
354 0.363866186865 0.216521639545 0.118024063295 0.532306756697
355 0.356551130246 0.215257499408 0.117281896142 0.532611154511
356 0.354537143725 0.221485436009 0.1174610494 0.530841769903
357 0.348766728918 0.221640790211 0.117132697962 0.529800268614
358 0.348590132676 0.214258398041 0.116587939059 0.529958839641
359 0.348636062027 0.213972109147 0.116598509312 0.530467185375
360 0.346459909651 0.220961950747 0.117726042143 0.530326591969
361 0.352407915479 0.211975593436 0.118255945156 0.53025818252
362 0.351870253417 0.213702916025 0.118847279775 0.529675181201
363 0.346057189349 0.204578359327 0.119008144276 0.529383376161
364 0.344872894937 0.199398753522 0.118771263428 0.530894350257
365 0.348670803284 0.212370700603 0.118458085569 0.531216998982
366 0.355207386572 0.210821820122 0.118427460423 0.530765633362
367 0.356308797724 0.209427320344 0.119193728598 0.530868668483
368 0.361305268908 0.215942469811 0.119492582013 0.531141280073
369 0.367026038836 0.225167916002 0.119182702422 0.532046450689
370 0.366583426935 0.230608605763 0.119081629602 0.531248756717
371 0.372925972345 0.240226739516 0.118929987468 0.53079509385
372 0.37812063258 0.238111262552 0.118741612876 0.529461575959
373 0.377275063806 0.23392407617 0.119148660702 0.528557422412
374 0.378141356564 0.224849134772 0.118669846908 0.527854478765
375 0.378776785553 0.22640457189 0.119052494762 0.52718194346
376 0.37317356735 0.218002462012 0.118980410943 0.530850351151
377 0.372620799951 0.213770927605 0.119456702788 0.531409529714
378 0.367953149063 0.217486010831 0.119174669384 0.530992817241
379 0.363601279325 0.219790774861 0.11857353352 0.531782453513
380 0.354175338779 0.218099681307 0.11825648004 0.529402263103
381 0.343354169672 0.225578667908 0.11825002968 0.525937751024
382 0.332683200027 0.230286036828 0.118628491898 0.525386169762
383 0.322907217769 0.233389078842 0.118870166071 0.526387970868
384 0.317576604623 0.228888167266 0.118642422868 0.527607787547
385 0.316173677285 0.238586970173 0.118446034528 0.529961917372
386 0.318651931797 0.239966643004 0.118391754537 0.529581204375
387 0.312641657175 0.246723607481 0.118524880622 0.530030638603
388 0.303069166532 0.248706661337 0.118119959981 0.530913767296
389 0.303137340126 0.246994473792 0.117861680283 0.532182706668
390 0.305479204994 0.2458800011 0.117515642842 0.53170746609
391 0.305801176361 0.248450235242 0.117689582149 0.527796200775
392 0.300800825112 0.243625674406 0.11774089062 0.526309794799
393 0.29976877164 0.243116474948 0.117686903435 0.527027015438
394 0.300270798383 0.232259683714 0.118137066183 0.525584206081
395 0.307228130666 0.22928263905 0.117670294553 0.524097143495
396 0.313625907238 0.223592755921 0.117760935796 0.522366646128
397 0.318841850355 0.222922923145 0.118162540005 0.522118832531
398 0.326038733444 0.22068947905 0.118004530911 0.521723237853
399 0.336947073477 0.221331245184 0.118552199227 0.520068873456
400 0.34366148244 0.229156022331 0.118486758273 0.521521548238
401 0.345616598586 0.226997121042 0.118248483095 0.521622553296
402 0.349084951755 0.227530332486 0.118188516373 0.522058761596
403 0.347701804995 0.225335173557 0.118073707248 0.522872574642
404 0.348973290955 0.213039344073 0.117964374395 0.52331517262
405 0.353393182166 0.211330184316 0.11821266683 0.524333395343
406 0.351786712231 0.198078023849 0.118250448192 0.52461178649
407 0.35050052792 0.205362855811 0.118428815142 0.524756739248
408 0.355007132918 0.198373295542 0.118425739163 0.525295527556
409 0.350335549519 0.198014882083 0.118243577215 0.526576768013
410 0.343082670928 0.202680644532 0.11790824444 0.528470504972
411 0.330480767892 0.212012709393 0.11758470465 0.530108071628
412 0.326179969686 0.212531621996 0.117443922048 0.531288795227
413 0.316529309062 0.21369667487 0.117089079575 0.530349335583
414 0.312343090505 0.223134487741 0.117161372597 0.527952493534
415 0.306541162575 0.228848437685 0.117461372044 0.527789261132
416 0.305046010753 0.227151310712 0.118017710694 0.528283013138
417 0.302207549225 0.232965357411 0.118621672028 0.5297392319
418 0.302102350736 0.234339025642 0.118914671887 0.530535880627
419 0.304389407758 0.23886533722 0.119174645107 0.531340907169
420 0.304440472298 0.239405223698 0.118600949717 0.53180673447
421 0.304388949253 0.236806259848 0.117863059904 0.532462617265
422 0.30339473393 0.217119426965 0.11787684906 0.533978723301
423 0.306125624669 0.22418172064 0.118013674838 0.534144699237
424 0.310807795777 0.233262376222 0.117500717741 0.532108688502
425 0.319503687166 0.244074857414 0.117224014092 0.532636507328
426 0.330649556865 0.241317613942 0.117376440779 0.532429883845
427 0.338549286573 0.240205694454 0.117146468699 0.531341929691
428 0.346182024265 0.250882771771 0.116873891327 0.530890068717
429 0.350071903354 0.258400171434 0.117177004617 0.532572963436
430 0.359924500295 0.258906339856 0.117171294759 0.532293318771
431 0.370339090869 0.252913469983 0.117032845759 0.532609550322
432 0.382696346839 0.250825110557 0.116789644421 0.531823303653
433 0.392547371655 0.253622781954 0.116466611493 0.531378171709
434 0.392899704619 0.263878570895 0.116105851194 0.530646509008
435 0.386570128919 0.268836289472 0.11582493464 0.529960582466
436 0.365240818822 0.26692805235 0.115911016838 0.528430224005
437 0.342432957438 0.246128024602 0.116275367103 0.528970760192
438 0.320975742224 0.220832582674 0.11680020509 0.531477055811
439 0.316731303493 0.211613021336 0.118209833674 0.532617672076
440 0.311807669986 0.194605267707 0.118093017918 0.532365661396
441 0.309887452221 0.174470780111 0.118361511393 0.532508596471
442 0.305912759056 0.168296724388 0.119067079967 0.531585317568
443 0.300560409341 0.170969676977 0.118740267257 0.531182705621
444 0.291699759039 0.174283780486 0.118671412335 0.530400173322
445 0.28316614121 0.183738398092 0.118531274484 0.528120497589
446 0.277015018031 0.184542463509 0.119067771631 0.52778146531
447 0.271775291842 0.183693892694 0.118948455202 0.526911890667
448 0.266700725892 0.181072023559 0.118766575784 0.524955598391
449 0.264921307984 0.181325669586 0.118330252449 0.51999442297
450 0.261515874536 0.175915277698 0.118660254134 0.519593942028
451 0.263469774226 0.180559931014 0.118820550106 0.52005721047
452 0.272258640592 0.179105194048 0.118796127734 0.52176712866
453 0.278611382188 0.176094894392 0.118483462242 0.521953446742
454 0.281279434036 0.168259644536 0.118457463998 0.521297080373
455 0.28927057038 0.160509131553 0.1185781492 0.520068772437
456 0.300154547034 0.175509291146 0.118401435784 0.51732721452
457 0.314074993622 0.172361304236 0.118426026081 0.514237978825
458 0.31922895192 0.16508297441 0.118358407494 0.513212348163
459 0.320616806895 0.166034687737 0.118337761578 0.510493600534
460 0.327618989673 0.167698550077 0.117903952568 0.508741874444
461 0.328784557241 0.170366465196 0.117812533971 0.506649996947
462 0.331695167236 0.157784439214 0.117851287252 0.506089769492
463 0.329937823747 0.161591378869 0.117552842496 0.505300766232
464 0.333039498442 0.159585811759 0.11757051005 0.503611498633
465 0.331162177596 0.159117604435 0.118041008985 0.503200584359
466 0.328005942641 0.180737290323 0.118546869267 0.500971656765
467 0.324256280583 0.174983123641 0.119062482638 0.499194939245
468 0.315867492147 0.180622657583 0.118889540059 0.497665175126
469 0.314877854768 0.196018225817 0.118837149137 0.498695848374
470 0.303843376103 0.199002038749 0.1185672764 0.498441130458
471 0.296452189111 0.203895195105 0.118569038511 0.496629930409
472 0.292115209049 0.192076347352 0.118573316758 0.495487300308
473 0.289158965322 0.215163813491 0.118409533966 0.495961427228
474 0.293743888695 0.22297807337 0.118623434469 0.494630594321
475 0.294140787984 0.22274470971 0.118982500657 0.492416198757
476 0.290707583088 0.217629660121 0.1191588107 0.491550468041
477 0.289288612812 0.214789040816 0.119143847163 0.490788445999
478 0.289109049186 0.209789456005 0.11942717414 0.489397996208
479 0.29081401847 0.204944755872 0.119221552185 0.486185490261
480 0.290559673265 0.203693944893 0.118396965203 0.486338112343
481 0.294344597864 0.209082569498 0.118541671304 0.486258327799
482 0.297134375695 0.208350839731 0.118401119397 0.48783487495
483 0.301196075784 0.211981180511 0.11885546563 0.486566358611
484 0.310783361892 0.216069533887 0.119257603471 0.486115663221
485 0.31680643668 0.226028027642 0.119226527976 0.484474499754
486 0.32083325636 0.225874286667 0.119029575956 0.483056692794
487 0.322750227147 0.222481753513 0.119006459691 0.48558896967
488 0.327362689959 0.227036884316 0.119021894342 0.486116898625
489 0.330240108085 0.239683678181 0.118684305149 0.485009426216
490 0.333027017104 0.244759389906 0.118626382558 0.484861291643
491 0.324949562229 0.246420935095 0.119169018989 0.484146346767
492 0.319571466546 0.230057096665 0.119015750457 0.483497918825
493 0.315341280547 0.221536505209 0.118916126096 0.480754433203
494 0.311040798122 0.2099141969 0.11882029461 0.481867304342
495 0.313729681455 0.207643831531 0.118835716838 0.480801866997
496 0.310560391106 0.204173171314 0.119061221369 0.479799651302
497 0.311971551666 0.207810622996 0.11880669728 0.478813251601
498 0.310537754948 0.219868507654 0.118555654001 0.47930759782
499 0.312480321695 0.214721014608 0.118750236934 0.478251385952
500 0.299151687278 0.21755459332 0.119035879917 0.479092174133
501 0.284332315174 0.220929935969 0.119438243126 0.481260023567
502 0.272302209745 0.21249897044 0.119594927317 0.483781461841
503 0.268988120239 0.213397599818 0.119630110956 0.48215787806
504 0.271730007939 0.213557107177 0.119625162878 0.480476020944
505 0.26949232957 0.215118307129 0.119178818378 0.483334392382
506 0.270831374907 0.214423227614 0.118976161654 0.48678508958
507 0.265749592726 0.203998175823 0.118737143048 0.489565797715
508 0.264080722729 0.193933823478 0.119077457063 0.489335029015
509 0.270206772949 0.185679788877 0.119079009227 0.490219731373
510 0.274537337026 0.188168706125 0.11914022149 0.49063248269
511 0.281502134893 0.208017779817 0.119101040001 0.491300983962
512 0.292441059819 0.212748246303 0.119206141618 0.490943890285
513 0.308333691172 0.213620265201 0.119240446729 0.491548295779
514 0.319402423733 0.21715045365 0.119254740491 0.489457935878
515 0.323639834294 0.227828106825 0.119233329354 0.488674651675
516 0.323505920552 0.227225808333 0.118989876733 0.488983125818
517 0.330965406579 0.21557859217 0.119063385769 0.487389988585
518 0.328624909617 0.222775479205 0.11926382893 0.484185381867
519 0.332284173385 0.235506847953 0.118883266468 0.481697848679
520 0.334463619102 0.239408037469 0.119181061648 0.480198333115
521 0.334462363376 0.229603681749 0.118945702875 0.477931318681
522 0.335106204183 0.221421612765 0.119138068911 0.478110365967
523 0.336099649614 0.219592593312 0.118879975771 0.47888866672
524 0.345632371173 0.221299893404 0.118839186867 0.476519554659
525 0.355307953505 0.216462476528 0.118880320337 0.475044346679
526 0.360051916251 0.215332382573 0.118829521428 0.472431128442
527 0.356559090964 0.217805695747 0.118934440672 0.47117590078
528 0.354188898321 0.21299915405 0.119066049537 0.470234893557
529 0.361683337535 0.208437565868 0.119328381123 0.467886498446
530 0.360957951759 0.204326694584 0.119335676937 0.466835068391
531 0.362371254988 0.222463865199 0.119576230363 0.467293649298
532 0.359380331458 0.233519600187 0.119160304105 0.466204351567
533 0.35434797436 0.239802585185 0.11940273613 0.465884462625
534 0.351718496278 0.24750830219 0.119189383397 0.466518697811
535 0.358182445599 0.240327108548 0.119196936959 0.464337412679
536 0.366913639186 0.249664981327 0.119140320704 0.465089710592
537 0.362441268859 0.254761215084 0.119234449956 0.4646603611
538 0.365596597002 0.259494036113 0.119231742986 0.464080377908
539 0.362902134112 0.255325696741 0.119084027663 0.463675630594
540 0.370160501386 0.267422377272 0.119257821252 0.463046046447
541 0.382261437917 0.269451263182 0.119079238144 0.463106292397
542 0.385569718109 0.269438121314 0.119340120972 0.463491817028
543 0.393310355347 0.261349928967 0.119182844246 0.463028531808
544 0.39588487546 0.26551746272 0.118851779545 0.462562044131
545 0.396891711108 0.262334678027 0.119053982967 0.46203078964
546 0.41168479795 0.246380842577 0.118983267882 0.460617777592
547 0.416215058664 0.226614832934 0.11860261123 0.458133433338
548 0.417521143558 0.207044375677 0.118481643417 0.456338468681
549 0.409991767226 0.199824338529 0.118607225721 0.456580541128
550 0.409932707335 0.195972857361 0.118602116986 0.456417969115
551 0.411112214451 0.186019795253 0.118553591068 0.455945340928
552 0.417599161365 0.186873294956 0.118425939673 0.45630376965
553 0.422580184353 0.19308437372 0.118447355166 0.455156678201
554 0.436754480605 0.202675906559 0.118610040356 0.455540506916
555 0.445906521123 0.211889953327 0.118697282172 0.454543603476
556 0.441590482411 0.220462881922 0.118898465527 0.453908671027
557 0.43480313515 0.227074026809 0.118766960175 0.452248654402
558 0.432623738343 0.243419771382 0.118911813392 0.452124033252
559 0.43135855443 0.256579686245 0.118988457059 0.451841764592
560 0.424327093587 0.262950017831 0.118770851243 0.451843348014
561 0.420356206068 0.262057505962 0.118737207595 0.451767005355
562 0.418659426017 0.277993621304 0.119058974903 0.450713422965
563 0.424184805355 0.28050821725 0.11914354006 0.450927242757
564 0.425509196764 0.284207007284 0.118905873829 0.45229826742
565 0.423232240369 0.283782441181 0.118773231103 0.452083490707
566 0.422155659345 0.279019031316 0.118678063451 0.453357320264
567 0.418695283311 0.287923707459 0.118876789051 0.454510627846
568 0.416841597031 0.285432856417 0.119231541764 0.45457286817
569 0.416510009833 0.274855336312 0.119042600206 0.454793453582
570 0.42048991948 0.273218275724 0.119027380175 0.455059220551
571 0.422296182073 0.272165686335 0.119189897724 0.454174374382
572 0.424487771248 0.271767789623 0.119021548486 0.452738224344
573 0.428711313731 0.277392926602 0.119076554744 0.451097946387
574 0.432426751866 0.277391451709 0.119239334685 0.451429555532
575 0.438246847878 0.288247501369 0.119296175981 0.451731342675
576 0.446018367523 0.27895630417 0.119282026294 0.452470346655
577 0.448741308525 0.274629769759 0.119450576348 0.450814867833
578 0.44419973665 0.276817708992 0.119458925487 0.449190481797
579 0.445510684745 0.278056146689 0.119113681351 0.447167808384
580 0.445273075123 0.259541378536 0.119075458848 0.446537148271
581 0.449331408697 0.25571660169 0.118908465707 0.447543676859
582 0.451548657825 0.267154314472 0.118780418708 0.44707084913
583 0.450417867357 0.255709094987 0.11905038886 0.448469665897
584 0.451479411004 0.250489440686 0.119145240846 0.448741942709
585 0.452480273471 0.25264746795 0.119049046616 0.44883998773
586 0.447331960187 0.251645250807 0.118840656579 0.447857624299
587 0.43584148726 0.246919192254 0.11905909993 0.44706065231
588 0.424937399122 0.243607530247 0.119085375254 0.446864619917
589 0.41048744736 0.244927299341 0.119285527063 0.447734387557
590 0.398878311002 0.253503961389 0.119036342104 0.448848987588
591 0.390150933696 0.259354988113 0.119287374495 0.449101219856
592 0.384977308051 0.264675866753 0.119465516554 0.449153067407
593 0.388535929278 0.280769479538 0.119683198617 0.448448828319
594 0.393318728413 0.296086092886 0.119600505268 0.446853588372
595 0.396080919009 0.301971962622 0.119699078747 0.447666509511
596 0.398360899708 0.30869540472 0.119766167344 0.448446289786
597 0.394298683302 0.318269672879 0.119909778438 0.447967209346
598 0.389400420016 0.313781831333 0.119839140978 0.447748500305
599 0.382682361973 0.320704162631 0.119782832307 0.446997592795
600 0.376802272104 0.322115543946 0.119882974032 0.44595793603
601 0.37701016618 0.328006216924 0.119618958595 0.445514000773
602 0.382002526688 0.331601516488 0.119344578029 0.444423456433
603 0.383450744454 0.323848383767 0.119235126252 0.444429000349
604 0.390533002046 0.332336505145 0.119155187762 0.442275169728
605 0.400481658874 0.324328697871 0.118742874774 0.441437250743
606 0.408201697003 0.303892444088 0.118133826988 0.447126891982
607 0.40475839355 0.292859575778 0.117822836802 0.453690779816
608 0.403572445712 0.302426426431 0.118171653186 0.452425731993
609 0.401669566273 0.307502149138 0.118643692447 0.445680552642
610 0.398123436595 0.295616003171 0.118753789092 0.440212044096
611 0.390472410248 0.290399258983 0.118714596613 0.439083279887
612 0.381884512693 0.285423295726 0.118770828543 0.440709979106
613 0.380807961496 0.287635501886 0.119035342431 0.438015401556
614 0.383678939952 0.296499984811 0.119231362484 0.434168866595
615 0.379287747213 0.299591645186 0.118552821327 0.43007632006
616 0.374241909629 0.291991324688 0.118718066718 0.428269486815
617 0.37717520656 0.28564337816 0.118789411336 0.424642721541
618 0.369602735432 0.281135708712 0.118722285111 0.422060346417
619 0.368084277496 0.271866328013 0.118666909537 0.421001112694
620 0.367596370594 0.25435556714 0.118712146286 0.420808032848
621 0.360017096339 0.25237466389 0.118521252577 0.418321649342
622 0.352767876369 0.258070365897 0.11877154457 0.419205412912
623 0.343777432385 0.27822448756 0.119110121597 0.417509328792
624 0.341054259161 0.277633558728 0.118972430285 0.415806523032
625 0.339874036388 0.274579149355 0.119303822121 0.416408040807
626 0.330469924607 0.28169652465 0.119139525188 0.416219135297
627 0.32795949467 0.28677125846 0.119157110711 0.415540085651
628 0.324341858997 0.283141021702 0.119267188485 0.416117044394
629 0.32721893209 0.28751934572 0.119364649981 0.415099592781
630 0.324536172962 0.302897227372 0.119131380216 0.415205518586
631 0.322280973702 0.293357241379 0.119200019815 0.415849568311
632 0.323679936211 0.297382331828 0.118936941997 0.415529046927
633 0.320134303972 0.296265062672 0.11884964901 0.41689749722
634 0.3184209026 0.291626819669 0.118953400756 0.418078124811
635 0.318726489816 0.275438505989 0.11931624395 0.420410579866
636 0.318629362431 0.272824983045 0.119210903498 0.420572743784
637 0.314214648079 0.29203151464 0.119129640523 0.420327520575
638 0.310561582627 0.30131208964 0.11895694446 0.419848840303
639 0.312529281075 0.304673547863 0.118872296494 0.418979222942
640 0.311328098878 0.296595270409 0.118556746116 0.417799386536
641 0.306400947499 0.289760520677 0.118486297452 0.417557361462
642 0.303233558162 0.287077601473 0.118590333955 0.416485339366
643 0.305393973953 0.292637097531 0.118584159568 0.41573159691
644 0.310292803746 0.298320322913 0.118692476818 0.415392948053
645 0.306516210138 0.308273398602 0.11898968072 0.414961555237
646 0.305391208562 0.297565179269 0.119112906122 0.415286397478
647 0.306068260238 0.285047429143 0.119184033041 0.41563527915
648 0.303306816028 0.282600760764 0.119091976025 0.415361215512
649 0.301563192802 0.257776279559 0.119247129993 0.415234118955
650 0.300120285123 0.252712761891 0.119228253742 0.414038498341
651 0.298890157636 0.249944318988 0.119192144143 0.414518188397
652 0.300216471165 0.260809245684 0.119176998647 0.414072417469
653 0.29320757431 0.274916038156 0.119258473086 0.414876090296
654 0.287644664921 0.286182997906 0.119413104947 0.413859379712
655 0.286743612853 0.301403025094 0.118939555097 0.414033950477
656 0.280378038545 0.319654244244 0.118774974811 0.413829226461
657 0.27470764475 0.343086845782 0.11870865796 0.413314216398
658 0.2709706831 0.346124940943 0.118823340729 0.413358510672
659 0.268249912233 0.341405770385 0.118940595663 0.414809535123
660 0.268868098631 0.32477943603 0.119234004072 0.415993861517
661 0.266654454548 0.333242796019 0.11919181862 0.417060599505
662 0.283612994152 0.351934299352 0.11878113821 0.41652279559
663 0.299915400003 0.360388576365 0.118570165657 0.416152971938
664 0.320446924343 0.371217628747 0.118604003875 0.415632341912
665 0.32700131974 0.394100063759 0.118855907733 0.415096066474
666 0.330401915558 0.419532886099 0.118959248362 0.416362061486
667 0.338339115914 0.421861074395 0.119031825277 0.416724777564
668 0.34874363481 0.403551082286 0.118970938162 0.417830104172
669 0.359196362171 0.382386594795 0.11867423091 0.417426179046
670 0.362473565313 0.368368702287 0.11876327308 0.418307125517
671 0.36307900517 0.387282530649 0.119235763349 0.418834987668
672 0.372203864548 0.398205300855 0.119467992653 0.418650456038
673 0.377975565773 0.412847333158 0.119165293922 0.419447843149
674 0.377170505478 0.410071872239 0.118710814406 0.419926340266
675 0.382157453542 0.407743458183 0.118611096816 0.420403999896
676 0.391103487725 0.392500193372 0.118613061335 0.420198190221
677 0.388048919943 0.393320543138 0.118992517718 0.41997934737
678 0.380197528888 0.408548655256 0.119114252281 0.420830860891
679 0.37762517298 0.424686353469 0.118923466968 0.420852827551
680 0.382206673 0.432945502759 0.118841258959 0.422695934926
681 0.389325268345 0.45105550124 0.11874988318 0.421013972513
682 0.405788311435 0.473823925223 0.118952608754 0.41863504239
683 0.427671992339 0.488755190754 0.118743740678 0.417640888322
684 0.43893279219 0.499272128385 0.118965234406 0.416916242882
685 0.453209573976 0.504101030597 0.119133733983 0.415105010472
686 0.464186469763 0.507428264046 0.119397871313 0.415353516438
687 0.471941824097 0.500978793264 0.11944112115 0.415964633349
688 0.484828920193 0.493664444487 0.119176002727 0.415699115074
689 0.491792513899 0.491557508235 0.119146438553 0.416719898691
690 0.505824714249 0.469302664834 0.119414093726 0.417678379635
691 0.520929710112 0.450421945822 0.119240743722 0.418938548637
692 0.545636565382 0.433143400946 0.119015125378 0.417604709887
693 0.561374674421 0.429323343045 0.118844465504 0.417021639734
694 0.579019894637 0.44420171774 0.119026570753 0.416358859682
695 0.597060825354 0.45215667151 0.118720745625 0.415781818652
696 0.619334318739 0.460773080414 0.118492060655 0.4139518985
697 0.633868950205 0.479370384659 0.118311441201 0.413684625234
698 0.649636666561 0.500595538161 0.11852888591 0.413308586151
699 0.659119838 0.507660389427 0.118718634774 0.412884204767
700 0.673544411759 0.503733979271 0.118815193246 0.413015395506
701 0.691500970701 0.498380072654 0.118718570717 0.411833308148
702 0.707890399618 0.507146323228 0.118660719768 0.41205816999
703 0.719892339494 0.493759283482 0.118685825476 0.411138562774
704 0.736643952026 0.485888856446 0.118914232464 0.410123617506
705 0.749578982623 0.472370247866 0.119222615241 0.411404350021
706 0.76696715163 0.455886033799 0.118966709563 0.413011672984
707 0.777803227602 0.443740258774 0.119112259991 0.414603378512
708 0.792250392751 0.442701886264 0.119235809675 0.415537015882
709 0.801061776054 0.433204195261 0.119222224433 0.416229499868
710 0.804230587932 0.429283258487 0.119058059545 0.416224172973
711 0.808572566586 0.440202332337 0.118993304365 0.418352160859
712 0.813258944305 0.437421817463 0.119126146262 0.420345089462
713 0.815269308668 0.428094016213 0.1191600989 0.420600217902
714 0.816039317767 0.441842568744 0.118892639623 0.419902661857
715 0.819820044696 0.431237451685 0.119077222058 0.42096901644
716 0.82672489465 0.417266736206 0.118813783674 0.421107476949
717 0.834006630918 0.403552753052 0.118814451844 0.420438347744
718 0.843125329506 0.380607852975 0.118615864762 0.419993235504
719 0.854320463538 0.383245769917 0.118770807487 0.420138438264
720 0.862696671907 0.386401609447 0.118500366929 0.419747764574
721 0.865890833604 0.401039703065 0.118451876502 0.420247143374
722 0.86457304691 0.417548139032 0.118455628782 0.421119562202
723 0.869773332889 0.415247724112 0.118694916413 0.421876839132
724 0.8695327773 0.433203319067 0.11865357195 0.421450445415
725 0.871208267246 0.432285468329 0.118731477908 0.421235994621
726 0.882465220573 0.432636706668 0.118877683607 0.42128734674
727 0.889944588649 0.429430073051 0.119206660903 0.422008686245
728 0.897240637707 0.428193425134 0.119343573167 0.421846297333
729 0.90892060407 0.417873711063 0.119466439179 0.42339550676
730 0.914492540688 0.412848934451 0.119168537623 0.423226370577
731 0.919711714184 0.414683867159 0.118895320606 0.4237690508
732 0.938040496957 0.384389463679 0.118863306045 0.424713038388
733 0.943823042833 0.389190843061 0.118929139715 0.426222892882
734 0.952973116825 0.404309634105 0.119327363422 0.427411527161
735 0.958913974975 0.400505638471 0.119056712239 0.427260552549
736 0.962318231917 0.40216163605 0.119307191764 0.426987278508
737 0.967877414457 0.393211068337 0.119295048729 0.426611115485
738 0.95518209106 0.387406273913 0.119476373827 0.42569578209
739 0.950501543769 0.378496673296 0.119688056983 0.42631792831
740 0.935288682864 0.391945157628 0.119921616503 0.426157644692
741 0.936686057404 0.389900806149 0.119587845195 0.42559629886
742 0.942656294059 0.377100930353 0.119165371516 0.425285058766
743 0.9605755672 0.368847918258 0.119243062044 0.426490382399
744 0.960700982378 0.362336258378 0.11892732468 0.42634238111
745 0.968541536424 0.362273792961 0.118871186594 0.426571876116
746 0.987095016342 0.366279721002 0.118948454528 0.426289130303
747 0.987700200838 0.37353799185 0.118949334217 0.426062025302
748 0.982279179377 0.369280502281 0.118912378955 0.425599025644
749 0.972548545298 0.405583414749 0.119094577958 0.426148839665
750 0.972500996867 0.443869389633 0.1189968362 0.42623527788
751 0.972833220239 0.482584207417 0.119130205935 0.426944736426
752 0.970833437999 0.509124110655 0.119268118797 0.428311575035
753 0.978946460736 0.473976327044 0.119262035668 0.431928884466
754 0.988838483745 0.467344461486 0.11935235832 0.433634356593
755 0.99262315885 0.475636960011 0.119302346212 0.432728019789
756 0.994754045289 0.473846921149 0.11920012783 0.43360425548
757 0.993671719762 0.491100011482 0.119087607943 0.434049859218
758 0.991560293051 0.51947341576 0.119200174744 0.435180841599
759 0.988497699369 0.537087226758 0.119048322279 0.435685941108
760 0.983644915321 0.559305263526 0.119306197109 0.436115163542
761 0.976395595331 0.580567944779 0.119356859489 0.436546235989
762 0.966709222787 0.595323331027 0.119434657772 0.43725514216
763 0.963531001625 0.594374742494 0.11946225332 0.436892259903
764 0.948887059735 0.597219751712 0.119523717802 0.436731751175
765 0.930895696138 0.595570966869 0.119746376407 0.436658822442
766 0.911082000583 0.585860921796 0.119548830875 0.436991857186
767 0.888366848849 0.576680385598 0.119211321364 0.436854667368
768 0.870205986742 0.562221561134 0.119130507979 0.436655688243
769 0.847451733052 0.559289036144 0.119092974355 0.436306712399
770 0.822851780166 0.560198141966 0.119280397207 0.43587296584
771 0.758232303881 0.507189034851 0.119351139585 0.435234930915
772 0.655063451395 0.449500227605 0.119059010202 0.433403825286
773 0.565867565883 0.414431810224 0.118946772047 0.433696837065
774 0.514131586069 0.381822063312 0.119168362517 0.430855852567
775 0.486678377359 0.343365328363 0.118886856794 0.431232894973
776 0.473460647152 0.314674569085 0.118533198627 0.433112389172
777 0.461737908073 0.293162683733 0.118331283939 0.437054607863
778 0.470193627493 0.283305075077 0.118022228132 0.4350846847
779 0.487375581556 0.281376644024 0.117843307901 0.433261600512
780 0.506497957732 0.284031974818 0.117461566646 0.432076248778
781 0.518893762329 0.289339684129 0.116942644304 0.430540108942
782 0.520565754322 0.294029936359 0.116135073048 0.430212713929
783 0.525700890922 0.298206698064 0.115914269622 0.427857807714
784 0.514018993802 0.294010006053 0.116233484487 0.426073459285
785 0.486734011911 0.296279090078 0.116754659766 0.424947061129
786 0.473681352635 0.2945849658 0.117563684145 0.425971738692
787 0.478403448421 0.27915101219 0.118060116789 0.426794877347
788 0.479105276054 0.279052544293 0.118163389119 0.426302073444
789 0.467470549117 0.281855610787 0.118224980733 0.424950050111
790 0.461884290565 0.276811588368 0.118112163116 0.425030095294
791 0.454023351886 0.273355270299 0.117746609555 0.424413459403
792 0.442098374259 0.264770936693 0.118263417087 0.425149630934
793 0.43454338919 0.266980051305 0.118318988191 0.425439615493
794 0.428648726681 0.269884885996 0.1181837711 0.425133499705
795 0.421742454746 0.26907527045 0.118223106217 0.424634400491
796 0.412238680155 0.275503904791 0.118389009879 0.424420863943
797 0.411816542933 0.280774911667 0.118481977258 0.424044762214
798 0.427617737324 0.27789356219 0.118494089762 0.423634311508
799 0.468468674847 0.270480121707 0.118337690584 0.421263260235
800 0.493651483335 0.272197374976 0.118166649366 0.418935395352
801 0.50079786913 0.278530300334 0.118192328669 0.417492595172
802 0.507345848436 0.288875467048 0.118118054188 0.41607845158
803 0.5080021911 0.292664845527 0.118332576634 0.414703669188
804 0.503829844707 0.299765564271 0.118492778193 0.412755577169
805 0.509730645474 0.310843140201 0.118532612464 0.411275907562
806 0.512660222099 0.314942887562 0.118458734222 0.409312218487
807 0.514334810869 0.31366430757 0.118569058276 0.408898545731
808 0.513659519255 0.315104848642 0.118537194096 0.408471803436
809 0.51298022028 0.323184419196 0.118530418421 0.407761569785
810 0.518647248011 0.32085081961 0.118660163256 0.408441777075
811 0.52173307712 0.312675154835 0.118826723005 0.408449751843
812 0.527659902188 0.319747579546 0.11866494507 0.407352449669
813 0.526712393448 0.322132956203 0.118569808487 0.406353171294
814 0.527457552962 0.324031077634 0.118648265976 0.406377809719
815 0.529645122203 0.309341763699 0.118707231606 0.406444712316
816 0.526678553991 0.314831772914 0.118774559341 0.406551617931
817 0.522516057197 0.322464182517 0.118816881263 0.406499725623
818 0.511792600065 0.325902939324 0.118851856895 0.406865640584
819 0.51258838656 0.323389037826 0.118797442261 0.405792312168
820 0.511669998036 0.327381446164 0.118700246191 0.404775838815
821 0.512104575987 0.335453902301 0.118609360943 0.403859915565
822 0.516119337271 0.332735942134 0.118354494726 0.404098585416
823 0.516050090019 0.332713983315 0.118507780328 0.404025526872
824 0.510113538932 0.329585358246 0.118162573767 0.402962760617
825 0.508200927864 0.32771054513 0.118199628576 0.403179255516
826 0.511939332166 0.319521450083 0.118226528886 0.404470074994
827 0.519891877777 0.326847782573 0.118520610109 0.405658906064
828 0.51826710791 0.332677453028 0.118664964513 0.405365874059
829 0.517903445215 0.324463065768 0.118610606868 0.404541022355
830 0.526908263143 0.319799710839 0.118554501314 0.404336949087
831 0.52918438737 0.322536317438 0.118567330718 0.405519795718
832 0.531471436558 0.329013446496 0.118498678769 0.403691170097
833 0.537094403355 0.32910447821 0.118640249758 0.402926378736
834 0.543311531877 0.331878435699 0.11869740859 0.40294314545
835 0.5513708371 0.340574527749 0.118560877397 0.402851588701
836 0.555115423753 0.349003887921 0.118675572626 0.400979097153
837 0.563408485518 0.351430618148 0.118520072275 0.400602202549
838 0.571978535923 0.356742182208 0.11858506308 0.398894182422
839 0.580472301236 0.35153312097 0.118719465753 0.396478582243
840 0.59402198361 0.350912965107 0.118487746482 0.395182493236
841 0.604625538258 0.339719961858 0.118578229941 0.395008534297
842 0.616379679267 0.335102602249 0.118815643541 0.395736232958
843 0.626769111868 0.344256045366 0.11886876159 0.395863480953
844 0.636043871931 0.348223492056 0.118642873762 0.395710734563
845 0.643268696649 0.351428962455 0.118464894872 0.395956566137
846 0.658216755445 0.347445895804 0.118545180387 0.396805584654
847 0.667251813612 0.348487706605 0.118988355628 0.397265549902
848 0.679053307308 0.361573135862 0.119112674523 0.397042236591
849 0.686211699935 0.36696737462 0.119212363978 0.396011377502
850 0.699093909376 0.368228681598 0.118820432715 0.396610728202
851 0.709671864331 0.364043488763 0.11871280149 0.396739658176
852 0.718889801722 0.360129935674 0.118778413821 0.396432282247
853 0.728500497995 0.349970730622 0.118659048408 0.39475504277
854 0.742771774763 0.359111652297 0.118475954742 0.393595591061
855 0.754243202275 0.353603132751 0.118928919796 0.39438325804
856 0.767041901477 0.34998154352 0.118871938316 0.393671863131
857 0.779090556 0.350956665742 0.118800327858 0.394255328047
858 0.807061204133 0.360102646976 0.1187932576 0.395022357459
859 0.834726022283 0.367150833381 0.118928299342 0.395139080862
860 0.847471320243 0.372169778017 0.118671247568 0.395965921974
861 0.862065210478 0.381264541971 0.118525011151 0.396786139478
862 0.869583802304 0.388156035961 0.118449442836 0.397065588943
863 0.869880911188 0.39916862895 0.118593462799 0.397612345764
864 0.857415313429 0.404699666638 0.118830541147 0.398619670613
865 0.84850044387 0.408328064305 0.119077094305 0.3987223686
866 0.835406309209 0.408517678568 0.119383469363 0.39789653053
867 0.821948714942 0.383617838328 0.119226864835 0.397156899283
868 0.820337994357 0.347700695154 0.11932474586 0.396929164242
869 0.811473885593 0.338923982706 0.11916915419 0.396884248725
870 0.80343874633 0.346203115835 0.119067600631 0.396890300617
871 0.795411583479 0.349978136097 0.119124889456 0.396088780597
872 0.783847451137 0.363769878019 0.118974033207 0.396443671784
873 0.769383409172 0.375887956516 0.118918550378 0.396245027089
874 0.755299826918 0.387755082343 0.119233312928 0.396390794851
875 0.733262939251 0.39863303087 0.118998474434 0.396171350288
876 0.711245905707 0.411373697245 0.118835738716 0.396281917037
877 0.692768904642 0.410999788874 0.118784610483 0.395467828777
878 0.66964970037 0.406084904176 0.118513122721 0.394888607909
879 0.645436398391 0.410355223745 0.118509471666 0.39345003485
880 0.62318493629 0.402343372722 0.118641389782 0.393659624077
881 0.601203646601 0.381911391712 0.118812376552 0.394100345142
882 0.583809146459 0.380513796662 0.118878121543 0.394978622162
883 0.567959306858 0.384356590878 0.119050842165 0.396539293567
884 0.548867005453 0.373191576063 0.119173480058 0.398418919518
885 0.516526275595 0.384316200835 0.118945210284 0.399994386932
886 0.493326864501 0.403418390197 0.118844489168 0.401494376599
887 0.471823646924 0.421717164175 0.1186020328 0.400746130219
888 0.455021633021 0.424361686411 0.118671838276 0.399261162455
889 0.436949209208 0.428547427888 0.118764831527 0.398292549453
890 0.430440955978 0.410693095647 0.11895568942 0.398968751395
891 0.42056271218 0.401589753502 0.119137641709 0.398250502593
892 0.413702537051 0.385299191645 0.119117048154 0.398125897589
893 0.432287875057 0.36964348736 0.119215101753 0.395678795627
894 0.456818180151 0.354414380886 0.119384944742 0.393409385345
895 0.472171379103 0.358911414316 0.11907315171 0.392454929634
896 0.47959932194 0.35927949067 0.1188542815 0.391822222768
897 0.479709634804 0.360792615756 0.118811685374 0.390776729757
898 0.482600623537 0.358133899842 0.118970465147 0.391397191208
899 0.485110614061 0.348328852227 0.119156678046 0.390900987932
900 0.485274067976 0.353661907788 0.119016347526 0.3903604356
901 0.492864157684 0.352883005167 0.119238168093 0.391323490803
902 0.494636164713 0.352970658463 0.119012510783 0.390997585051
903 0.492767072973 0.343660259074 0.11876206769 0.389551358309
904 0.493348997272 0.328756703372 0.118477032287 0.38924583133
905 0.498362761866 0.327734674256 0.118599167884 0.390115428597
906 0.503127521782 0.334213478193 0.118593355483 0.389929786651
907 0.502332730844 0.364236678197 0.118732936834 0.390036488782
908 0.497557579051 0.419065850785 0.11884937492 0.389908617678
909 0.481639531797 0.508798862697 0.118990242327 0.388264258989
910 0.470576980861 0.575269138399 0.118734751781 0.387023295208
911 0.465747898504 0.618689180839 0.118822230989 0.387736588778
912 0.465114668905 0.636538957787 0.118746114196 0.388438296224
913 0.480960506987 0.651341985651 0.118780870617 0.38894606972
914 0.504438100728 0.660447871531 0.118723629603 0.3886455526
915 0.532936781674 0.651149847639 0.118572005479 0.389413670542
916 0.557319499561 0.648484325176 0.118812996538 0.38946010778
917 0.596740269941 0.615608034014 0.118993405485 0.388932803155
918 0.624201756157 0.554112181413 0.119195870843 0.389400320577
919 0.641590913153 0.510546898184 0.119470321822 0.389652965743
920 0.657168492598 0.489606921944 0.118760316054 0.39016188298
921 0.678486756279 0.498602358139 0.118326069925 0.389616246917
922 0.703935701904 0.494055855865 0.118692754449 0.390709471591
923 0.736709540414 0.497941718174 0.119014665439 0.3904295337
924 0.769054452594 0.511003600348 0.11897953856 0.389299385195
925 0.789659490205 0.52090955342 0.118898007904 0.389078659987
926 0.810829555004 0.53735957931 0.119069129212 0.388972172392
927 0.830161128183 0.547501574019 0.119358886084 0.388685817003
928 0.851832665594 0.552257602647 0.119253999752 0.389336896749
929 0.885261665941 0.548554002149 0.119412263144 0.389488380747
930 0.922261954497 0.570025369823 0.119306598588 0.389724772568
931 0.94641233493 0.5594487676 0.119564371624 0.390374295745
932 0.942466860944 0.517922500012 0.119725827612 0.390090793826
933 0.942270791699 0.46865580544 0.119557636314 0.388614090979
934 0.946680407812 0.405468668925 0.119090030248 0.387228227036
935 0.957127883794 0.416964313966 0.118956330193 0.387592321228
936 0.964555614551 0.456452825784 0.118694447461 0.388403857553
937 0.982660216397 0.465430326567 0.118665704304 0.390231250223
938 0.989080610194 0.473876285537 0.118757553721 0.390951475168
939 0.979433641898 0.473742448333 0.118920815797 0.391584335103
940 0.881694925925 0.474042261792 0.119196360126 0.389274327604
941 0.705006480664 0.452972690621 0.119334247565 0.383153094421
942 0.59899665488 0.43502824355 0.119178521497 0.378346460942
943 0.597578805343 0.431828868231 0.118931968531 0.377430596044
944 0.60031521489 0.429339005144 0.118702392778 0.376993018489
945 0.597340667594 0.429274303324 0.118801519397 0.377427560592
946 0.594429352262 0.414670515872 0.118512138472 0.377369149599
947 0.588432344498 0.404271934987 0.118588248079 0.377489805494
948 0.580958180154 0.395148292551 0.118639616617 0.377575767744
949 0.580712717019 0.388922708475 0.118578229093 0.378224953163
950 0.58575497027 0.39422315092 0.118683178283 0.378488173339
951 0.582285603527 0.387281055369 0.118991862081 0.379416774906
952 0.586884496613 0.378494368495 0.119108832759 0.380003020901
953 0.591011295881 0.383610255841 0.11923558008 0.380074053161
954 0.587276357322 0.391849854286 0.119090401459 0.378480128991
955 0.584695518623 0.400482350291 0.118965663891 0.379034607412
956 0.587618313445 0.398109409869 0.118831643874 0.37993199871
957 0.593167619126 0.399207409022 0.119091832466 0.38017193581
958 0.592466567488 0.403276569051 0.119220393348 0.379780291528
959 0.589666646087 0.395511973034 0.119276484076 0.381299147009
960 0.584185693103 0.404701177409 0.119005444049 0.381856564958
961 0.577416981673 0.404491950329 0.118812920213 0.379804846027
962 0.563122393205 0.413726220926 0.118913531731 0.381271455838
963 0.546850010578 0.40597888115 0.119365017966 0.382364514667
964 0.523742745979 0.395097720374 0.118831180531 0.385336266545
965 0.50237018176 0.384668605663 0.119442694345 0.387363493003
966 0.486394052419 0.394462839497 0.119379585783 0.386115927763
967 0.467928873981 0.40075197705 0.119253153015 0.386983861677
968 0.45596927754 0.410506230026 0.119100194127 0.38996343131
969 0.446963836421 0.411690696278 0.119069256337 0.38836827066
970 0.449951043786 0.399971926291 0.119006587797 0.387473566397
971 0.453661857903 0.37527068799 0.119075734742 0.38983770533
972 0.457109790843 0.364419294709 0.119193848393 0.388705753059
973 0.453954131952 0.371990382522 0.11908010207 0.388264406497
974 0.446903605051 0.378764437805 0.119202831269 0.388499037805
975 0.440751974263 0.382025849481 0.119317864574 0.388404588052
976 0.440623314128 0.396093544568 0.119336539564 0.389182534144
977 0.438757418619 0.389208329653 0.119177844114 0.391615633056
978 0.426765980329 0.392670058559 0.119201767934 0.393004349961
979 0.417726832126 0.40811444092 0.119264047189 0.392531574779
980 0.417133055839 0.420690391108 0.119255931233 0.39303449722
981 0.414453035802 0.436538488474 0.118943447406 0.393069013497
982 0.411512202072 0.453447933849 0.118948533587 0.392058943708
983 0.403104890058 0.461654547534 0.119403209933 0.392262708983
984 0.396587093446 0.455510628876 0.119069082748 0.39160580236
985 0.394762854364 0.437165236735 0.118537118128 0.393723562918
986 0.385869978184 0.422335262388 0.1188079109 0.39500833453
987 0.377147886947 0.421185759493 0.118727694153 0.395085736424
988 0.372884256049 0.408852314858 0.118567679562 0.398108346418
989 0.37077006273 0.393259176452 0.118753042372 0.397731458675
990 0.362727445393 0.389102603356 0.119182328247 0.397650859481
991 0.352180985267 0.383318727381 0.11891261171 0.395420460265
992 0.339510561616 0.386079448747 0.119056176506 0.394639274621
993 0.325216704577 0.374166395315 0.118987978786 0.392777629232
994 0.310954835511 0.367140192182 0.118821979036 0.392861605142
995 0.294080205199 0.371723846822 0.118821268228 0.392489164501
996 0.280824184062 0.37926662637 0.119094670213 0.391585440173
997 0.27138040125 0.37082762211 0.119316879031 0.391251069198
998 0.258994070436 0.371973828779 0.119459346893 0.391052688334
999 0.26077532063 0.356570142905 0.119082206776 0.391590641737
1000 0.270657740927 0.329233602553 0.119143410927 0.390914589851
1001 0.275295563436 0.316846058983 0.11913092311 0.391640431134
1002 0.282547959727 0.310017204687 0.119288274695 0.39035350098
1003 0.286423492036 0.316141059261 0.119418163962 0.388633540481
1004 0.293675746271 0.3158652505 0.119548410734 0.387244762578
1005 0.301795751321 0.312830413907 0.119304674234 0.387992808156
1006 0.308334844646 0.322407808797 0.119166422843 0.388057998705
1007 0.309527000091 0.325004761754 0.118871695224 0.38793031977
1008 0.307950773713 0.330076085894 0.118912044474 0.389607348174
1009 0.306976146938 0.353675221274 0.118533979639 0.390673438324
1010 0.300045073551 0.378204102485 0.118277150439 0.390882268151
1011 0.299044149298 0.398020106335 0.117859932485 0.389151456141
1012 0.29559098953 0.392623999975 0.117653896017 0.388977855209
1013 0.288812770807 0.383629877722 0.117942250839 0.388610884444
1014 0.283904740654 0.38116022884 0.118359177139 0.388556144958
1015 0.296815348719 0.369722120593 0.118338669077 0.388591157101
1016 0.297321854433 0.351944990597 0.118334734405 0.387594371216
