./../data/Vid_B_cup.avi.avi
0 0.389601 0.384615 0.146011 0.244065
1 0.393474668245 0.373323705773 0.145086309732 0.243530682757
2 0.393138750994 0.387893232261 0.145253025935 0.242332239475
3 0.39532316968 0.395072584982 0.145341523374 0.242241049998
4 0.394222776896 0.397898716414 0.144687149804 0.242156682105
5 0.397130732877 0.398860618841 0.143505730567 0.241516351135
6 0.385937900291 0.390432990047 0.145484426665 0.241152146347
7 0.391302079559 0.387884190232 0.144419167065 0.242396809929
8 0.389303670353 0.391520589633 0.144502051089 0.24188862967
9 0.388964998293 0.402390989645 0.14386563959 0.239666132178
10 0.391300579448 0.402857217925 0.141590922874 0.240766072453
11 0.390983319862 0.397165374814 0.143134851875 0.240963229214
12 0.387190330523 0.411878517024 0.142915445523 0.241976088256
13 0.382242612426 0.405101993791 0.144068581954 0.24245680129
14 0.379117818974 0.40929837865 0.14533786213 0.240878746878
15 0.377903160358 0.408049268872 0.144085077104 0.242457178603
16 0.375784348126 0.411737001478 0.144204172023 0.242211405676
17 0.372620523036 0.412045121489 0.14427400468 0.241505103187
18 0.3726379304 0.415117108128 0.14364538642 0.24074564634
19 0.369720755694 0.40916596046 0.143556187903 0.240892676907
20 0.372838270334 0.418560965192 0.143640380083 0.240734912759
21 0.376602479948 0.407902246207 0.1420273498 0.241192090415
22 0.370384274755 0.403770644347 0.142378343493 0.241221095312
23 0.380215843067 0.397555761951 0.142782651999 0.241452105457
24 0.386933594449 0.399020618698 0.142677967187 0.239758575115
25 0.391753138507 0.3942656716 0.142375053124 0.241598809047
26 0.408715014716 0.396852851721 0.142710002093 0.239531700366
27 0.411124701921 0.408701034231 0.142589068108 0.240871637186
28 0.408025515014 0.404424023171 0.14300620402 0.239423835118
29 0.40612062103 0.387833727185 0.14453483585 0.242505314282
30 0.413354203226 0.397412341072 0.144042094907 0.240627861214
31 0.407780204825 0.373252115567 0.143099249973 0.244400440757
32 0.401790813508 0.36894989972 0.143386003619 0.243110797489
33 0.397736839136 0.364319453765 0.143419722941 0.243102820445
34 0.390910858926 0.354437169013 0.143753038517 0.241408350715
35 0.386217390178 0.349270827154 0.144096493715 0.2420988922
36 0.388575373449 0.343675641585 0.144085484753 0.241634369354
37 0.385464511599 0.34450627721 0.143773920476 0.241617428734
38 0.371581201194 0.345418054635 0.143170640873 0.242436531628
39 0.373776515535 0.352371672335 0.143651817421 0.24197269346
40 0.379744175277 0.362350436158 0.144095309788 0.239997663344
41 0.369857127428 0.366417327058 0.143843096234 0.24121787899
42 0.371785269032 0.375529540703 0.142596337859 0.243462176888
43 0.368481631675 0.389320035668 0.143388368172 0.243467597719
44 0.36909986827 0.403242377524 0.143033680889 0.241696505155
45 0.369269128807 0.407415722688 0.142862640552 0.241474379156
46 0.37162149314 0.406928704079 0.143408448424 0.241960698124
47 0.37992284008 0.397904506165 0.143062982712 0.242473524814
48 0.377105241349 0.402458815154 0.144686075488 0.242342808188
49 0.380955965014 0.402727549962 0.143990858968 0.241866853281
50 0.387164976072 0.396477973671 0.143748966386 0.242604701109
51 0.38692736324 0.391777040972 0.143034131838 0.241064378926
52 0.37568438809 0.393156914023 0.143811530936 0.240559669909
53 0.392910918357 0.387367891779 0.144987132749 0.242079747398
54 0.393869803779 0.39958119633 0.144357791354 0.241641509681
55 0.384992560994 0.402145247521 0.144362708037 0.24048279866
56 0.384944108131 0.394068925991 0.144310903887 0.238850292021
57 0.387830749717 0.387175630548 0.14433577854 0.241926625979
58 0.387453185553 0.389227179527 0.14457549157 0.24122665099
59 0.381516673216 0.387108029703 0.144619059298 0.240051055219
60 0.383021613245 0.386233812437 0.144439338928 0.240872432615
61 0.384863928218 0.400875299745 0.144394284507 0.240967404083
62 0.375514999804 0.404086800351 0.144308191036 0.243185079974
63 0.377668467473 0.419870789338 0.143247827945 0.242334322657
64 0.392454248935 0.434835213299 0.14318171738 0.242223808261
65 0.37928120034 0.432442290757 0.143384179967 0.24186262639
66 0.380424605267 0.457708069117 0.144767344909 0.241666251408
67 0.390802189416 0.455107873134 0.144688160001 0.241496459003
68 0.395360898589 0.446752475585 0.144457958032 0.241358347338
69 0.393884912981 0.447372130876 0.144469249728 0.241133320762
70 0.401452609448 0.446018791309 0.144087581125 0.241401319977
71 0.406473601178 0.438590423212 0.143612806406 0.241463063102
72 0.410036922475 0.427843111448 0.143401948057 0.241186805242
73 0.40663602724 0.413070788034 0.143577007965 0.241559284586
74 0.431055535477 0.47156676709 0.143223985602 0.241422088161
75 0.417300949545 0.408473926632 0.143388936124 0.241495421634
76 0.419552422406 0.421204475519 0.143960403639 0.241116630831
77 0.410161755871 0.605458604159 0.143133391341 0.240482557363
78 0.427875795065 0.671693231291 0.143804273401 0.241717687287
79 0.458953204758 0.759847851746 0.143385070273 0.240981101986
80 0.440393807181 0.757076744738 0.143611107445 0.241164864282
81 0.419209602935 0.685376067013 0.145084200465 0.240743813043
82 0.381026478319 0.68152036577 0.143917020904 0.241445792776
83 0.346342551232 0.689725381155 0.144133213898 0.241343623067
84 0.311880419644 0.69249126137 0.143912708099 0.241176036456
85 0.290750573497 0.690629256659 0.144032230756 0.240949660193
86 0.307591686084 0.695074181228 0.143858297817 0.241188646518
87 0.331109234968 0.694067946886 0.144126868808 0.241646803795
88 0.313729041563 0.697816762921 0.144429734512 0.240544548278
89 0.267494330494 0.719145477534 0.144110167667 0.240828445133
90 0.250471849884 0.712506104888 0.144361581779 0.240664323041
91 0.233731429453 0.701911926269 0.143700774271 0.240002150061
92 0.237985542261 0.699472626821 0.143752857294 0.240253223918
93 0.227927402415 0.701225119264 0.144174057423 0.239431407198
94 0.228597140522 0.70829109158 0.14400623219 0.240432723387
95 0.21608030093 0.706489090283 0.14402902855 0.23884283192
96 0.219882723915 0.706321848354 0.143336241102 0.240949223598
97 0.208472244926 0.706548415668 0.143150805138 0.240742876601
98 0.222459804486 0.711669874118 0.14301295356 0.2413918993
99 0.213291855882 0.713791344448 0.142423108125 0.241393976129
100 0.215341801494 0.706024546932 0.141256778612 0.241104996753
101 0.21924552419 0.711594260804 0.142949214813 0.241711771591
102 0.22239537043 0.700105180482 0.142986488542 0.241746557172
103 0.223269044391 0.695858641598 0.144137116674 0.240495193516
104 0.22508594201 0.695288655391 0.14365343638 0.241564126409
105 0.22654924297 0.697280830031 0.143672554407 0.241488140368
106 0.23113566068 0.694431218284 0.14376338538 0.240594657406
107 0.248587572056 0.682347556366 0.144298174385 0.240805978252
108 0.245970953541 0.688444482262 0.14374561737 0.241121690078
109 0.23973315981 0.709104255825 0.144012450985 0.24145877838
110 0.252009306695 0.69796899631 0.143545660613 0.241694396309
111 0.250644318138 0.693218297523 0.142658879957 0.241729320405
112 0.249274906587 0.69582482586 0.14293869231 0.241645073486
113 0.242391531731 0.683103617044 0.142806837417 0.241292219984
114 0.242799273159 0.674971167213 0.143075852994 0.241885212588
115 0.242154205272 0.683835037205 0.143468326159 0.241700081255
116 0.252330059364 0.685105274735 0.142375154691 0.239482212288
117 0.237034068893 0.674143480625 0.143234021411 0.241078967589
118 0.219469982259 0.679315880091 0.14314793085 0.241570946564
119 0.212621617519 0.679523523914 0.143178291783 0.241087459954
120 0.199270843755 0.675864080265 0.143922889476 0.241256035416
121 0.16904984368 0.672386995214 0.143799958123 0.241279328477
122 0.177084100706 0.672843006529 0.144022831329 0.241290012722
123 0.164924542869 0.664425560541 0.14371652983 0.241628495399
124 0.153157198129 0.664180068303 0.144045443886 0.241419527119
125 0.136291240787 0.660907357356 0.143188142546 0.242059356787
126 0.126464279788 0.657809367185 0.142170435483 0.242507364456
127 0.101726279981 0.659245405822 0.142488973387 0.242500185264
128 0.0843759750167 0.665140251542 0.143460249252 0.242169751529
129 0.0855937367646 0.6605490694 0.142829603732 0.242551143974
130 0.0889684080558 0.658230746854 0.143204175806 0.242333028417
131 0.0948181175479 0.655167170663 0.143568523592 0.242800348473
132 0.0719638419062 0.660306988101 0.14355537345 0.241799963016
133 0.058656193119 0.655168525139 0.143650755376 0.243205784297
134 0.0505816228441 0.660078770228 0.143725858055 0.242536838498
135 0.0412331110322 0.662383874172 0.144066137335 0.242171299322
136 0.0522982191527 0.66437759062 0.143948553909 0.241749998084
137 0.046222996391 0.662569379716 0.144453089129 0.24233189332
138 0.0330805124395 0.66410049836 0.144479245742 0.242395670981
139 0.0402616166073 0.658740836416 0.143598342897 0.243077476801
140 0.0455483971843 0.660993936756 0.144129968773 0.24203152704
141 0.0402366567503 0.670719052999 0.144629413785 0.241257144105
142 0.060637275625 0.658076022965 0.144097135484 0.241635430941
143 0.0456332501176 0.653498059371 0.145202683158 0.241943488886
144 0.0363242586936 0.65208943002 0.144688075969 0.241670020584
145 0.0302526973804 0.639618261068 0.143362116296 0.240348360232
146 0.00648214207094 0.645176056714 0.143789542952 0.240214791933
147 0.0112843812134 0.640056367116 0.144133693658 0.240109343773
148 0.00659684383009 0.637625934956 0.143221545956 0.240926380044
149 0.00031902289353 0.634333285181 0.143047318582 0.241767738585
150 0.0131757843797 0.641421962995 0.143022857803 0.242025534399
151 0.00612996456045 0.638876473291 0.144097159363 0.241550101487
152 0.000765989812905 0.639164388063 0.143865370837 0.242570914526
153 0.000625472563101 0.640075055155 0.144103630691 0.240613354125
154 0.000161709650153 0.635450511661 0.144243786744 0.241319609278
155 4.23286520189e-05 0.640865874309 0.14343394028 0.241556964506
156 2.98661892617e-05 0.631642318643 0.142366406125 0.24268657567
157 7.51455783714e-05 0.628810231754 0.142341430254 0.242644396755
158 0.000393017629362 0.627224563575 0.143228827704 0.243547515277
159 0.000432877406617 0.622848354942 0.14410903305 0.24612549739
160 0.000722562515363 0.624423551695 0.143489865117 0.247034346954
161 0.00355946963344 0.628593444841 0.143595458395 0.248594282083
162 0.00264260094686 0.621274380919 0.143055781363 0.251211507728
163 0.00154886974458 0.630264570315 0.14186118506 0.249708929547
164 0.00266752024345 0.626779111594 0.141518379923 0.248663899968
165 0.00283660130787 0.627035711285 0.141741798891 0.248448051643
166 0.00442772904887 0.639497471715 0.14097569429 0.248291851819
167 0.00963989410152 0.624973771949 0.140159958819 0.248997692498
168 0.0048551280181 0.589519419428 0.140019449209 0.248630288368
169 0.00216672078063 0.56838643136 0.140264997811 0.251766021596
170 0.00147308038064 0.579317714935 0.13885328057 0.253825974224
171 0.00187414675366 0.543991668646 0.137246869025 0.252623745431
172 0.00309680068463 0.322379116602 0.139016767123 0.24532527312
173 0.00036712211797 0.157635725243 0.147892590734 0.245652272708
174 6.41578439686e-05 0.133154617658 0.14327411483 0.245287944667
175 0.00189664785198 0.134756754363 0.146127347771 0.242645192129
176 0.0043103136162 0.143283003011 0.144980432693 0.241861988356
177 0.000961852175155 0.138628593451 0.143746940963 0.241345299836
178 0.000844684726715 0.141115233146 0.14353475158 0.240778155672
179 0.000346933899567 0.153183924843 0.143878598933 0.240513008593
180 3.32466406929e-05 0.155932052854 0.143739114023 0.240316577155
181 0.00105180814458 0.175317769447 0.143462142266 0.239497022712
182 0.00755301582381 0.189666317276 0.143168293388 0.238168330153
183 0.0541871618667 0.165536900258 0.143726163539 0.237037572006
184 0.0444444089297 0.183002609477 0.143088202278 0.237033926555
185 0.0366518131917 0.199411745393 0.142412135619 0.235813828996
186 0.0378971923332 0.19062309038 0.141926165625 0.235228087141
187 0.0637566379088 0.159041375661 0.143573502678 0.237801908128
188 0.0660461500331 0.155914044582 0.14146416989 0.235615863572
189 0.0814859373181 0.154653489323 0.143418266295 0.235964125808
190 0.0733280075221 0.140069724465 0.143099162966 0.24057785648
191 0.060866075327 0.153783202672 0.143828077971 0.239852774994
192 0.0616900997058 0.157432194331 0.143665364896 0.240980011472
193 0.0568775398986 0.150756477916 0.14350394322 0.240798511932
194 0.0483354393573 0.150708823062 0.144017484277 0.241358691092
195 0.0484809405568 0.145430008041 0.144180030467 0.242933481614
196 0.0406963668904 0.146465351551 0.14524108402 0.243259353365
197 0.0316176109345 0.149897927856 0.144890067459 0.242646593994
198 0.0327366098319 0.14627760619 0.145020828003 0.242393831163
199 0.0254194870743 0.149041640372 0.143944084583 0.242249674714
200 0.0173053298903 0.14321156385 0.14396460158 0.241551419043
201 0.00403481306789 0.140269317719 0.143959713824 0.241649940023
202 0.00139292869848 0.136728194186 0.144212590543 0.240991569756
203 7.46455489414e-05 0.133358494977 0.143274729315 0.241507633833
204 0.000105386891083 0.138848628949 0.142903905318 0.242267522272
205 6.0409779252e-05 0.153483707789 0.14377039442 0.242173648699
206 0.000332135333181 0.171906528273 0.144347944121 0.241753853608
207 0.00031954810026 0.177835610529 0.144137822167 0.241611578125
208 2.40873087095e-05 0.182703871999 0.142635761285 0.241493707529
209 0.000172786714717 0.18431667839 0.143308182212 0.240936279294
210 6.75189092216e-05 0.177052641917 0.143882770392 0.241555437881
211 0.000197883404971 0.173457137442 0.144471798813 0.241189904249
212 7.9281881279e-06 0.162849923356 0.14417851254 0.24146613067
213 7.49058478925e-05 0.144835297302 0.14460264663 0.241518273607
214 3.39541169524e-05 0.155528487579 0.143899392121 0.24156317036
215 3.83473038482e-05 0.153213728868 0.143713325608 0.241911679979
216 0.00090711556892 0.151725294026 0.14163615258 0.240926749816
217 0.000162650202836 0.152000775917 0.140419756658 0.239235215714
218 0.000204236781219 0.156169897345 0.14058081971 0.238215157128
219 8.07381207466e-05 0.154649205647 0.141924391266 0.23850763334
220 8.98724300839e-05 0.150296600759 0.139982490242 0.240386717114
221 2.98654687185e-05 0.137394917115 0.127246232685 0.241734998223
222 2.09480548617e-05 0.140392556871 0.125703953106 0.2419795171
223 0.000161697908916 0.135663350494 0.128311578909 0.241854530668
224 0.000832771148644 0.129213321503 0.129848634803 0.241594197522
225 0.000402717648708 0.127991917195 0.128062591573 0.241400248473
226 0.000415149266582 0.13460703321 0.126354747081 0.241371946772
227 5.22365307906e-05 0.129365547536 0.125930344642 0.243146595561
228 0.000123446475107 0.127868449811 0.123073303973 0.241760755643
229 8.58205022703e-05 0.134119867535 0.12140070313 0.242184468228
230 2.95707438809e-05 0.134195026652 0.120092337174 0.242849187736
231 0.00067808375432 0.154976964936 0.11583611236 0.241977928563
232 6.56353185616e-05 0.167145354547 0.115279133175 0.240671988518
233 0.000285544976965 0.175882473306 0.114450090337 0.240854799325
234 0.00259315460278 0.181960941237 0.115887844358 0.241703531297
235 0.00333306712728 0.183118411924 0.11589445341 0.241804241306
236 0.00479990366885 0.186146432633 0.116167575101 0.241639379235
237 0.000785623290445 0.21122809915 0.116900062319 0.241542112696
238 0.00317687395152 0.216994397083 0.116191506391 0.241630477164
239 0.00633426067547 0.209345178643 0.116150671084 0.241306894766
240 0.0139102098347 0.218047389738 0.11533065996 0.241397377735
241 0.0296358522991 0.241581968886 0.114912470608 0.24107321039
242 0.0853722703306 0.289253419291 0.114309714509 0.240373216472
243 0.103138643522 0.407343104189 0.11637606407 0.241392726078
244 0.0941740437493 0.48049255792 0.113179341855 0.241784745122
245 0.0927432229593 0.501575536502 0.113074890422 0.2418186148
246 0.0867588273825 0.515228719933 0.112876323732 0.24191615496
247 0.0666631380572 0.512277013406 0.113164268538 0.242678457371
248 0.0495165919361 0.490997171382 0.113128922395 0.24282144991
249 0.0554186463366 0.494482553771 0.112978996502 0.241805863949
250 0.0311169895782 0.474565221975 0.112763037697 0.241561249567
251 0.0192586688004 0.492974230691 0.11310978818 0.241225557096
252 0.00544130770824 0.47233230271 0.11332926731 0.24221534528
253 0.025158611941 0.474997571899 0.113057066292 0.241772739495
254 0.035125160872 0.469075364807 0.112805397857 0.241456923218
255 0.0604287097257 0.464336439183 0.112897077373 0.241908620408
256 0.0671811604804 0.464545644995 0.112885427547 0.242646232203
257 0.0745763849304 0.460626946571 0.112847693846 0.243172244244
258 0.0824921108893 0.443538897542 0.112765439259 0.24225350059
259 0.103297105592 0.450337703912 0.112730394685 0.24215944166
260 0.12291497176 0.458672367461 0.112663578695 0.241595961776
261 0.112428244044 0.459613664972 0.112672746937 0.241522117209
262 0.131955153424 0.461561603667 0.112392270825 0.241533241021
263 0.133025572237 0.465998814344 0.112633863221 0.240927167323
264 0.138706713293 0.448755893715 0.112615053613 0.24268221065
265 0.150511410093 0.444570827977 0.112684712613 0.241874794482
266 0.137427005383 0.436040736529 0.11257163487 0.242150790374
267 0.150506648743 0.44081014408 0.112836840206 0.241641585143
268 0.158298340239 0.431977348839 0.112619037311 0.24066699799
269 0.157751450164 0.42813359287 0.112487426181 0.241226111771
270 0.158785871153 0.419742429282 0.112702537103 0.241361143864
271 0.163494396096 0.421133475742 0.112599197675 0.241496708212
272 0.155675402749 0.422529575875 0.112517617039 0.241630858463
273 0.16272664314 0.415924313314 0.11243752283 0.240252128213
274 0.168921651391 0.408772671224 0.112647522776 0.241389016797
275 0.168876494864 0.407503090209 0.112498701278 0.241788154869
276 0.164238552342 0.410598775835 0.112421775297 0.242754318961
277 0.139248121017 0.414145255477 0.112705137755 0.242367378414
278 0.128907929723 0.428213869972 0.112684018017 0.242598012721
279 0.114600874446 0.412118609341 0.112112674915 0.243223188796
280 0.102158998737 0.412059120935 0.112154582684 0.242414159475
281 0.0858718464213 0.413688419719 0.112454477428 0.241598915237
282 0.0879125176825 0.418105550379 0.112498152474 0.24159750196
283 0.0794501017607 0.410874933462 0.112018876328 0.242257683472
284 0.0738371190739 0.410927674646 0.112208271914 0.242747305686
285 0.0632049556308 0.421806057552 0.112438731615 0.242822915537
286 0.0655012679842 0.434290931426 0.112746883032 0.24214629892
287 0.0555334735451 0.440223236502 0.112444056711 0.241774388227
288 0.0491875119438 0.457588132527 0.11262613849 0.241889399823
289 0.0455333936102 0.452687380621 0.112576423338 0.24168348123
290 0.0474388222074 0.459052528293 0.112439640701 0.243342371375
291 0.0333780061553 0.473053306836 0.112808151333 0.24259030331
292 0.0126451558374 0.474276526257 0.113143104488 0.242385521544
293 0.00612525040607 0.475617994364 0.113175940426 0.242736791308
294 0.00389205421047 0.475229483536 0.112853275958 0.242469985797
295 0.00278323282394 0.472901872871 0.112469676664 0.241830091905
296 0.00181470680949 0.475081393277 0.112381802529 0.241344699103
297 0.000438689476291 0.476925680956 0.112375642893 0.241502389505
298 4.4947485789e-05 0.496670835291 0.112379830997 0.241202370092
299 6.06155589295e-05 0.504595671816 0.112658215032 0.241397411084
300 3.01349940299e-05 0.505141414956 0.112647452617 0.241670991045
301 1.77187597781e-05 0.499259541718 0.112512144326 0.241887873694
302 1.82638338346e-05 0.495373217983 0.112488610122 0.24260984628
303 1.23237250974e-05 0.501083561503 0.112595799538 0.242170712522
304 6.38513811335e-06 0.500401361311 0.112345611616 0.241443035215
305 3.81417205983e-05 0.500775852752 0.112183166505 0.24251671409
306 0.000117037724079 0.496960227499 0.112160846798 0.242799511673
307 6.37187436173e-05 0.490803745168 0.111390882496 0.241993856583
308 6.99675073905e-06 0.479835441145 0.112010285764 0.241569354426
309 0.000979641731057 0.485128151113 0.112591996003 0.241369651455
310 0.000935958806322 0.486903055864 0.113922597485 0.241555572708
311 0.000838375702431 0.488567315219 0.11284840986 0.241225470117
312 0.00039397129855 0.483866689424 0.112736702191 0.241119035252
313 0.00132900810373 0.474002083873 0.113035852238 0.241553451387
314 0.00065172128718 0.473294459294 0.112795631176 0.241729040199
315 0.000803176870705 0.464046536746 0.112755304377 0.241646305651
316 0.000549450204269 0.46473181353 0.112995581975 0.241604780765
317 0.000518716251942 0.464772098913 0.112721807719 0.241673022557
318 0.000261432483589 0.465550586548 0.112605103863 0.241645902724
319 2.09981957656e-05 0.469500067884 0.112617845562 0.242208161248
320 0.000150165541115 0.464554851667 0.112702509964 0.242668406966
321 0.000214437202337 0.462577540456 0.109665159649 0.243160213135
322 2.48330178594e-05 0.464437772894 0.103504055736 0.240844007213
323 5.97758135653e-07 0.450378618516 0.100676543492 0.240058800636
324 0.000467047350186 0.460642335016 0.0963078887851 0.240276437393
325 0.000973850083277 0.473069954352 0.0932692980041 0.240979622427
326 0.00268668580399 0.445071774404 0.0965950680263 0.241354916073
327 0.00537683455746 0.388243676151 0.0987277169356 0.241861905768
328 0.00508695417695 0.333105421148 0.0994809661416 0.242947635723
329 0.00422493554048 0.310019363953 0.0996902553927 0.243700868959
330 0.00335850293791 0.298915789671 0.0997000654094 0.244419400458
331 0.00679648915529 0.266138650498 0.0999278751393 0.244708044398
332 0.0150639607885 0.24785297969 0.100019190234 0.245027550663
333 0.0198086907886 0.233215735278 0.0999684881501 0.245374196401
334 0.0297947762288 0.227260921822 0.10008192498 0.245662001083
335 0.0387929758473 0.235729248254 0.0999462230064 0.245486540535
336 0.0548237892684 0.250104049413 0.0999466448775 0.24552074025
337 0.0849950970672 0.260400961065 0.100066989328 0.245544894045
338 0.128790932506 0.27634817332 0.100137214891 0.245943408098
339 0.164349378667 0.275434589224 0.100110841905 0.245937541351
340 0.205126021177 0.279309504095 0.100171091847 0.246399130542
341 0.236067161718 0.275215546977 0.100227329229 0.246473333664
342 0.270263126091 0.28398702677 0.100147154416 0.24648790557
343 0.291093793014 0.290087965297 0.100245879707 0.246918832713
344 0.290586820284 0.304240060094 0.100399444934 0.247027159922
345 0.272630455408 0.314545058168 0.10050860839 0.24724236527
346 0.261499881139 0.319237784411 0.100374848896 0.247407541297
347 0.248269991157 0.319762164605 0.100441285318 0.247840764193
348 0.240351296354 0.319551044384 0.100575411718 0.247898631002
349 0.238057006501 0.323287717962 0.101181280653 0.248721271194
350 0.237974435972 0.32423209832 0.101766056024 0.248742209299
351 0.242146634924 0.327354740727 0.103517672712 0.247673030706
352 0.241417958512 0.333031057194 0.104988843326 0.246471753741
353 0.240194673717 0.337525228577 0.105854900342 0.246308263209
354 0.245394603228 0.338411738094 0.103716459134 0.247036013691
355 0.249222614811 0.339755300677 0.103136110482 0.247224609431
356 0.251117362068 0.34353998708 0.102734101966 0.247231734288
357 0.253462965692 0.352191961974 0.103659369732 0.246569798006
358 0.260824916071 0.356420747966 0.103672385383 0.246094467937
359 0.26413189597 0.361005186174 0.102148707969 0.247124565323
360 0.270486466626 0.359746213956 0.101771790182 0.24763679272
361 0.281182100563 0.362723727665 0.101462709916 0.246933030429
362 0.29254141978 0.371756162091 0.100615537197 0.245971353368
363 0.296453054736 0.381630844711 0.100869555101 0.244888368197
364 0.298804342779 0.38933350613 0.100968380785 0.244640104061
365 0.309503178123 0.39552901684 0.100570590162 0.244612058655
366 0.320420101089 0.399073443735 0.100310488718 0.244406653167
367 0.331604477107 0.401687438063 0.100163803103 0.244678417781
368 0.343671541374 0.405853395851 0.099988035375 0.245477908388
369 0.358286839687 0.413550183531 0.100122162449 0.245957011241
370 0.374779771509 0.425004034988 0.100011194731 0.245579472914
371 0.383366112798 0.437643808875 0.10010213472 0.245608915186
372 0.38818571464 0.439403807647 0.100024732667 0.245859924921
373 0.39787482905 0.43976779309 0.0999576229583 0.24508240858
374 0.410667995077 0.440001990379 0.0999657797935 0.24575660587
375 0.424976314473 0.433382362566 0.10012049397 0.246712621496
376 0.437653078349 0.425936119163 0.100341715533 0.247248179799
377 0.453378636532 0.41980592616 0.100351573608 0.247879737633
378 0.466923196291 0.418449768044 0.1005398525 0.248421138519
379 0.485210151254 0.412967866635 0.100373251553 0.248185246273
380 0.499330221248 0.41521571048 0.100267585518 0.247634643442
381 0.513540045787 0.41671307246 0.100270422443 0.246972054263
382 0.52487679559 0.422096497556 0.100248328266 0.246990852201
383 0.537155779622 0.430053893752 0.100397337758 0.247134278386
384 0.540355028426 0.438997893243 0.100264900017 0.246846573561
385 0.552827120235 0.441135584236 0.100147849852 0.247025796908
386 0.563205179273 0.45114095118 0.100264716586 0.247273620375
387 0.561678959918 0.461546721061 0.100219175564 0.247199662633
388 0.55133597282 0.470029841211 0.10014379591 0.24658570705
389 0.536504159666 0.482650563461 0.10009981927 0.246444420513
390 0.532816021526 0.502914831961 0.100060733874 0.246492884726
391 0.532076005485 0.512854270347 0.100072293302 0.246554919152
392 0.517445658442 0.511099209439 0.0999864652526 0.24677322374
393 0.506337976866 0.492670664537 0.100044499673 0.246697203796
394 0.50724814906 0.508505014423 0.10010724792 0.246462454805
395 0.469547509978 0.539899984876 0.101450409497 0.244163146439
396 0.432922767078 0.572380734035 0.102194762387 0.24266682879
397 0.415168318181 0.585782324678 0.103309780278 0.241382203885
398 0.414683933909 0.580300008287 0.104951013455 0.242397120505
399 0.416167193099 0.574962960685 0.107017207131 0.244492579354
400 0.416351443818 0.5779655382 0.108987661125 0.242965631202
401 0.41078625624 0.576982351917 0.10992747018 0.242522105765
402 0.394058410614 0.565146937825 0.11084022454 0.244617678605
403 0.380241049761 0.551479373974 0.111316581219 0.246504880263
404 0.369810361406 0.54860981616 0.112017347542 0.24675396138
405 0.357257627648 0.536819188706 0.110880982157 0.246837107694
406 0.34460506353 0.534294465956 0.110235262891 0.246452314557
407 0.335376493366 0.532960046524 0.110942399582 0.244990262642
408 0.336620766845 0.535876135228 0.111863297822 0.243795129912
409 0.344625198556 0.537722326879 0.112344202473 0.243129156662
410 0.351908574561 0.53175907545 0.112113951543 0.242958734456
411 0.355270851994 0.525764091104 0.112203014722 0.24271241493
412 0.363324334177 0.538017576811 0.111846481346 0.243130980704
413 0.37749154121 0.547892887679 0.111298242091 0.242785152485
414 0.391807098886 0.555789624759 0.110328716417 0.241606103227
415 0.400557655508 0.565395580386 0.110231653236 0.241947035085
416 0.406015629616 0.571841783578 0.110120781736 0.24286717017
417 0.40261054972 0.576580962493 0.109075244413 0.242400074219
418 0.399540970784 0.581849568087 0.10758058254 0.243725486498
419 0.390032668263 0.581242162706 0.1071977698 0.246443034686
420 0.387594835834 0.578737157805 0.107260511135 0.247203021281
421 0.375645435515 0.571733200995 0.107246634337 0.247978096645
422 0.359449317542 0.575579528291 0.107593006459 0.24969130412
423 0.359169802184 0.574991777528 0.108132102045 0.250029380738
424 0.356639947457 0.579099829292 0.109930671843 0.246528796707
425 0.338644855668 0.579344569703 0.110432133102 0.245015174709
426 0.329325507782 0.588817059106 0.11152240085 0.243848120032
427 0.340805249364 0.587970298122 0.110802452683 0.24331244336
428 0.365614184933 0.582867695421 0.112117255686 0.241246511824
429 0.351736592017 0.583613487984 0.11195781591 0.240903586363
430 0.340848159642 0.595136250939 0.112738800991 0.24080397776
431 0.346163895163 0.60265054861 0.112053404221 0.240975257175
432 0.34403097787 0.607662281632 0.11251204414 0.241523105861
433 0.341407041592 0.608629725347 0.112183487752 0.241196166473
434 0.342084894711 0.606782362535 0.111935830689 0.241383328898
435 0.328532750792 0.595676805233 0.112818628373 0.242522203726
436 0.329448257968 0.594989223655 0.112927242159 0.241960868621
437 0.32326363812 0.59494556993 0.113025492039 0.241417042374
438 0.310393044505 0.576244731632 0.112777152131 0.241083141317
439 0.302539605231 0.579167553897 0.112027266732 0.240834333683
440 0.303597534296 0.575366037513 0.111854332948 0.240953459671
441 0.304577010638 0.565814759751 0.111944493876 0.242333061823
442 0.297696938779 0.549161978669 0.112002110106 0.242124111252
443 0.29259180423 0.540896092031 0.112388258163 0.242756744436
444 0.296199724688 0.535424981757 0.11269327617 0.241573267324
445 0.297511139484 0.536483509527 0.112564035106 0.241403311581
446 0.300958751607 0.533934886604 0.112548107826 0.241200556814
447 0.310241199872 0.527698416183 0.112358254773 0.241731959817
448 0.305971800883 0.546528534904 0.11228816018 0.239937160275
449 0.312408125414 0.530425880748 0.112587795535 0.240984177484
450 0.304169177326 0.532021262079 0.112780188585 0.241538811894
451 0.3074406543 0.53426842374 0.112753788733 0.242238553765
452 0.311298286085 0.533808948148 0.112352225295 0.241315085422
453 0.2955222343 0.535022860694 0.111998540797 0.241612439253
454 0.289940134528 0.522456919932 0.112679377502 0.242508343881
455 0.278967330793 0.520196687103 0.112822113205 0.242829887015
456 0.275300677262 0.518572574436 0.112404761089 0.243983594899
457 0.278499319681 0.509933069176 0.113406036871 0.242356830167
458 0.281185353711 0.505284464002 0.11247710029 0.242448613087
459 0.27450587951 0.502833206546 0.111961490976 0.241415641139
460 0.288088902379 0.506246007843 0.111885745774 0.240682536799
461 0.291912778223 0.510622111658 0.112383072169 0.241775674211
462 0.293526554546 0.504617198245 0.112194161805 0.241399255851
463 0.295102658125 0.512870862282 0.112873632237 0.239971239934
464 0.296041190303 0.521025167427 0.112699973771 0.240489602063
465 0.298615602646 0.524692398777 0.112958415223 0.240826800395
466 0.298776168253 0.54021700928 0.112755731071 0.241595641627
467 0.291862356317 0.549066423317 0.112363045173 0.241477571411
468 0.29444477143 0.556485072857 0.112886790296 0.241854878965
469 0.287723937381 0.571959243411 0.110638394598 0.241987201265
470 0.279150472643 0.570092465268 0.111517151709 0.242257165331
471 0.282523652912 0.571429866186 0.111295130227 0.241670975613
472 0.287499928735 0.582946412653 0.111117149527 0.240343411388
473 0.282169272692 0.575364492783 0.111766434964 0.240718654797
474 0.282438806137 0.560874558415 0.111935294042 0.241174543626
475 0.285283942548 0.556425622172 0.112952444313 0.240947665337
476 0.290075765601 0.554163380202 0.11232962544 0.241523502107
477 0.292507282798 0.541685127241 0.111830460181 0.242236883396
478 0.298859571196 0.544065720435 0.112437894601 0.242248828961
479 0.296843996796 0.531827620382 0.112135333929 0.241936045384
480 0.296728625693 0.517639509108 0.112031467807 0.241773943508
481 0.30162332477 0.51214725288 0.112428608765 0.241722017303
482 0.314341176761 0.500776050696 0.111828645118 0.241320191555
483 0.310745253273 0.498694481922 0.112376676558 0.240469638744
484 0.31627786814 0.512824411951 0.113074335922 0.241386317331
485 0.323525686182 0.503603296592 0.112768718081 0.241999887289
486 0.330885434499 0.497160199501 0.112952181823 0.240614712094
487 0.338109509992 0.498049494796 0.112787924771 0.241282724493
488 0.340253925765 0.499708963697 0.112698489091 0.240888524587
489 0.342806006141 0.507716145486 0.112586196068 0.241176897137
490 0.350529144322 0.506716367432 0.11256507368 0.242095617122
491 0.354519510085 0.506776166004 0.112734251577 0.241931748129
492 0.349038319658 0.509145384372 0.112666687422 0.241890633798
493 0.36013491841 0.510970633977 0.112343796468 0.241991131246
494 0.365410499616 0.504485689197 0.112413229883 0.241814255564
495 0.367314256813 0.512340025432 0.11250720769 0.241611005393
496 0.373183965614 0.509226676673 0.112215039459 0.241712588082
497 0.378600149662 0.517825883141 0.112171801407 0.242115997276
498 0.375072799553 0.522228272724 0.112374274466 0.241298712392
499 0.393876070719 0.531220640922 0.112762448539 0.241438361116
500 0.408134594833 0.522320278573 0.112467135336 0.241437643921
501 0.430735684266 0.529203293989 0.112173183835 0.242046256922
502 0.442756320397 0.531385224654 0.111468675358 0.242951966019
503 0.452657491408 0.536372006496 0.111441539855 0.242125216833
504 0.46290556485 0.551315392361 0.111643518524 0.242380731839
505 0.481304797586 0.555064076008 0.112176429652 0.241186859287
506 0.493105100807 0.55308543048 0.112435928986 0.241637867773
507 0.496466935225 0.556435120373 0.112238250391 0.241417791172
508 0.505919210629 0.564875306455 0.112777360597 0.241241139885
509 0.515314682948 0.576175689239 0.113707591135 0.241314899465
510 0.526654444434 0.582488503672 0.113231300253 0.241920210021
511 0.52143133723 0.584107919715 0.113048966389 0.243322596714
512 0.523210215431 0.591482103882 0.112549240724 0.242686674896
513 0.529896218396 0.600315465313 0.112025097767 0.242199507763
514 0.543826262541 0.598264110931 0.111300241913 0.243075408384
515 0.540887087423 0.604695623693 0.111425688997 0.241111982755
516 0.541540620513 0.610829900977 0.111801113548 0.241452314293
517 0.525014477727 0.605771053914 0.112297758888 0.241827927353
518 0.53116780285 0.603554234914 0.113269496227 0.242285484923
519 0.536966959627 0.597111284495 0.112852865047 0.242237895744
520 0.536963873023 0.601098975787 0.112689353582 0.242111684585
521 0.5310944942 0.597500196902 0.11256503936 0.241272183936
522 0.531904623156 0.589801409087 0.113358916517 0.241820079445
523 0.535367331302 0.581358138218 0.113265519588 0.241378251312
524 0.552534558269 0.580602025455 0.113375028768 0.241850586881
525 0.553621119282 0.580480051209 0.113222264294 0.240930382321
526 0.538785165755 0.57938766414 0.113076448696 0.241435452288
527 0.530892803296 0.581258179028 0.11271544787 0.24178118894
528 0.539721847133 0.571348244353 0.11366761493 0.240209440923
529 0.536022753773 0.573103311369 0.112110203534 0.239755767092
530 0.535990184874 0.576035390977 0.111990270524 0.240136657206
531 0.544838535469 0.572380612089 0.11182057304 0.240575278664
532 0.543444078215 0.564038304987 0.112296138949 0.240659886881
533 0.54246135112 0.56355042199 0.11204383052 0.241118145729
534 0.5504285117 0.565346250817 0.112562237825 0.241256469784
535 0.575988289343 0.573112998205 0.11269640813 0.240248735381
536 0.554501259448 0.566181351889 0.113492080062 0.24142205742
537 0.556398088819 0.553191329983 0.112541555832 0.242124851767
538 0.556279014103 0.549100354258 0.112735523327 0.240616236813
539 0.555620146947 0.540989799841 0.11254279192 0.240975734586
540 0.557859169492 0.538932977292 0.112431313746 0.24065211112
541 0.563053147731 0.532657880213 0.112157214284 0.240883873647
542 0.580704943727 0.512024227864 0.1125499105 0.240732529008
543 0.585010869428 0.50544647523 0.112193329299 0.241191440071
544 0.577827193153 0.501125048508 0.112128785436 0.241217855674
545 0.572188128664 0.494663035192 0.112676038413 0.241455619055
546 0.571920272501 0.492822177287 0.112785946848 0.24139644406
547 0.587126472376 0.493500558823 0.112822123443 0.24183379753
548 0.582311467727 0.482877611212 0.112724473579 0.242231999289
549 0.596291213818 0.477987273918 0.113122856023 0.242134479478
550 0.613807927505 0.469305595511 0.112751146177 0.242411348277
551 0.632289848489 0.465512602729 0.112318764724 0.242389575555
552 0.64620927471 0.460823117776 0.112484304274 0.242404331188
553 0.648196333254 0.459279986168 0.111916747867 0.242389751652
554 0.654461460921 0.459702774976 0.111988704716 0.241678249321
555 0.655297510144 0.455897691776 0.111992361679 0.241367518474
556 0.650815234304 0.460100246962 0.112293489917 0.240838499317
557 0.64650577229 0.453279066621 0.112098458565 0.241332809554
558 0.631330414729 0.456517927385 0.112345981454 0.241309443516
559 0.621394175161 0.454965461049 0.112474013695 0.24136192566
560 0.614150744501 0.449953069573 0.112603159165 0.241036852909
561 0.608932084758 0.450128436657 0.112679300016 0.2412928808
562 0.599685357945 0.451323459361 0.11171120483 0.239223088938
563 0.590915331828 0.441460082569 0.112109688319 0.242398268673
564 0.59455354741 0.420368363901 0.112379877057 0.243246107804
565 0.586766320334 0.425100780355 0.112777329172 0.242268235253
566 0.587678181377 0.423432898907 0.113272045119 0.24271633132
567 0.586191876244 0.427884672013 0.112508141735 0.241808429642
568 0.577089315886 0.423343703746 0.11135806481 0.241649458862
569 0.581635021968 0.41241311697 0.112219167567 0.241611013706
570 0.586017070103 0.41915707862 0.112404366163 0.241609683975
571 0.592648597408 0.416382517797 0.112145011003 0.242091216858
572 0.594935158908 0.387266256113 0.112846221591 0.242288433999
573 0.604155024631 0.383958824629 0.11214757338 0.241803280396
574 0.626559534571 0.367651840167 0.11274261268 0.24217687916
575 0.633948817996 0.349743781365 0.112441824137 0.241510027832
576 0.619372720273 0.388009350586 0.111822996106 0.24182080754
577 0.625935311973 0.399386109004 0.112174709808 0.242492370489
578 0.629865994972 0.404594086789 0.112380530113 0.242493786035
579 0.629857876442 0.411062811259 0.112395038521 0.242038623084
580 0.632458323041 0.411167049621 0.112475760177 0.241554835802
581 0.632946766986 0.431493051116 0.11252056824 0.241499334636
582 0.628500358407 0.435973858344 0.111907430726 0.242104289895
583 0.629464806623 0.460345205022 0.112499899577 0.242046670928
584 0.6323430671 0.471985932154 0.112843736962 0.241513938352
585 0.628952898431 0.469701252361 0.112609386641 0.241852516028
586 0.641102136341 0.484306959714 0.112030572302 0.24189523612
587 0.625590027862 0.48800774779 0.112145628673 0.241567696026
588 0.62137996538 0.476192895012 0.112383523159 0.241430026339
589 0.63414881789 0.484977541527 0.112312332477 0.240663608182
590 0.633231963992 0.483829923741 0.112738694426 0.24105339569
591 0.62942192566 0.484354271755 0.112224504445 0.240658073645
592 0.631423543818 0.481947624502 0.112625559423 0.242031357568
593 0.634549223196 0.460934445482 0.112860843786 0.242094508183
594 0.64241211208 0.46328340732 0.112887600343 0.241941450072
595 0.636873197841 0.45691757971 0.113045007184 0.241713878498
596 0.63544096322 0.466235461479 0.11259181907 0.242297384978
597 0.629169907991 0.471348178901 0.112331949749 0.24131018319
598 0.619792806453 0.480108474607 0.112479091086 0.24091191465
599 0.617449409175 0.489249919 0.111980042944 0.241024399778
600 0.614712020521 0.496834712927 0.112416922576 0.241390305113
601 0.602699985039 0.499090685537 0.112191170259 0.242367460337
602 0.597018220107 0.508140851459 0.1122948629 0.242277868101
603 0.599020873931 0.519228761935 0.112122181265 0.241065212155
604 0.580347929634 0.52423730719 0.111814556342 0.24116790118
605 0.575038988401 0.539323043965 0.11197567197 0.240620338377
606 0.573634627906 0.54840265799 0.112150875864 0.241734894137
607 0.565895236593 0.549534227232 0.11282640518 0.242344617662
608 0.57011286594 0.560625680987 0.112334055998 0.242270616981
609 0.575169326353 0.577946405429 0.111899645024 0.242096566762
610 0.573185441999 0.579802886172 0.112551547047 0.242156982477
611 0.579083736494 0.588146281361 0.112591681452 0.242730948255
612 0.567992295583 0.585780880577 0.112844041274 0.242790842617
613 0.575581778215 0.584982899755 0.113111668626 0.24202584258
614 0.572242217917 0.579203810304 0.112534682871 0.241602037885
615 0.572234075221 0.573548934175 0.112843056852 0.241233929278
616 0.56870853948 0.580689514904 0.112581179055 0.241959669591
617 0.563462109997 0.568973324887 0.112700192394 0.241500648175
618 0.561880023872 0.578922644372 0.112435582151 0.241274025598
619 0.559446555972 0.596638975348 0.112351703988 0.24061273846
620 0.554223564442 0.61163425174 0.112298165844 0.241335905681
621 0.559257824834 0.610166618593 0.112394620479 0.241351769912
622 0.559533717926 0.607913761605 0.111894702236 0.242789009691
623 0.566282169535 0.611380343053 0.111935373804 0.243126278292
624 0.558923106326 0.606088218368 0.11183594573 0.242293424219
625 0.556146561025 0.604806501416 0.112990996392 0.242130340111
626 0.568649140428 0.609412389811 0.113213576613 0.241706576605
627 0.573094935629 0.593875273575 0.112624794954 0.241605199917
628 0.567614089107 0.572324847316 0.112630873068 0.240997362975
