./../data/Vid_J_person_floor.avi.avi
0 0.243854 0.267366 0.164208 0.542595
1 0.259336832477 0.279108003165 0.163256682728 0.543101323334
2 0.265366624785 0.289014397426 0.163587211503 0.54463783586
3 0.263784402534 0.320784774694 0.162882909042 0.545799103871
4 0.254725757938 0.288632741008 0.163304615845 0.542485038522
5 0.249072940153 0.268885820206 0.162624955126 0.544594167269
6 0.252977876384 0.261712802596 0.16233657589 0.544603090764
7 0.242057033631 0.263261762799 0.16252630666 0.54165585873
8 0.246093800023 0.270101748202 0.162357551509 0.54214912848
9 0.237379674215 0.271089940302 0.161811420189 0.54118727246
10 0.24176941979 0.277043723773 0.161828680711 0.541340611129
11 0.231613017072 0.285116194179 0.162040674297 0.542779397679
12 0.242480034261 0.298828846315 0.162277027884 0.542394390034
13 0.23809376868 0.291750007165 0.16330041184 0.542670995034
14 0.236836822084 0.28999346937 0.163329186578 0.544911997216
15 0.237514616022 0.30452568563 0.163494894813 0.543901941686
16 0.244566798822 0.307017145539 0.162709610657 0.540620064649
17 0.237693239197 0.308647992926 0.164360815068 0.537337703818
18 0.230991376543 0.298866881543 0.165676264116 0.535790765991
19 0.22708990216 0.293235384077 0.162285924236 0.542609962248
20 0.228224874571 0.300275642042 0.160085995354 0.540023279188
21 0.242910634164 0.284895787689 0.163045937774 0.536593524206
22 0.242990958638 0.288270603637 0.163467395598 0.531706021855
23 0.243185274092 0.279882006061 0.163311686944 0.5379391192
24 0.244355538945 0.276661601534 0.163342507707 0.533859882705
25 0.236092434067 0.287425716432 0.16632471764 0.520797896001
26 0.229809025465 0.259880955521 0.16322853013 0.522824563441
27 0.233137624495 0.266933042212 0.16227256928 0.519924362199
28 0.237910340032 0.260677321959 0.162210701405 0.517418100631
29 0.236916290962 0.258130189942 0.162661592246 0.518400022643
30 0.240285837999 0.245787096179 0.161519683427 0.51949845665
31 0.233509075733 0.256406017779 0.16281475856 0.516777722181
32 0.232663117433 0.248026872315 0.162469001636 0.518154930727
33 0.223536070375 0.248770936023 0.161704253005 0.520498424015
34 0.239776574603 0.249946537269 0.16126185488 0.518152273843
35 0.239159872383 0.257333785725 0.162431111813 0.518378307055
36 0.233634787267 0.255812072981 0.162366864256 0.517764044403
37 0.234686954067 0.257439411534 0.162526431654 0.521208800689
38 0.246323398463 0.26142026099 0.161830876417 0.524404369683
39 0.246531723466 0.253521069854 0.159488995951 0.52344926255
40 0.250269352936 0.263883331407 0.162021054028 0.52386567724
41 0.26086496064 0.280336160952 0.15930845481 0.52226471401
42 0.26922763191 0.275617555176 0.1604860962 0.518133641323
43 0.269173803622 0.278687809288 0.160642175572 0.518365018551
44 0.279048080331 0.291147073971 0.16188717977 0.518960512498
45 0.279836254163 0.275178567037 0.161994620496 0.518317971167
46 0.281829665263 0.286007876323 0.161715749491 0.516274966152
47 0.26409175046 0.277939212386 0.162111155108 0.515280650502
48 0.266412044643 0.278558539627 0.162596164558 0.513855186937
49 0.269544586146 0.27521766059 0.16235737623 0.512189448968
50 0.281934870274 0.267531895944 0.162548726316 0.512983310625
51 0.286071459787 0.270120598003 0.164147871552 0.506189791499
52 0.284603777478 0.268268945201 0.162054947142 0.505194733986
53 0.280610259159 0.277381688563 0.1621873879 0.501866350141
54 0.26817258641 0.273433416532 0.162389236438 0.499351869559
55 0.285536319149 0.273198229264 0.160432740398 0.501328239849
56 0.289752688617 0.261932510609 0.163012833741 0.501751096003
57 0.300575620506 0.278627603345 0.162852874227 0.500587274979
58 0.286766622254 0.270409657888 0.161942682275 0.49880173264
59 0.281295945698 0.276220046967 0.161685506389 0.500588513936
60 0.298427464747 0.29967675809 0.162732993284 0.500458802126
61 0.294925268162 0.277372860296 0.162396016243 0.499695187194
62 0.284177241007 0.279252924453 0.164867143809 0.497932803458
63 0.277637341751 0.282788745655 0.165095470229 0.501310088758
64 0.286001216125 0.291171500037 0.163301130701 0.502319630879
65 0.289106260778 0.28485536694 0.163102966938 0.504545603353
66 0.290876036187 0.282152528495 0.162344439635 0.503432220473
67 0.299368046706 0.296596478023 0.162410650083 0.503773475334
68 0.306240063353 0.30062166105 0.162840760848 0.502151905024
69 0.31510128277 0.301840859869 0.162370615705 0.499400961166
70 0.309300109012 0.271956845781 0.162648056217 0.50099736877
71 0.306729517038 0.256646345679 0.162820749746 0.501724360916
72 0.322364955685 0.266862223397 0.162420424078 0.50164775559
73 0.322322279364 0.272553641214 0.162882206583 0.499376577877
74 0.319409499076 0.294864945854 0.163192689145 0.500814812612
75 0.313947211252 0.262769370404 0.162583907922 0.503412561401
76 0.316563550629 0.285643386071 0.161921179784 0.501027512819
77 0.311452406884 0.26430820412 0.162714484494 0.499430100541
78 0.311313202167 0.267067781292 0.162918734066 0.499871682111
79 0.306043663977 0.266114966907 0.162938840713 0.50085283001
80 0.298188172999 0.268458345001 0.163122437413 0.500260842825
81 0.318143694098 0.285590734796 0.160860335975 0.499642970979
82 0.326143227649 0.281352118267 0.16178644282 0.499764938252
83 0.317360870581 0.291878451435 0.162369003456 0.500734122629
84 0.309192366242 0.293065716427 0.162835075467 0.501182809788
85 0.318867953009 0.290220545414 0.162610008785 0.500705397587
86 0.339581140523 0.288299673741 0.162993119233 0.505792192656
87 0.333106063316 0.277613039354 0.163060093154 0.506186205315
88 0.329927228832 0.263181854508 0.162792612257 0.505636095148
89 0.354624545999 0.261666800939 0.162863243481 0.506901687635
90 0.355006027313 0.25069322062 0.16263442994 0.50604546362
91 0.361379793356 0.259132761971 0.163430058717 0.506790662473
92 0.366464307088 0.248402370937 0.162847597303 0.508428331899
93 0.367444610035 0.257280715971 0.162933800633 0.507933005947
94 0.377001836416 0.274818856452 0.163133639373 0.501398301501
95 0.389025918519 0.287444129 0.163267511785 0.50142615184
96 0.380968900243 0.283039023974 0.162623425278 0.502036607777
97 0.380546852745 0.280457215075 0.162677615987 0.502670330681
98 0.382968957424 0.286759020924 0.161241923084 0.506919415993
99 0.390878989622 0.27896445601 0.162154025273 0.508503316387
100 0.386194664784 0.274273582512 0.162519441657 0.507022972833
101 0.388615862819 0.278769024787 0.162595173707 0.504680000564
102 0.38951859724 0.278716618328 0.16246187059 0.505889314601
103 0.392267671982 0.27084424255 0.162258999019 0.508759702865
104 0.396900503145 0.269742735367 0.162185659699 0.506347221162
105 0.395453060399 0.268631418434 0.162291243095 0.506758284608
106 0.410785645222 0.281658458605 0.162107854135 0.503775905795
107 0.409804784625 0.261712946338 0.163344783342 0.508336006007
108 0.402572258172 0.241881941489 0.163220151524 0.503215952643
109 0.402300375837 0.257174007266 0.162312574757 0.512055226061
110 0.403987620989 0.251349076576 0.161963040186 0.51003327697
111 0.391503798348 0.242818772184 0.162125913054 0.508329465117
112 0.390389168403 0.275332525035 0.158974853915 0.503511019923
113 0.390590104024 0.25895599033 0.156063250684 0.502294824386
114 0.411397613041 0.259033239732 0.153892857961 0.500735901114
115 0.402707538953 0.262763972533 0.156785947915 0.501538814993
116 0.39506558416 0.218755205382 0.151927451103 0.500007063387
117 0.402284841191 0.276604675178 0.152451267663 0.501589030766
118 0.440865310449 0.217969148361 0.147069918584 0.500636768072
119 0.438285925227 0.223521975857 0.145870870943 0.498493511384
120 0.413853700854 0.290184000695 0.150317932544 0.499637425135
121 0.43595625872 0.291893763558 0.143109436059 0.499377559599
122 0.444976844752 0.283629209168 0.143275581754 0.5028838829
123 0.437287366916 0.25570069674 0.142862601028 0.504341594399
124 0.436361848218 0.25881746243 0.142238138692 0.50310482806
125 0.436320338201 0.264695921569 0.142811788373 0.500224795895
126 0.443835382889 0.247363898117 0.146170171585 0.501996680224
127 0.442731718865 0.240959089656 0.143801899569 0.500863416922
128 0.455889337028 0.219929972979 0.143716851757 0.501049032459
129 0.445492474432 0.186933192934 0.143869175011 0.502765083548
130 0.437736383528 0.20247900084 0.143006863407 0.504026888869
131 0.433118779072 0.220150567615 0.142248800145 0.500558863502
132 0.395489993593 0.251725993968 0.143567465334 0.498979925926
133 0.397307244513 0.275406536976 0.142889088104 0.498397908824
134 0.408564361365 0.24467449983 0.13675858405 0.488958989481
135 0.373116578551 0.23731513294 0.13395272372 0.492967994708
136 0.362827272021 0.233758393738 0.130350031164 0.482144106776
137 0.357341237674 0.215342940517 0.130735543689 0.477533866159
138 0.354085009844 0.206667465329 0.130254760223 0.477623652727
139 0.354541120226 0.201390726087 0.128373994479 0.477718606453
140 0.339903306455 0.193544185827 0.128334150324 0.476592699216
141 0.330420192273 0.21342310886 0.130301002558 0.474309621675
142 0.317013287612 0.204544001868 0.12701489876 0.469039975298
143 0.302334961257 0.191887026401 0.126001988757 0.468998060521
144 0.292978673216 0.220875472824 0.127223431655 0.467155241649
145 0.290239532729 0.196181585576 0.125746426958 0.466420050733
146 0.283991970601 0.201716687938 0.125324032069 0.467939907345
147 0.280060600893 0.19333935041 0.124934142942 0.467544863584
148 0.266427673456 0.201953950197 0.126759162482 0.468072852245
149 0.255113652533 0.188967627802 0.127212361911 0.470329162693
150 0.251623937166 0.210849823514 0.126630249849 0.471527179036
151 0.254569734721 0.225185413212 0.126294102485 0.471338933734
152 0.254395212965 0.22748568497 0.12580908247 0.470441284943
153 0.268674657642 0.223676146777 0.127730760791 0.474556995071
154 0.261951916919 0.208290265284 0.129154234102 0.479921925698
155 0.250998198608 0.206790150642 0.127426344148 0.47404067118
156 0.237824581929 0.208594539352 0.127627062144 0.472132972491
157 0.243691312264 0.228210533879 0.127613837229 0.472284927469
158 0.249423919666 0.234091463783 0.127204195318 0.475641118372
159 0.25370707269 0.208439471804 0.127037584395 0.475414113439
160 0.251134379869 0.211982669769 0.125278674649 0.475109520618
161 0.251786028167 0.221255285427 0.124019831351 0.472601089585
162 0.248827794497 0.226172986618 0.12462510381 0.472524886235
163 0.252370374558 0.215385120595 0.122904318505 0.468264315278
164 0.248986191504 0.232566264164 0.118891574738 0.467811930636
165 0.250497704872 0.211550140044 0.119666871652 0.46783462914
166 0.245103477501 0.217694878787 0.119907366365 0.469204976499
167 0.241564750545 0.268839137076 0.120403298927 0.469218103917
168 0.229020210828 0.230218676346 0.121387691862 0.470984097141
169 0.226632115704 0.228128228297 0.113163864198 0.467280238959
170 0.22864094925 0.233736252817 0.112493308547 0.467429473142
171 0.223083184598 0.234422419899 0.111094136241 0.46731293676
172 0.222863534214 0.203135470309 0.110194752029 0.463031673543
173 0.218317757639 0.21938086055 0.112091739677 0.459720282866
174 0.212106502058 0.238039588572 0.113529825093 0.45697560811
175 0.210990613019 0.153596070311 0.108451919604 0.45658361718
176 0.210029955549 0.15681153359 0.107272613971 0.460973177962
177 0.200129969376 0.206471619046 0.111409073957 0.457016454016
178 0.194626018341 0.186068574199 0.111962252158 0.457700832449
179 0.189196467748 0.187609570913 0.112181721359 0.458880394189
180 0.183217727494 0.195867636131 0.109128768068 0.459459871264
181 0.180902384178 0.213579736631 0.110677518592 0.459179683244
182 0.174298781865 0.21225603277 0.110570226837 0.459771921991
183 0.175681903752 0.204566338402 0.111547760924 0.463825670624
184 0.17428984269 0.216630850105 0.111382165081 0.463631973354
185 0.17194041879 0.216216424401 0.113563179789 0.462394972052
186 0.180984748343 0.232811039241 0.111725230506 0.461365737885
187 0.192921619694 0.239011254675 0.112110334988 0.461968872549
188 0.200554094617 0.219564234795 0.110696401784 0.464002558072
189 0.202911064975 0.219617567615 0.113254715455 0.466531859992
190 0.211282509635 0.228599858503 0.112442261863 0.464032049934
191 0.208497146188 0.264293922815 0.111875915085 0.461927650271
192 0.206866323357 0.210511025403 0.112046005639 0.462632509959
193 0.204263806434 0.23049080038 0.11207908127 0.463759456987
194 0.210967556298 0.240136906362 0.11070912096 0.464619542777
195 0.220655569508 0.252409254923 0.10760013026 0.467061562201
196 0.225401888235 0.229079260474 0.111080907384 0.466250504239
197 0.222927930539 0.257467358397 0.10861603206 0.464754206131
198 0.216409936113 0.254009007701 0.108504334096 0.459176403164
199 0.215221456495 0.232017455908 0.107724902072 0.456042336971
200 0.22394892289 0.203648545634 0.109725981567 0.455974940247
201 0.230668568362 0.228978510911 0.106531359215 0.458958175929
202 0.239032756377 0.238383905181 0.10563583399 0.457628852095
203 0.235314803013 0.22891300694 0.104480030967 0.455666887334
204 0.231655389715 0.223675511799 0.101769577905 0.45725046294
205 0.227722244506 0.223233493836 0.0974351775876 0.453915124622
206 0.223260279595 0.211436472897 0.0955106171809 0.450653268862
207 0.216400532775 0.22511148875 0.101072548746 0.451771984179
208 0.214073712125 0.24318266617 0.0971883957033 0.450543429473
209 0.21156994223 0.205582196642 0.095383590176 0.448491399141
210 0.203770286337 0.223716626519 0.0952297352627 0.45117880029
211 0.204215121101 0.247944220785 0.093904341312 0.448285198358
212 0.201303516645 0.239833935603 0.0953212211258 0.44929455557
213 0.206345857826 0.259780403422 0.0917694937476 0.445433657835
214 0.208913296343 0.240269419803 0.0918879380062 0.451182663612
215 0.216624254598 0.225692957972 0.0905484654609 0.45150548375
216 0.224190975963 0.240322565619 0.0888716834429 0.45067207927
217 0.223139395824 0.240589287167 0.0890155919828 0.449330247326
218 0.220788001391 0.237704854323 0.0878679190155 0.447836657359
219 0.217623213034 0.235294613486 0.0884584427054 0.449951634009
220 0.216937566136 0.227923357147 0.0878452771344 0.452623418068
221 0.215308171195 0.202057046355 0.0880447716143 0.45521374379
222 0.202871026768 0.220969631715 0.0890811896465 0.459369238541
223 0.200065704007 0.196206892993 0.0876494162926 0.457098700487
224 0.199291384441 0.177741241546 0.0871427960192 0.460064262989
225 0.197778891994 0.215946445035 0.0875880634433 0.4612162539
226 0.204459440133 0.167266087443 0.0863787683439 0.46152095267
227 0.213310400636 0.16926250295 0.0860720962538 0.460036383802
228 0.215603894661 0.161455502227 0.0871463083605 0.456640046988
229 0.211805126913 0.199403226804 0.087051414842 0.453241605753
230 0.205681566126 0.0762977552006 0.0882558478052 0.452146675063
231 0.215264305601 0.126923203884 0.0871047052895 0.450470356628
232 0.223395905933 0.137660585652 0.0870086327295 0.449563358259
233 0.22402006631 0.116305624327 0.0868704741554 0.449123561027
234 0.221549322836 0.0842639634766 0.0868056206962 0.44823494512
235 0.220184393054 0.0808419150455 0.0870589016394 0.449831826887
236 0.230407117356 0.0614279352651 0.0863834970872 0.449498335874
237 0.242166926912 0.0565445342105 0.0850392475929 0.44899453851
238 0.24498352953 0.101503671597 0.0858388647151 0.449047928755
239 0.240033818092 0.0785334606711 0.0863267872371 0.449244523671
240 0.238189548529 0.118727916324 0.0868543242954 0.44983109708
241 0.234423841484 0.0810691079556 0.08723985836 0.446639474485
242 0.236108649569 0.0650527692248 0.0859985670602 0.445802722653
243 0.234423266721 0.0786913490492 0.087272108506 0.44283403417
244 0.235059463087 0.0672587215665 0.0884087123867 0.440003386073
245 0.23749365052 0.0639478662231 0.0862146514636 0.44251516363
246 0.238417181604 0.0583049040192 0.0851882183207 0.442279513081
247 0.241392159725 0.0797196764139 0.0861597824607 0.441717566219
248 0.24783180122 0.10200577863 0.0838065972473 0.436766143368
249 0.256768653023 0.0693917478444 0.0826825944752 0.435428221369
250 0.255337574365 0.0704952251108 0.0834318058732 0.430703112177
251 0.256224998971 0.0937434877886 0.0827733742549 0.424376143292
252 0.257692039777 0.105346049287 0.0835870005661 0.417816942459
253 0.262032857797 0.129139940893 0.0833086165049 0.415650969064
254 0.265824746853 0.106325195567 0.0827127541088 0.419158209769
255 0.256757243627 0.105896693608 0.0839606776098 0.416462890442
256 0.249667831977 0.112773930161 0.0828736294516 0.416280133285
257 0.263243391643 0.103162518043 0.0866317026524 0.417736124812
258 0.26206997058 0.10961103247 0.083940834796 0.415781800329
259 0.269101862049 0.154980765963 0.082952189202 0.413976931001
260 0.280936425237 0.151621235105 0.0828593369152 0.413180119282
261 0.287527742222 0.135438746566 0.0809762163294 0.416327776696
262 0.284693249198 0.145966786441 0.0829095268561 0.41367010552
263 0.290232071224 0.142050007496 0.0817820739035 0.411202429698
264 0.293662522946 0.111983573876 0.0820871392523 0.412674382953
265 0.305158473034 0.164581996505 0.0814660876832 0.415779944104
266 0.310555237481 0.153640144118 0.0810156967263 0.417820023884
267 0.322118563533 0.151706165525 0.0812699493625 0.41605696424
268 0.322727702656 0.176447833403 0.0802937370884 0.415618425815
269 0.327219763725 0.170879833203 0.0783788941777 0.413354556459
270 0.327374856163 0.164646818352 0.0793575298446 0.41737882256
271 0.335769343159 0.14510446043 0.079487102164 0.415891250582
272 0.342161753789 0.132593175077 0.0780730404937 0.41604413885
273 0.3410251653 0.133425763629 0.0787684706635 0.413555715803
274 0.355544982428 0.12262151592 0.0773418014091 0.414785890239
275 0.365461996536 0.146360178966 0.0781730121555 0.417825447797
276 0.364471847504 0.120291801396 0.0771271542359 0.41748411575
277 0.363239967799 0.157909187005 0.0789491619283 0.421444976173
278 0.366225301051 0.187394605749 0.087951107688 0.424492913244
279 0.370834099675 0.148771846239 0.0803696432629 0.419036599934
280 0.372266321483 0.158346453014 0.0816893772576 0.42163868263
281 0.380148809382 0.167732250132 0.0742331396568 0.412591652953
282 0.388750959368 0.201400198104 0.0724169292239 0.413303889153
283 0.382299665638 0.21033057492 0.0726741760673 0.409499331057
284 0.380392087411 0.212712809876 0.0739946637937 0.401074229906
285 0.379402497774 0.211121606114 0.0743735008623 0.398589424205
286 0.380199831814 0.236159167144 0.0743993766338 0.388020031736
287 0.384532195029 0.223173075172 0.074403518133 0.386037506133
288 0.405592148821 0.212964251296 0.0745105861523 0.388236046431
289 0.403561614404 0.248807703707 0.0764923229767 0.390541090621
290 0.414468514062 0.289031798593 0.075707258764 0.389297271804
291 0.41577653832 0.290580645238 0.0754051314249 0.388535335409
292 0.417462438821 0.287837829915 0.0741605418098 0.390874480653
293 0.410947973202 0.34713327708 0.0755516169649 0.390647214863
294 0.418057014664 0.308270592022 0.0761634749227 0.390377114428
295 0.421821120862 0.304879461712 0.0753577049522 0.389773421166
296 0.420604187372 0.313936263748 0.0769142633102 0.38906663177
297 0.419825398044 0.336661406846 0.0777324066927 0.390136820109
298 0.416707900984 0.318745149056 0.077074560763 0.385843157725
299 0.417326206099 0.315681254607 0.0728139116346 0.388948955252
300 0.4301354963 0.313129976049 0.0692696700318 0.390060372894
301 0.419051655308 0.310380674295 0.0708707716211 0.387910240385
302 0.426434636262 0.301666147894 0.0700840802051 0.383459248079
303 0.429186737525 0.306400593867 0.069295306766 0.388809905096
304 0.42590670768 0.311937675939 0.0682415423268 0.391066082362
305 0.42162093108 0.325924381332 0.0682895889382 0.390565695371
306 0.414031834555 0.320002996693 0.0698771081982 0.391215289241
307 0.409762608887 0.308726416205 0.0685541922349 0.391351527901
308 0.411118882016 0.291850867715 0.0696167688202 0.38865332127
309 0.415296682484 0.285883667066 0.0696335913896 0.390046486461
310 0.414222804158 0.268149216435 0.0688001127752 0.39107441484
311 0.410034225514 0.286805750549 0.0685423130203 0.39231503899
312 0.411751606472 0.279687937878 0.0679022818409 0.391331906215
313 0.4019252632 0.274022072705 0.0683879728908 0.391588636491
314 0.395582691281 0.279327703432 0.0684344444148 0.390303329659
315 0.396052433424 0.268089615748 0.0690314183937 0.392464246197
316 0.407087849598 0.276016490632 0.0686308374 0.391768971124
317 0.392969190877 0.281746820017 0.0689299987007 0.392100410635
318 0.381291635257 0.274780417982 0.0678359525749 0.389595326608
319 0.354386831586 0.287067237651 0.0720263164266 0.390748322627
320 0.346117783346 0.281097843052 0.0697453978267 0.391028557432
321 0.336513516889 0.24882832029 0.0682461262393 0.391876580741
322 0.33631363559 0.261525318533 0.0691410510243 0.390963117434
323 0.331668562349 0.252359288269 0.0690806841378 0.389835072358
324 0.329143011804 0.270071001472 0.0692031379698 0.391464278792
325 0.330183272651 0.277491117475 0.0684358990892 0.391838797505
326 0.331450707395 0.263953630873 0.0690654002158 0.389837764011
327 0.330048699246 0.265887883535 0.0682456842449 0.390879157
328 0.325282650288 0.267346161881 0.0682987028268 0.391097479233
329 0.315261660929 0.285710999253 0.0689006250803 0.390581216847
330 0.305100352239 0.293254700029 0.0687193404297 0.389857384582
331 0.310723814029 0.277475111642 0.0682602963393 0.391523381856
332 0.313521564007 0.263197393649 0.0679099099909 0.390817335383
333 0.31333462439 0.283420296545 0.068812817107 0.390881871779
334 0.311451082896 0.278433318417 0.0696074582127 0.389286365135
335 0.319283196036 0.28858013722 0.069115621775 0.391078548061
336 0.318726842704 0.280679252753 0.068708195192 0.391438133614
337 0.315958177415 0.264073612221 0.0685963711248 0.389982694021
338 0.326966889037 0.265478203125 0.0688089243911 0.38993131992
339 0.312170115428 0.258828577661 0.0684717869183 0.391039837826
340 0.304084313034 0.272519547824 0.0685508103428 0.391539349577
341 0.292359681202 0.263233689624 0.0684195387822 0.391828081125
342 0.304787244329 0.273470415538 0.0689222368368 0.391830885299
343 0.313801171923 0.241218621336 0.0680502886275 0.390877639391
344 0.314680828515 0.246337056492 0.0684059049909 0.392092447236
345 0.300727262979 0.241795716403 0.0686355400528 0.391864486109
346 0.303483190295 0.238087110653 0.0683555394246 0.392758547443
347 0.315797766401 0.246546914569 0.068812007491 0.391998970935
348 0.327869453102 0.238385094971 0.0679954339341 0.391753108473
349 0.313079749809 0.268314154079 0.0685497942129 0.3914678373
350 0.305624567978 0.236072263317 0.0684167657349 0.392567462132
351 0.298175194906 0.261933206604 0.0688559768406 0.39236114092
352 0.283462816236 0.250801665655 0.0683852260544 0.392209303909
353 0.283706475534 0.25486497637 0.0684965401308 0.391118334682
354 0.270911073631 0.277891162109 0.0680983658278 0.391823832292
355 0.265283287124 0.262623062325 0.0689101134294 0.392540461492
356 0.266259761303 0.273227865626 0.0683850862453 0.392050282981
357 0.268587820473 0.27376591352 0.0687133948192 0.392022548462
358 0.266959631561 0.269321523417 0.0686261992238 0.390952975758
359 0.266854281224 0.265991661771 0.068748692023 0.391424003329
360 0.274217303851 0.270320564069 0.0686416777231 0.391212044272
361 0.269505069949 0.26762399674 0.0692092944423 0.391942943237
362 0.268671545852 0.253657754298 0.0682731477406 0.39118200308
363 0.267580565992 0.257747915479 0.0682958572127 0.389944181048
364 0.267638767971 0.256038066924 0.0688712676255 0.390710398724
365 0.262355515974 0.232338950284 0.0691377738408 0.392679725669
366 0.265199341438 0.264551937012 0.0687850580147 0.39204996969
367 0.262567237814 0.260551882614 0.0690438241076 0.391827473074
368 0.260913721747 0.256586012274 0.0689795243988 0.391270370505
369 0.271946718693 0.256542421653 0.0686742240886 0.391472320241
370 0.273681708373 0.260492735979 0.0685373537011 0.391806648596
371 0.272197741603 0.24862447484 0.0681281585489 0.392159699966
372 0.279266331314 0.273475631858 0.0690432105219 0.392081701829
373 0.276533632959 0.285168042299 0.0685092191903 0.390842031216
374 0.284486810793 0.269512890737 0.0684702660175 0.391910879605
375 0.288549348299 0.28263169836 0.0686207562836 0.392348009847
376 0.281917350474 0.302478889663 0.0689713014159 0.391885926701
377 0.282244825437 0.301060067304 0.0691406451517 0.393080730888
378 0.294786399269 0.315309995016 0.0689764629681 0.391504256906
379 0.289487808063 0.314966322684 0.0684605625558 0.391842360717
380 0.282238715193 0.313957191507 0.0683776002506 0.391044757647
381 0.283762795104 0.336018454275 0.0688294858778 0.391073390478
382 0.288138971376 0.328597904242 0.0685031341699 0.390312454516
383 0.290613894632 0.326620080826 0.0686517967213 0.389894005289
384 0.293155621976 0.319088575011 0.0686939944996 0.389968221431
385 0.290820339535 0.314947699672 0.0686619346666 0.389512905722
386 0.303881568444 0.306411600981 0.0686686027395 0.391497601199
387 0.300977757705 0.304954485664 0.0688613972211 0.390674015387
