./Vid_I_person_crossing.avi
0 0.337266 0.193971 0.174041 0.650066
1 0.339129526922 0.200682207534 0.173977720971 0.650032180867
2 0.328969226287 0.211812552038 0.174071267734 0.649733789203
3 0.340108315662 0.197419323253 0.175610222484 0.650795331166
4 0.347976649857 0.208424619889 0.171435671649 0.650383271231
5 0.345159673565 0.223854758315 0.172220197258 0.651559320124
6 0.335428454737 0.193763041476 0.173056051954 0.653545237639
7 0.340737584608 0.191800006839 0.176796887194 0.650117729825
8 0.374969687915 0.228623328722 0.174198411803 0.647043036988
9 0.391778460039 0.251181697691 0.173396827249 0.647377446594
10 0.408930774368 0.20901907699 0.173520899065 0.646597914396
11 0.382520058417 0.180388283628 0.172679799586 0.646140737378
12 0.340504534205 0.209514943703 0.173699262153 0.645628927066
13 0.32434109052 0.206882228913 0.173190676448 0.647896944455
14 0.298191640108 0.2145272528 0.173339413545 0.649768999291
15 0.343332825152 0.200717884256 0.173868694314 0.653125156431
16 0.374682499855 0.217240227978 0.173986888285 0.652597968693
17 0.397541961856 0.255653948724 0.173810202019 0.651725215371
18 0.382294390306 0.275236684001 0.173641872494 0.652422065795
19 0.478269759771 0.124226775486 0.172051805885 0.659327564831
20 0.494935867469 0.188703052729 0.172688890902 0.656853911951
21 0.514478614017 0.191342557659 0.171816491464 0.65524598967
22 0.371885958809 0.187127368517 0.170911829382 0.653241553949
23 0.356420095986 0.208943905377 0.17092820717 0.6544265299
24 0.360499729572 0.179858262919 0.17221570982 0.655354651467
25 0.368711404839 0.184737611526 0.17063103008 0.656028618627
26 0.369164416487 0.193511141159 0.172753200377 0.652228390702
27 0.356960215057 0.173328424474 0.174711880037 0.65185031876
28 0.373161586148 0.169558578622 0.173537063027 0.653105468344
29 0.362798258904 0.171081175932 0.174556224695 0.65144125584
30 0.345425000904 0.15644766126 0.175158875205 0.649975942776
31 0.347838772331 0.171280699733 0.174580998288 0.653275660702
32 0.343983314603 0.178197967889 0.17390829759 0.653578337414
33 0.336903771741 0.155010487207 0.173160728167 0.654395861649
34 0.334854473832 0.168985708884 0.17342153815 0.653701915291
35 0.32723555832 0.169461528802 0.174684353884 0.653944906407
36 0.325960867448 0.182391132783 0.17563117971 0.654299651593
37 0.318548124823 0.173923712153 0.175594161322 0.653254933681
38 0.325977838235 0.192900947894 0.175982904254 0.652152070434
39 0.32447888587 0.189229743004 0.176147066211 0.65178516253
40 0.31201462327 0.190039970382 0.176004616452 0.651003138112
41 0.320971393463 0.161296884951 0.174764117419 0.652482929371
42 0.327847169467 0.164275127858 0.17322809216 0.649477798898
43 0.327201221584 0.174754023544 0.173507988222 0.649518309019
44 0.32022436484 0.160940062665 0.173562294677 0.648692092068
45 0.323956932577 0.160268354592 0.173837052749 0.648894406162
46 0.330101923682 0.162282396616 0.174217985047 0.649190785362
47 0.336666098618 0.186921787947 0.174285966049 0.648746236926
48 0.331792803273 0.18276640788 0.174715576589 0.649283318132
49 0.341215864926 0.184955308754 0.17486758927 0.649920068656
50 0.3454192907 0.195793823292 0.175102539894 0.649102565563
51 0.337436148554 0.180819352062 0.175274527428 0.649577805668
52 0.345548578487 0.170571638567 0.175272531379 0.650195182863
53 0.34564331194 0.166092909689 0.175189644188 0.649731604655
54 0.368705450327 0.157399774944 0.175316079421 0.648443006441
55 0.392914201782 0.144577302957 0.174813967587 0.645560232264
56 0.408811397795 0.133064189932 0.176546558366 0.648029724837
57 0.368718623726 0.181366922606 0.174532391786 0.645611315156
58 0.377380042969 0.198751403924 0.173283906801 0.645922867845
59 0.365572646059 0.184550936152 0.173554198129 0.646526232568
60 0.363875140406 0.180681557628 0.175259933319 0.648229084637
61 0.375760397701 0.149442043004 0.174828133101 0.649070849332
62 0.398304749629 0.110532867978 0.175641616052 0.648890865601
63 0.365135406337 0.174697228831 0.175050550339 0.647542162397
64 0.382166386832 0.170158811053 0.173328165667 0.646370783825
65 0.366196952804 0.171434079806 0.174469247072 0.64759887145
66 0.379964387629 0.17197268275 0.173919237862 0.647587662269
67 0.381790825076 0.172491444839 0.171267175887 0.648791102974
68 0.377917611285 0.163089301033 0.173548872254 0.65408231048
69 0.374629375969 0.163418060819 0.174983076621 0.65140843147
70 0.375512131599 0.0942527007913 0.173150026977 0.649483992824
71 0.375991475867 0.082780852296 0.174577695447 0.65028684472
72 0.386643873618 0.11580776307 0.175534993085 0.650337685815
73 0.391229668664 0.15908410255 0.175124925319 0.650745243231
74 0.37796400446 0.133996921093 0.173881542148 0.651015780609
75 0.377868835749 0.13614252052 0.174328866906 0.651207946425
76 0.374976928657 0.14402994459 0.174639734001 0.651473377321
77 0.362769206195 0.13885486099 0.174881198547 0.65009496458
78 0.357699026533 0.125152590855 0.174877943409 0.643706912345
79 0.337711515033 0.106262807912 0.175252536212 0.646752774605
80 0.334459267896 0.133548572169 0.176240804063 0.649109993545
81 0.330414336892 0.122857252688 0.175270899209 0.649676362069
82 0.328085684575 0.129735117535 0.175357018186 0.650004206262
83 0.326532913093 0.12680824529 0.175747527069 0.649932192726
84 0.339999768242 0.157781078045 0.180081741047 0.646384817328
85 0.331540293808 0.147950798621 0.177743924778 0.645232099233
86 0.326489054506 0.141734684533 0.178229515511 0.642330539686
87 0.321591127517 0.138192785336 0.177781300447 0.648218676317
88 0.321009879873 0.117005578075 0.177413542242 0.645649057551
89 0.326367038639 0.131543983276 0.176866658263 0.64585964577
90 0.321455170894 0.110665617165 0.17614908967 0.646842238577
91 0.322214551283 0.109844647055 0.17557159845 0.648151107233
92 0.315751226407 0.10242068615 0.176118567395 0.647571396057
93 0.327684035755 0.106882947698 0.176927262231 0.649541948551
94 0.328668577678 0.109877241594 0.176586522636 0.649451587224
95 0.330681682266 0.0940647077584 0.176958432263 0.650062909451
96 0.324885966804 0.0864808403356 0.177237581577 0.651472690256
97 0.31678474773 0.0984212190338 0.176547040454 0.652814613754
98 0.322742177809 0.109939852305 0.176722773803 0.652710636524
99 0.333225147254 0.126979146227 0.176007598352 0.651770871099
100 0.341604704894 0.115671030056 0.175867740994 0.651603088096
101 0.340162345087 0.145287166957 0.175131884178 0.651284550046
102 0.343846220853 0.144187144777 0.174628962624 0.65054312068
103 0.347464433601 0.120509460006 0.175517526492 0.651116036489
104 0.353653786387 0.129426776066 0.175777113178 0.650553927134
105 0.329458722885 0.119236487069 0.175331480067 0.648807671811
106 0.352336542645 0.118045144432 0.174222938278 0.648300956304
107 0.35628589994 0.123883447785 0.174134653007 0.649399193682
108 0.347402769029 0.132574792306 0.174268014884 0.648579644242
109 0.349411472714 0.104481551544 0.174666343319 0.648501973439
110 0.338869875621 0.12227770746 0.174503406967 0.64870549426
111 0.338993128141 0.140573079785 0.174632844355 0.648791443906
112 0.344016409796 0.132475156994 0.175379171525 0.648145535025
113 0.351760806531 0.160319987008 0.175694421472 0.648758096109
114 0.348426797142 0.171938340958 0.175137396176 0.649490050553
115 0.350184657962 0.15426825982 0.175588325514 0.650270229449
116 0.342048135078 0.155049161203 0.175291107184 0.649899385593
117 0.346986801011 0.149689172775 0.174870936032 0.650582396567
118 0.358547144213 0.145772825176 0.174244196934 0.650424985101
119 0.353734604495 0.133099017199 0.173850987434 0.650017548153
120 0.353272771252 0.139582248558 0.173888492684 0.649906407285
121 0.364708010554 0.152645959573 0.173977766016 0.649727303797
122 0.352594463977 0.162140131701 0.173988148429 0.650157749699
123 0.350639173971 0.146033097277 0.174588954106 0.650102654267
124 0.351565830464 0.148186729579 0.174901982939 0.650009155883
125 0.342147035735 0.103899828831 0.173284080869 0.649389771475
126 0.333735480453 0.167193871673 0.17491757275 0.651780711075
127 0.323629680445 0.167114803265 0.173610344179 0.648471493479
128 0.312083326465 0.147838433899 0.173432495883 0.650959081077
129 0.310939673239 0.142697738435 0.178843647186 0.649989467403
130 0.28818462402 0.0998324063493 0.178634800456 0.649427806407
131 0.283080308718 0.105115037083 0.176850275919 0.647335798438
132 0.284103042762 0.109285294878 0.177140378173 0.646701782368
133 0.285804556471 0.123769610884 0.178142570548 0.646587301372
134 0.368545237374 0.238219531591 0.180061958806 0.656572977447
135 0.408448203959 0.304049297001 0.179310548233 0.654631142658
136 0.419440974627 0.381868785805 0.177912217462 0.654599146186
137 0.347027380476 0.454786585266 0.177856505557 0.655622893466
138 0.313142968633 0.510325135402 0.177264350005 0.654373912613
139 0.302167433157 0.437623696259 0.176907176895 0.653002458433
140 0.320643453123 0.347345331227 0.176792218836 0.652452509209
141 0.34792683686 0.269603106218 0.177416278267 0.65185814708
142 0.348249893153 0.238339476836 0.177275090849 0.653199129967
143 0.346291157357 0.238210282863 0.176938349848 0.652333005858
144 0.342542838114 0.226968610462 0.176615529832 0.652257155229
145 0.354353590956 0.186932624672 0.175546624975 0.652080272033
146 0.363746143309 0.167928147826 0.176135867178 0.651420540434
147 0.3899235328 0.165695069859 0.175551411374 0.650881854729
148 0.36070938024 0.164872895851 0.176557968939 0.652053563225
149 0.350294147369 0.17647445646 0.17574010583 0.650421304139
150 0.3381299806 0.163012556064 0.175232424342 0.651038091395
151 0.327523295662 0.144550710322 0.175278840113 0.650586596411
152 0.31878447648 0.154978364541 0.175268896215 0.650600923995
153 0.345467043289 0.15549917199 0.175758521042 0.650558661406
154 0.347546253741 0.177817709051 0.174833505562 0.649841674071
155 0.350901682574 0.15426483804 0.174387306091 0.649447708339
156 0.347033609933 0.146082461177 0.174353632134 0.649757028401
157 0.337599364513 0.183063659619 0.173552536862 0.64871288532
158 0.349764100433 0.171127119539 0.174240681779 0.648956529857
159 0.353086023849 0.184400752928 0.173390162091 0.648819823841
160 0.362462408149 0.186203190031 0.173919360252 0.649398706052
161 0.344895069759 0.178866173943 0.174265546114 0.650108008249
162 0.348952338915 0.173477945972 0.174828815162 0.650009919962
163 0.358831371008 0.186180128134 0.174678145475 0.650171256529
164 0.370150734533 0.174535915313 0.175111648418 0.650274429979
165 0.363975631105 0.163090471613 0.175611051822 0.650901170564
166 0.365565842811 0.175219605005 0.175274087526 0.650780171397
167 0.358630687672 0.18217960748 0.175811174629 0.650923962992
168 0.354773382203 0.194923360256 0.176163879772 0.650958147332
169 0.353558520676 0.17159173304 0.176180761435 0.650528983887
170 0.355985435173 0.178899490631 0.175864907337 0.650379781012
171 0.366261375224 0.19042503061 0.175489376436 0.651850535363
172 0.36323935728 0.157335422384 0.175648241783 0.651551732117
173 0.378223415687 0.157108860998 0.175815314166 0.65138043577
174 0.358169630247 0.185645955106 0.176078724013 0.652278558264
175 0.350545867997 0.170462690355 0.1756962012 0.652024375237
176 0.341179353761 0.172442821224 0.174874560678 0.65168359258
177 0.330000265667 0.183027337037 0.174369218424 0.650920188063
178 0.322976856909 0.193948801319 0.174816634332 0.650882178578
179 0.342754760287 0.187082715282 0.174300464564 0.650695745356
180 0.336758409217 0.1965086972 0.174698495805 0.651162263865
181 0.329566766856 0.182619847583 0.174434353636 0.651172763726
182 0.326966466278 0.196175980239 0.174206973319 0.650910539615
183 0.313168246941 0.176959608961 0.173964480941 0.650166296663
184 0.32031313492 0.184099784112 0.17389039434 0.649847661477
185 0.326278562548 0.174876599637 0.174696655893 0.650785909561
186 0.317983259222 0.172795889765 0.174683976623 0.65018106936
187 0.318666020774 0.184299489976 0.174169636608 0.649663498883
188 0.320452151974 0.195858740644 0.174221705561 0.6498640552
189 0.324722864027 0.191903905192 0.175105814998 0.650197023982
190 0.334171631982 0.188424769383 0.175628290504 0.650584155803
191 0.329566643219 0.206637218421 0.175076601493 0.650401063952
192 0.354264910287 0.205647156093 0.174793995657 0.650745163519
193 0.354925467849 0.199211508851 0.174535779014 0.650575763755
194 0.362229105633 0.201257473509 0.174810775675 0.650421050433
195 0.38349871984 0.195961639581 0.175080152846 0.650253632389
196 0.362412319752 0.211397150315 0.175925087349 0.650201123481
197 0.367865026549 0.201304090665 0.175136249954 0.649722354853
198 0.364361676414 0.17873575042 0.174979746248 0.649530757619
199 0.363894245208 0.174537578829 0.175192344983 0.649301917195
200 0.362992941019 0.196339713909 0.175154916187 0.649517310365
201 0.368468198468 0.161005795097 0.175217382158 0.649700942622
202 0.353612744395 0.15605021286 0.175195131503 0.649529224052
203 0.336209536307 0.160123762906 0.174937826631 0.650042843216
204 0.353163473579 0.15185907724 0.175141546296 0.650433666769
205 0.325098101473 0.141370622411 0.175396073895 0.650791071826
206 0.33820770228 0.136521761155 0.175203980238 0.651429427361
207 0.340020378512 0.0957228695062 0.175893232872 0.650862727218
208 0.325390079869 0.108360939021 0.174651756442 0.650518685578
209 0.308354178738 0.115464142229 0.175159958413 0.650372021245
210 0.316316872984 0.135664814637 0.174693556866 0.650490253287
211 0.318643605735 0.135857159491 0.175398206308 0.648534580109
212 0.306569076569 0.158551509293 0.174998829772 0.648686914219
213 0.290842304656 0.121546384361 0.173863886272 0.650171146913
214 0.279365405412 0.12271935673 0.17482564009 0.652925256611
215 0.258153514466 0.133576173674 0.17519929821 0.651642202544
216 0.246981983154 0.157434557717 0.175246980807 0.651240037944
217 0.269772952699 0.219466877951 0.17254237404 0.652763462863
218 0.256747912826 0.166294800833 0.176400070032 0.650965953488
219 0.286217461158 0.207378316121 0.174643135527 0.651602607393
220 0.30699079266 0.18357195736 0.176594980402 0.653031391802
221 0.31097254615 0.187144124379 0.174180374571 0.6533079207
222 0.339608487011 0.212410167374 0.172893042683 0.653306599397
223 0.35495344795 0.212400624798 0.172992792892 0.652765272298
224 0.371685585333 0.247272511839 0.173743713831 0.652861705068
225 0.367542763981 0.27000437242 0.174497639559 0.652223501337
226 0.361840435841 0.292758008968 0.174642023508 0.651676864949
227 0.354762607354 0.291270964623 0.17494510772 0.651525615977
228 0.355665709227 0.271185225982 0.174634777104 0.651375453987
229 0.317546996109 0.19696199198 0.174636013038 0.650339840881
230 0.315749695261 0.158163388213 0.174900229102 0.649921159538
231 0.316891796991 0.173844404324 0.174445258239 0.649819852054
232 0.315692072298 0.161322683054 0.174537270938 0.649035328891
233 0.316537206126 0.149338949079 0.174494252227 0.648923002008
234 0.308144276032 0.149220634129 0.174484538096 0.64938982747
235 0.294307855531 0.174733294365 0.17440224846 0.649732686434
236 0.30139861161 0.192395531608 0.174494661198 0.649869891768
237 0.301690636897 0.207416335727 0.174730805976 0.650360162177
238 0.286719397153 0.195762606371 0.174692477015 0.650249065109
239 0.288877072456 0.219782792015 0.174331456937 0.650257483772
240 0.287689100851 0.197831208071 0.174472309236 0.649799712888
241 0.268614139591 0.204737243434 0.174552031818 0.649515951796
242 0.268117777235 0.219750076234 0.174388810184 0.649555368322
243 0.286273652491 0.179160441457 0.174674761396 0.649316255419
244 0.298767735259 0.167877307403 0.174429685344 0.650259453766
245 0.296939794607 0.192960453843 0.17427463148 0.650554189364
246 0.285620799398 0.157328344417 0.173913856308 0.650352197267
247 0.286499713395 0.17288343777 0.174120391778 0.650707757169
248 0.301633715185 0.144767018236 0.174174810454 0.650003093314
249 0.293143696155 0.166712297161 0.174668212026 0.649102384461
250 0.284978511845 0.168499793394 0.174637091553 0.649001452281
251 0.2640154458 0.173632338104 0.174797604584 0.649261018622
252 0.291370450983 0.142369548777 0.175305030603 0.649535484752
253 0.286993789937 0.1410304377 0.175028271487 0.65006417853
254 0.303152415332 0.163693052146 0.175189115554 0.649623710941
255 0.285787279653 0.174139680756 0.175142840499 0.649805964222
256 0.29540182703 0.168356946749 0.174998645249 0.649066035667
257 0.309311723834 0.168229391962 0.174706897297 0.648782879755
258 0.300295256459 0.150618404316 0.174813506943 0.648981016614
259 0.30245442235 0.148767751613 0.175125415994 0.649498173405
260 0.307741020074 0.186835458618 0.17495670211 0.650265065434
261 0.313019659588 0.215989682794 0.17453021734 0.649951611314
262 0.316860865162 0.248825367982 0.1745056334 0.649429074793
263 0.315549887793 0.250376612123 0.174553497839 0.649751378287
264 0.308660198812 0.222577526817 0.174892118015 0.649656223105
265 0.300150039488 0.219251110188 0.174937940404 0.649740297491
266 0.288188284811 0.214313922031 0.175148972815 0.650166589031
267 0.279285265985 0.160526946283 0.17528020451 0.650149281819
268 0.283264802018 0.219635319807 0.1755590414 0.650457559125
269 0.274762286262 0.223406169702 0.175223574657 0.649721299316
270 0.278414760204 0.194207447941 0.175540774858 0.650283325875
271 0.273288409103 0.222554340336 0.17549487331 0.651077067824
272 0.266877887956 0.256780623164 0.175148143631 0.651315887623
273 0.261764034927 0.287494193074 0.174988952642 0.650836749983
274 0.265286449836 0.209543778798 0.175231368882 0.649414780538
275 0.278698922692 0.214504011568 0.175540419325 0.649290866909
276 0.291968947688 0.213595136942 0.175598477812 0.649260460467
277 0.30855445 0.212459095723 0.17523582493 0.64902810291
278 0.316330829679 0.221448529308 0.175138407137 0.649629768298
279 0.335325356007 0.218553888594 0.174754342441 0.649809674894
280 0.325432523466 0.247892945576 0.174985527282 0.64909584275
281 0.31872356466 0.246487167143 0.174982792579 0.649389379823
282 0.318135263734 0.260602009406 0.174653447937 0.649750353086
283 0.31562624899 0.248006329986 0.174749140836 0.649789910258
284 0.320788699057 0.237342075108 0.174846471411 0.649774593348
285 0.327847748197 0.274140869296 0.17442947769 0.649176145581
286 0.331537588709 0.286534938358 0.174204456739 0.649060773662
287 0.333788368454 0.298449277468 0.174371799062 0.648437367878
288 0.329966368706 0.236679303078 0.175003108125 0.648344534922
289 0.328857605447 0.235302255452 0.175292845682 0.648905888434
290 0.3302339707 0.231670985591 0.174884823549 0.649309859286
291 0.339084049819 0.230422362775 0.174564353921 0.649303882999
292 0.332505700625 0.248403484321 0.174608353751 0.649476050196
293 0.32541369908 0.244655742355 0.175122783326 0.649883403934
294 0.322939461322 0.225039399478 0.175003610878 0.649726641888
295 0.3058896896 0.200594533 0.175214367289 0.649958891319
296 0.314590110875 0.15594967241 0.175299176942 0.649553764325
297 0.313523548725 0.165231913178 0.175181071673 0.649782564842
298 0.318948958496 0.164862705671 0.174749931188 0.649569426506
299 0.313866963397 0.183129087605 0.174270843031 0.648501315625
300 0.299623803096 0.210200865128 0.174456060585 0.648969107918
301 0.296642053239 0.187891735573 0.174729461466 0.649444995749
302 0.300130876225 0.17546502201 0.175232050259 0.650099526448
303 0.293550280571 0.18971775847 0.174865552028 0.649577319486
304 0.299207037848 0.182876964736 0.175463521464 0.649651742351
305 0.314825570914 0.211086143049 0.175325418884 0.649590325468
306 0.330534883173 0.202689923243 0.174981702876 0.650360424297
307 0.344370272339 0.210588494074 0.174675736727 0.649948500874
308 0.358540147079 0.232066590179 0.174716581409 0.64986745669
309 0.357808406508 0.234770901541 0.17443577709 0.650435702084
310 0.363588421628 0.234818274715 0.174231166854 0.650927122729
311 0.364990051444 0.218100731914 0.174329743781 0.650410587011
312 0.361381138804 0.239015557009 0.174308354594 0.650114979436
313 0.366717382262 0.23206664579 0.174640513429 0.650949396288
314 0.367123220521 0.248646863123 0.175158201025 0.651652978359
315 0.367340571484 0.240446214149 0.175149580303 0.651343318246
316 0.366799126532 0.240331240399 0.175155646403 0.651404311611
317 0.36635942726 0.254773979378 0.175511801907 0.650747589737
318 0.369066192024 0.228622435078 0.175882444728 0.649710586816
319 0.35515970645 0.241294468073 0.175279022113 0.650337760614
320 0.338610998409 0.276573401115 0.175045045715 0.650780363986
321 0.327551427117 0.267695806192 0.175418703336 0.650433017911
322 0.342311228664 0.282632121258 0.176489545429 0.649017147602
323 0.352252064277 0.289723820074 0.176466560949 0.648663914391
324 0.324209398147 0.25694401466 0.176618263718 0.650322112704
325 0.315645674204 0.268141230914 0.176296964412 0.651019698398
326 0.340016736342 0.297941042807 0.175605869852 0.650558297528
327 0.322136090807 0.303310363743 0.174893229479 0.651070834129
328 0.314122994091 0.327011386704 0.17451697669 0.65084778867
329 0.314567100517 0.250655006886 0.175312636247 0.652222302455
330 0.315737206568 0.247791577875 0.174690716295 0.651979860949
331 0.318331620549 0.252600268565 0.174393277335 0.651311825015
332 0.309208764962 0.27795245973 0.174493083679 0.650694478142
333 0.299936840914 0.273536426845 0.174195223135 0.650726233041
334 0.300462160857 0.277713059256 0.17432209314 0.651056151291
335 0.297910119796 0.281238617137 0.174631450283 0.650698555892
336 0.28387688696 0.265500213593 0.174647833456 0.650427436612
337 0.245261314705 0.252287324558 0.17468763725 0.650500939463
338 0.214447928893 0.276820536188 0.174858005072 0.64935061071
339 0.202279870022 0.276282691091 0.174617657499 0.649097156914
340 0.183424662506 0.29019646535 0.174623940516 0.648794028574
341 0.157859328953 0.303378378901 0.174857809057 0.649267350086
342 0.137218949532 0.309097891636 0.174724691892 0.649759221668
343 0.111690777443 0.297469826232 0.174632177647 0.650251712198
344 0.0967347767075 0.297651693326 0.17443436426 0.650349343323
345 0.144906050165 0.267252425196 0.174451876832 0.650225744019
346 0.165093515231 0.258621567334 0.174317518743 0.650717731364
347 0.118347389204 0.272464540959 0.174241469928 0.650985571112
348 0.0944136729652 0.282312183654 0.173947875273 0.651372776943
349 0.232157965761 0.255516988013 0.174085247134 0.65026892467
350 0.328156453944 0.261306684275 0.174424140088 0.650506526199
351 0.340464825756 0.245987189158 0.174375770826 0.65037861517
352 0.342407249128 0.27300187497 0.17429926587 0.650146895938
353 0.334887171705 0.275179749003 0.175000391625 0.650067538127
354 0.334047905936 0.270620584692 0.174807257884 0.650181835888
355 0.32621046763 0.2919445155 0.174792623037 0.649877122555
356 0.319771095231 0.284505506644 0.174670150097 0.650714330324
357 0.316119895197 0.272244748101 0.174532259494 0.649809972835
358 0.322479352068 0.289032736085 0.1740717098 0.650109052662
359 0.31073802905 0.280278070835 0.173709365074 0.650829140062
360 0.309746005766 0.276381810742 0.173882005499 0.650329592794
361 0.314118251546 0.253085183113 0.174066354033 0.649675050733
362 0.31642697807 0.254794613008 0.173834539281 0.649942697577
363 0.31463183223 0.249880904608 0.17384381185 0.649793607902
364 0.316564246668 0.252624317364 0.174112800638 0.649351873638
365 0.313895943147 0.251012846417 0.17459300128 0.649198005813
366 0.309140048853 0.253758854716 0.174566969772 0.648820600001
367 0.320751385407 0.26227585697 0.174225827004 0.649649690062
368 0.318446367977 0.270950613657 0.174251756114 0.649670515327
369 0.330048845225 0.268482504803 0.174187260088 0.649182124217
370 0.347736046236 0.304241814399 0.174132495135 0.649356187566
371 0.349183510491 0.329650450342 0.174664999034 0.649333498798
372 0.34944094095 0.317089691225 0.175012913123 0.649412801003
373 0.35681771775 0.338834745714 0.175131534967 0.649351108967
374 0.351067165729 0.315382382951 0.175107102643 0.649872483781
375 0.356314170986 0.301423740804 0.174890394422 0.64916260532
376 0.345315118688 0.279942005404 0.174758568861 0.648430539499
377 0.343375998016 0.252804767199 0.17460029793 0.649425260331
378 0.335724228359 0.301279360742 0.175315174576 0.650183922474
379 0.328748368082 0.27357459441 0.175095730435 0.649702769445
380 0.314931723491 0.262326205883 0.174881983763 0.650378298818
381 0.317474470075 0.288016625341 0.17570796561 0.650575021319
382 0.29383625866 0.270793485406 0.176018309888 0.650342700834
383 0.286521818937 0.298703943617 0.174760444547 0.649648828836
384 0.29438682917 0.309296394588 0.173992769613 0.649353070681
385 0.291390309975 0.311933971982 0.1745308755 0.64864033204
386 0.276817062724 0.300682810777 0.175051181531 0.647503331076
387 0.280265551742 0.299527905308 0.175679232231 0.648525594478
388 0.278885486465 0.299748148419 0.176005750757 0.649355430657
389 0.27022747654 0.310068384869 0.175347850079 0.649615973979
390 0.266742665342 0.32532124252 0.175295338623 0.649816534788
391 0.258612375924 0.302794954608 0.17509087819 0.649920908768
392 0.276218063611 0.292310015328 0.175010095629 0.649861537373
393 0.271754842199 0.280768773326 0.174736023875 0.648807157939
394 0.272507199912 0.28597228223 0.174058217232 0.649169229522
395 0.263937243788 0.293647444892 0.174178619018 0.649414223265
396 0.280262916006 0.286823282341 0.174583785137 0.649232136134
397 0.289560500613 0.28703763363 0.174353802882 0.649884735891
398 0.295766634556 0.263675593974 0.174474358109 0.649916600659
399 0.310121771961 0.280286873752 0.174083008883 0.649823735327
400 0.31180519259 0.272706957237 0.17451501587 0.650284255462
401 0.309669399816 0.297394713436 0.175003958348 0.649487500685
402 0.305883026275 0.305647172098 0.175225602404 0.64955716417
403 0.309934336195 0.289261394629 0.17526085808 0.649756735536
404 0.315317664501 0.279158171741 0.17534252881 0.650178205183
405 0.31744131934 0.269780582848 0.175397484266 0.650778709019
406 0.32288610215 0.247651219588 0.175432352798 0.651186048072
407 0.318553210923 0.245303104029 0.175052226903 0.651269845308
408 0.320473352317 0.25720051959 0.174861699605 0.650393999671
409 0.317106439465 0.272791013417 0.175056323416 0.650378982702
410 0.312226117026 0.265789142092 0.175235577571 0.64984246775
411 0.303715730926 0.267494609716 0.174961052536 0.649965452355
412 0.291536701342 0.24774087909 0.175197219231 0.649748562252
413 0.294150538661 0.259995226678 0.175236823871 0.6500090612
414 0.281194078023 0.275997746764 0.175005782253 0.650099328855
415 0.277488173821 0.282280870207 0.174447073715 0.649350194627
416 0.280285196874 0.28088390248 0.174659676442 0.649913533064
417 0.284300411093 0.273618334669 0.17461928362 0.650122164341
418 0.282670521908 0.277875393674 0.175125581593 0.649540294505
419 0.278229329252 0.286090106255 0.175617431559 0.649356428269
420 0.270391428564 0.29925642342 0.175726300199 0.649027944139
421 0.270494671556 0.287624530156 0.176217056258 0.649299771554
422 0.271602574893 0.266701144721 0.175279230965 0.649429855876
423 0.279294606736 0.269979231764 0.175212289588 0.649695873087
424 0.29228111248 0.299956806982 0.175580569868 0.649309880709
425 0.299008919912 0.295868976767 0.175660890511 0.648934632693
426 0.300935750993 0.28699208151 0.175782829056 0.648743453943
427 0.309460279804 0.300701713888 0.175760895543 0.648522316309
428 0.317897230984 0.300120358776 0.17553954653 0.648077334907
429 0.32535666268 0.326080577533 0.174007174541 0.650154676298
430 0.329392364297 0.324887085602 0.172101831728 0.64725777941
431 0.32600639824 0.292016913531 0.174006017987 0.647253054379
432 0.325829155867 0.293791557237 0.176938413635 0.648015712445
433 0.336654228778 0.29417370798 0.176804102553 0.647967196762
434 0.354686950151 0.294863325468 0.176344145434 0.648271314151
435 0.357539929718 0.282158590118 0.176674275564 0.647930541744
436 0.320021850359 0.281672871088 0.175309168701 0.648952558745
437 0.301244574571 0.323833858451 0.174487626417 0.646773908626
438 0.286260274165 0.315784685739 0.17474549234 0.646652662693
439 0.282519410454 0.306659509393 0.174961624187 0.646690522527
440 0.28389478098 0.289574021143 0.173741501141 0.648854105473
441 0.282598645929 0.239651249131 0.174137628806 0.647950100129
442 0.273468719733 0.193713258072 0.176305570334 0.648069111283
443 0.26694688516 0.205898715502 0.176524669097 0.64784675917
444 0.25752934344 0.219349980873 0.17697164825 0.648482103808
445 0.246537661916 0.219398998306 0.17637114656 0.648497922281
446 0.242855129806 0.231673613858 0.176139363765 0.648161025226
447 0.245335140086 0.215787545131 0.175733449598 0.649446632066
448 0.241646894093 0.201187744773 0.175883252781 0.649728567631
449 0.232479498917 0.20317046263 0.176222619532 0.650015679061
450 0.230599740938 0.217162870552 0.176366851529 0.649082111912
451 0.23506452576 0.232544411055 0.177185930404 0.649929802022
452 0.244240302817 0.222870914494 0.17716133514 0.650999290795
453 0.251844887692 0.223343566568 0.176189960323 0.650505312825
454 0.26112841555 0.218490783981 0.175812073842 0.650647533974
455 0.261086405024 0.198459445946 0.175177336026 0.650721663085
456 0.267607400034 0.211376765138 0.17534492203 0.652126839297
457 0.279987093326 0.203804205382 0.17463610569 0.651480029409
458 0.29315940271 0.190477159678 0.17440345069 0.651050213511
459 0.285609450127 0.192452068283 0.174163567768 0.650592252214
460 0.294825054667 0.200977057633 0.173669924812 0.650771099469
461 0.311001277707 0.198424485784 0.174218456613 0.650764436287
462 0.318334443316 0.20851526879 0.174500159062 0.650899734407
463 0.318141941066 0.206711055236 0.174935612601 0.650863533805
464 0.319470588612 0.213719924491 0.174394769645 0.651670940109
465 0.298680497553 0.196521236163 0.175651926288 0.654522992846
466 0.292774801397 0.18365867556 0.176549556164 0.653988915057
467 0.297875313795 0.180370936433 0.17532128563 0.6533156703
468 0.290547611371 0.207150531007 0.175990675422 0.650428476455
469 0.277235890756 0.21469777537 0.175860481632 0.650871905888
470 0.269786589939 0.219385940634 0.175463259009 0.650772556339
471 0.268082165155 0.233064113037 0.174820686312 0.649323814751
472 0.269029269546 0.236142447213 0.174501606516 0.649176196311
473 0.255602804733 0.259393989794 0.174689085921 0.648363986878
474 0.253849786451 0.259412175215 0.174665521132 0.648891834007
475 0.258514438054 0.237674253154 0.1748736352 0.649225083249
476 0.259493750812 0.227165040258 0.174845510092 0.650002671291
477 0.257310124121 0.23297616203 0.175307088451 0.650314604794
478 0.258137418871 0.222249482588 0.175116273311 0.650409488321
479 0.252099461881 0.253461517598 0.17594358805 0.650831660315
480 0.262840547162 0.238452123818 0.175721378896 0.650331154368
481 0.269739584796 0.243202987651 0.175595081788 0.650046117177
482 0.266257004434 0.22242510338 0.175336291204 0.650357261507
483 0.267355010697 0.216143207178 0.175059525229 0.651075791342
484 0.276721432865 0.203415536223 0.174429880889 0.650736191807
485 0.275765103372 0.219694462439 0.17519901414 0.650159473044
486 0.285310808319 0.234393230746 0.175146892604 0.651041356926
487 0.287427918098 0.234820919803 0.174702643684 0.651456327691
488 0.308521763673 0.221160274583 0.175316555216 0.651353735047
489 0.317169216395 0.216237886678 0.175193303034 0.651241338876
490 0.292589088247 0.222226641096 0.17453948308 0.651586366759
491 0.283461470315 0.241676996264 0.17558636096 0.648529199319
492 0.286587194955 0.230489524024 0.176154082451 0.648433504438
493 0.299383472813 0.221957775064 0.17591505397 0.648585664955
494 0.302290188693 0.212387811031 0.17546124027 0.648677835596
495 0.302735047869 0.207689621431 0.175304223797 0.648685019723
496 0.311338381133 0.198496226507 0.175227355241 0.648417704304
497 0.333463199133 0.194086452692 0.174962463931 0.648808896195
498 0.356190473489 0.1904381903 0.174790922255 0.64895652645
499 0.278651092101 0.20147805912 0.17541795037 0.648880615666
500 0.277160277821 0.229534734641 0.175363489526 0.649585708534
501 0.279320031827 0.254391401654 0.175313588839 0.649812609142
502 0.239187963999 0.261754903355 0.175177672022 0.650129174912
503 0.256822623467 0.272372977922 0.177270139419 0.652521497249
504 0.250845037042 0.221401241153 0.175897656911 0.651897731853
505 0.241709768384 0.1945907401 0.175896034336 0.652062005851
506 0.234709768923 0.201990950577 0.175685793043 0.65315962124
507 0.235308273553 0.213602034122 0.176339273648 0.652838843675
508 0.237005451861 0.209080178004 0.176627794902 0.652412036505
509 0.243814861649 0.242205863548 0.176573734811 0.651507580995
510 0.252631247688 0.244908337636 0.176492051323 0.651537819031
511 0.261614816822 0.259946594359 0.175631574505 0.651373203282
512 0.274623689453 0.256110532884 0.175471534649 0.650800140781
513 0.275413861823 0.251448207858 0.175428483044 0.650722834603
514 0.279136398069 0.273161759018 0.175623202948 0.650557420327
515 0.286724564367 0.232480583864 0.176191142258 0.651305325861
516 0.295430511588 0.22081025032 0.175993534096 0.650905386108
517 0.313954959638 0.224925998343 0.175669142114 0.650568601187
518 0.30433404107 0.255760929463 0.175902324064 0.651454442391
519 0.30324335943 0.263823660887 0.175925643674 0.65099078047
520 0.295602659149 0.246115231728 0.176187793793 0.651225870613
521 0.303256525579 0.246380052235 0.176132943079 0.651092285713
522 0.301590466808 0.243434001023 0.176635851241 0.651370296939
523 0.308450599356 0.259908398978 0.176275239614 0.650880891056
524 0.309842337057 0.232564218674 0.175795762482 0.650463217295
525 0.325598872614 0.243811624635 0.17543774239 0.649679799332
526 0.3248490088 0.227837385012 0.175325803047 0.650315817447
527 0.32701393272 0.22001817201 0.17557134998 0.649773544882
528 0.327936110462 0.222814240781 0.175233187221 0.649620693891
529 0.328620954088 0.23795509085 0.174874425524 0.649543303616
530 0.328420735665 0.222443076671 0.174787839039 0.649761347723
531 0.323876899943 0.241703170674 0.175278784173 0.649915478668
532 0.332845914575 0.213862424947 0.175562909082 0.649912210832
533 0.335058192923 0.219545089837 0.175330955591 0.649407106589
534 0.332935823933 0.225331753268 0.175004794954 0.650166270628
535 0.335788124531 0.228700332556 0.175293124908 0.650475330698
536 0.329087099047 0.243136130199 0.175222359816 0.650634662666
537 0.322611774289 0.252226005845 0.174934218886 0.649660036996
538 0.327211716673 0.253745504905 0.175146472841 0.650795321834
539 0.329733506989 0.263857729988 0.175268871811 0.650406937334
540 0.340958063792 0.245757161291 0.175197060347 0.650809851789
541 0.354084462485 0.252033315163 0.175104492553 0.651622634201
542 0.377408514718 0.251843709375 0.175256721909 0.651103718701
543 0.374104999553 0.233753089833 0.175133152935 0.651408694124
544 0.372064546688 0.248432379676 0.17518256593 0.650812295253
545 0.380366476231 0.289163368285 0.175041144259 0.650433166635
546 0.385096512565 0.295742131771 0.174191888119 0.65015031761
547 0.393271537633 0.346091723848 0.175085673918 0.648847784657
548 0.396678108594 0.281107065901 0.17520298648 0.644277971281
549 0.393425676019 0.278583468469 0.174534706858 0.642742526168
550 0.381296560548 0.283390366631 0.17453081284 0.643310274458
551 0.383430659083 0.227234104878 0.175021279414 0.642444453042
552 0.398957882086 0.241264653181 0.174948525426 0.642650292385
553 0.395628363992 0.230227860646 0.174527058022 0.64606039809
554 0.386071348366 0.228926902909 0.174684834716 0.646906198396
555 0.383606414272 0.25913421425 0.174902510684 0.647583621259
556 0.391509707128 0.2392209239 0.175516297022 0.647922641458
557 0.396359323751 0.229753794763 0.175904100745 0.64860428723
558 0.404904597406 0.273512634297 0.175648511369 0.64883911086
559 0.397513233618 0.298037480603 0.175432410017 0.648919463524
560 0.380908178843 0.282210890013 0.175361209342 0.649637555073
561 0.387467179803 0.288031504973 0.175424592143 0.649501963622
562 0.388940992733 0.308878368015 0.175394138137 0.649332066513
563 0.402858559981 0.301239152568 0.17544277931 0.649452648024
564 0.423514912599 0.292210050468 0.175461268914 0.649453126333
565 0.389882705379 0.315095323362 0.176434913248 0.649671870162
566 0.394696819715 0.327782143052 0.175711228524 0.64946341868
567 0.387579136784 0.348316093509 0.175586359756 0.649323783783
568 0.392571166386 0.300517241502 0.175153011394 0.649868230845
569 0.403226082926 0.289800092836 0.174827766775 0.650199583777
570 0.398397529191 0.344607205848 0.174900574121 0.649964060728
571 0.386757580113 0.322414207143 0.175412012771 0.649857497275
572 0.391639125446 0.349126767619 0.175620513231 0.649695463406
573 0.392868175934 0.333783113031 0.175152692342 0.650216805098
574 0.396472364369 0.32024729551 0.175785860551 0.64925121377
575 0.412727700038 0.297051852008 0.175442955118 0.649067024594
576 0.426365871595 0.300537008871 0.175129797237 0.649315937315
577 0.414969047043 0.250206659004 0.17491666928 0.64946987097
578 0.416316646778 0.249893944093 0.174518604825 0.649527761918
579 0.417229829099 0.245456599237 0.174449639149 0.649750617986
580 0.418280654429 0.242699432642 0.174434100426 0.65006276115
581 0.419334138342 0.237111092687 0.174612385408 0.650327557037
582 0.419496265975 0.269175589113 0.174959378594 0.649841552673
583 0.416783838031 0.279703738396 0.175020220228 0.649497912334
584 0.416121033518 0.288348498686 0.174843598121 0.649896980882
585 0.406203760495 0.279048655273 0.174615145625 0.649881609126
586 0.415704686701 0.290942344708 0.174598015682 0.64983364633
587 0.407378698125 0.314731040061 0.174436416517 0.649030296897
588 0.38718601941 0.332994867045 0.175062826075 0.650099190671
589 0.376507697281 0.364748203276 0.176201979218 0.649410407093
590 0.378889859209 0.370100995225 0.173731704877 0.648903047812
591 0.389111354307 0.36933114213 0.174535979724 0.649693244892
592 0.378981909319 0.383384693646 0.174466274676 0.649354643088
593 0.38019546099 0.404869347018 0.174318937233 0.649561604936
594 0.379401703249 0.410003931478 0.175069678116 0.649727955598
595 0.386092332684 0.387239125782 0.174351201832 0.648770132951
596 0.374312926695 0.375789207309 0.174146352171 0.648760124896
597 0.359892150333 0.348295497802 0.174565848462 0.648681353928
598 0.321041913088 0.354479493574 0.174811972517 0.647157879308
599 0.313305861647 0.422800978916 0.174779731508 0.648882317883
600 0.330601368887 0.49574335315 0.175313344368 0.649486910724
601 0.326115267259 0.515289226507 0.175158864059 0.64813431455
602 0.322391816519 0.522888480731 0.17502313965 0.648298058141
603 0.328534940739 0.532010189474 0.175161758817 0.648614866421
604 0.335889458067 0.418703568725 0.174176693125 0.649436325918
605 0.367971715137 0.336874129009 0.175070354795 0.649431368669
606 0.387455363211 0.340555454393 0.17475683734 0.649991894107
607 0.380285583141 0.347679795688 0.173950381033 0.649238322504
608 0.383335198342 0.31910301923 0.173930164392 0.649126539919
609 0.374484462818 0.298394910917 0.174032442862 0.649404085114
610 0.375844503695 0.307833539806 0.17429778677 0.649549567122
611 0.365038690312 0.31463163866 0.174338293618 0.650102985702
612 0.352476414494 0.3240035344 0.174645053617 0.65029495863
613 0.364002701228 0.305514063229 0.174297772155 0.650498996752
614 0.357490173901 0.285800026895 0.174518198493 0.65037495372
615 0.346150053094 0.329946487466 0.174942780244 0.650980366548
616 0.346413330656 0.31337632128 0.174889500464 0.650736783072
617 0.341498751125 0.355187259207 0.175034988764 0.650463656771
618 0.310905047535 0.369906086145 0.175013978071 0.650838933296
619 0.300183948791 0.362617850191 0.175240698133 0.650709871461
620 0.300481836861 0.344477315368 0.17492761697 0.65074329533
621 0.329437291344 0.293862645348 0.175255757852 0.650849192298
622 0.321126987109 0.267072301572 0.175304697982 0.65096503205
623 0.313911809344 0.290307026747 0.175223640113 0.650564132937
624 0.30912397406 0.304747685617 0.175201656393 0.650556926099
625 0.306833005857 0.330332176403 0.175353650689 0.650710223807
626 0.299556749783 0.338575652056 0.175223508964 0.650619393737
627 0.295054969862 0.329523314187 0.175461563248 0.649855843294
628 0.285348582549 0.338527679368 0.175480515771 0.650181199207
629 0.287746674379 0.360927886686 0.175202247386 0.64991652264
630 0.285885478532 0.331532905259 0.17558204022 0.649351251479
631 0.286751881791 0.3540042238 0.175152238194 0.6488617172
632 0.276284668036 0.349314722781 0.175014515866 0.648996381045
633 0.284166253629 0.335014350821 0.175332089644 0.649656814101
634 0.283421910441 0.336280766372 0.175208815244 0.649656231698
635 0.279390207804 0.35736107084 0.175052610264 0.649747675385
636 0.293167693838 0.297004226998 0.174832838543 0.649599015553
637 0.271885062961 0.287899539809 0.174748722145 0.649779929657
638 0.279390361587 0.263181283024 0.174830692738 0.649229571809
639 0.29037669306 0.28476464519 0.174792820865 0.649231607255
640 0.281451251803 0.290226651624 0.175234441644 0.649545962168
641 0.280941050027 0.338635875344 0.175160426149 0.64997213587
642 0.269961218448 0.310399817162 0.175070209271 0.649928570174
643 0.27350472489 0.336395961205 0.174975306269 0.649806785796
644 0.259551528489 0.338488376609 0.175405853586 0.650277426559
645 0.27143026649 0.31359368565 0.175329717483 0.650019381709
646 0.269499187477 0.314188112727 0.175297204883 0.649848990466
647 0.268930628168 0.320579925662 0.175112987525 0.650184081987
648 0.273792396556 0.343001614583 0.17535051558 0.650435198534
649 0.2829203611 0.308776396582 0.175489016651 0.650332235758
650 0.280008440915 0.278611825489 0.175413241657 0.649863431478
651 0.25038373811 0.308288825469 0.175383580712 0.650265113748
652 0.245690944674 0.307235994055 0.175275148458 0.650793764134
653 0.239525912552 0.341987855678 0.175196227652 0.6504346461
654 0.246614412807 0.370951020818 0.175185310174 0.65012114066
655 0.2500007499 0.398662451023 0.175218748284 0.650105795331
656 0.250910084008 0.438986328771 0.175325461161 0.649888591484
657 0.260821007822 0.439373352474 0.175420814907 0.649745094786
658 0.227758136239 0.400642349728 0.175261895309 0.649407093024
659 0.228756396169 0.416294697936 0.175756841177 0.649661285368
660 0.22293061861 0.426830891151 0.175672411437 0.650393928216
661 0.235729896192 0.436114856503 0.175298375064 0.649953415395
662 0.243508020869 0.429525210734 0.174961351353 0.650148829552
663 0.247413543972 0.467318201681 0.174507465034 0.650230209819
664 0.2708368336 0.494078839325 0.174507176902 0.650103538564
665 0.288823111231 0.481507705799 0.174656700874 0.649944365744
666 0.30528848984 0.430204159902 0.174754478467 0.649337757417
667 0.320713591613 0.415775598077 0.174928474803 0.649380966072
668 0.341783901474 0.422136929954 0.174740807979 0.649262387925
669 0.319276641876 0.432932976663 0.174866355198 0.650051483977
670 0.320616197575 0.409153045102 0.175028858991 0.650043120608
671 0.330767914859 0.425739127363 0.175233399889 0.65077051883
672 0.320130438296 0.446405594472 0.175239139759 0.650682823033
673 0.330268360477 0.452946560307 0.175463866497 0.650117621624
674 0.337754036338 0.472217612117 0.175290684737 0.650185767559
675 0.33368790968 0.46921121701 0.175073196551 0.649909885335
676 0.329776533458 0.478491077098 0.17460165658 0.650027344556
677 0.351969235234 0.503605950156 0.174549483501 0.649882690877
678 0.329164351872 0.591523172073 0.174737253498 0.650247524888
679 0.35090268988 0.456799503117 0.176585939116 0.650328446698
680 0.343931077319 0.525640251355 0.171894064563 0.653319421312
681 0.333917830083 0.722483634594 0.177707447164 0.646807400366
682 0.344797345757 0.565770128479 0.172866424705 0.654969531446
683 0.387708731564 0.510320183693 0.174470830066 0.651017755106
684 0.377475187335 0.614090945189 0.179109744356 0.650472929561
685 0.369670185305 0.661081295813 0.178126896971 0.648670617854
686 0.378576334802 0.644958284457 0.177349918487 0.648499283832
687 0.377889554485 0.663948567479 0.176574291288 0.649612344719
688 0.405922090163 0.645683828886 0.175675507191 0.648022537216
689 0.447911712198 0.58330222883 0.176696732235 0.649193728482
690 0.470186199769 0.580433099936 0.174559337681 0.648176559231
691 0.515399565264 0.519702773457 0.174458917226 0.648026893387
692 0.526131989976 0.478924711425 0.175302794994 0.64943071956
693 0.527509325765 0.493468661934 0.175147311437 0.649995436881
694 0.537691146926 0.474173936797 0.175002684798 0.649729321906
695 0.546447141829 0.473402054883 0.175020010964 0.649804740837
696 0.580193855431 0.433336446628 0.17494167743 0.649560889662
697 0.639165303995 0.421230295975 0.174910447836 0.649767725028
698 0.672286058901 0.442583139959 0.174988126753 0.65035474261
699 0.695786623061 0.499963566159 0.175117903424 0.650557080943
700 0.679002575335 0.507429826167 0.174750738794 0.650438683377
701 0.683849081444 0.537635252061 0.174698833119 0.650170256782
702 0.673860929135 0.562433707189 0.17472256492 0.649764741187
703 0.714721354603 0.527974906932 0.174597230468 0.649386832131
704 0.730761475758 0.532806216992 0.174866614419 0.649476379578
705 0.74504630754 0.511077394691 0.175374382374 0.64948088841
706 0.748502361435 0.62535189139 0.175434364821 0.649678352842
707 0.749415065566 0.569627993091 0.175046220869 0.650519882359
708 0.74914859933 0.584921052059 0.175636530124 0.650352671478
709 0.745599869942 0.572729069551 0.175854709487 0.650118025919
710 0.749269143346 0.595380770246 0.175786016513 0.65007358049
711 0.749740504368 0.602191627686 0.175396605144 0.650014630545
712 0.749916193485 0.643258389368 0.175290715124 0.650049007856
713 0.749996632808 0.588165899045 0.17867924966 0.649680563568
714 0.749818324158 0.612981461378 0.178348170506 0.649369035693
715 0.749952264959 0.562359066741 0.179618174687 0.648311008809
716 0.749771955341 0.577742796171 0.177774850569 0.648190341425
717 0.745945922412 0.557890225693 0.179197171526 0.647421644311
718 0.742229063872 0.645761565686 0.177843488272 0.650723458448
719 0.749879877961 0.852010489031 0.177420668223 0.650546633321
720 0.749994457099 0.901589706417 0.178370978621 0.6508324572
721 0.749932767333 0.82123556786 0.17680047941 0.650619382576
722 0.749889768841 0.785388460124 0.176475460779 0.651001383586
723 0.749927577294 0.796909470399 0.176413798561 0.650815099027
724 0.749996724214 0.807147109463 0.176089889118 0.650943540206
725 0.719997088203 0.868255450448 0.174426531471 0.650789462477
726 0.719485195983 0.835146384512 0.174145002225 0.649554907188
727 0.743106722524 0.826716508248 0.174806913429 0.649431328753
728 0.740758149718 0.803446004728 0.174511228238 0.649427101739
729 0.670359299847 0.846682196694 0.174421996566 0.648605442888
730 0.620684264032 0.401480284471 0.175060658939 0.653592977012
731 0.585773909138 0.311006583866 0.174885662555 0.654225555263
732 0.546908739668 0.257357211499 0.173819174314 0.653103687166
733 0.490215604598 0.247847291463 0.174237350851 0.651490469788
734 0.527842156062 0.265570415681 0.175197821906 0.651057669255
735 0.524658218023 0.269140352206 0.175214913797 0.651264874808
736 0.529484096068 0.281933205251 0.174818177833 0.650943680987
737 0.555262421412 0.289644948005 0.175341045502 0.65078510487
738 0.550193167215 0.303466692517 0.175614466676 0.650582383673
739 0.540358897358 0.32116901247 0.175360584429 0.650410317492
740 0.520236237273 0.346854837833 0.174997960889 0.650627741034
741 0.538102670336 0.356302998805 0.175278035576 0.650204454271
742 0.563836752388 0.379794929261 0.176046507791 0.649260692116
743 0.616867657196 0.6240332601 0.178054288999 0.645422449039
744 0.641998439407 0.695339951361 0.177378401848 0.646381321996
745 0.649190589871 0.605394220644 0.173955600614 0.646197378044
746 0.715915117696 0.753438746598 0.176306866488 0.64642305735
747 0.749698376212 0.856100649339 0.17648965086 0.647516464415
748 0.744563169616 0.951954756056 0.175721216158 0.647501955761
749 0.746014537119 0.836797667044 0.175277459222 0.648680519205
750 0.745723185913 0.8397535349 0.175319273521 0.64834872453
751 0.747386512814 0.686296092599 0.174651120283 0.64759309786
752 0.749151057558 0.967719691029 0.175274386597 0.638207783882
753 0.748419992367 1.01740848426 0.175227199692 0.637092921834
754 0.748171856186 1.06243853356 0.175347483237 0.636349590994
755 0.74052368187 0.956344704684 0.174357403972 0.63570285474
756 0.73177187927 1.02068314425 0.173090208962 0.635353611309
757 0.722298499775 1.05769535757 0.173495130558 0.634974876719
758 0.725077192721 1.08419905773 0.173579171526 0.634661570686
759 0.719114714561 1.12272984047 0.17385309915 0.634580346777
760 0.685265743947 1.03444512533 0.17319157671 0.635532150889
761 0.645932981795 0.908199955912 0.173033963475 0.633996449265
762 0.628532805964 0.961031500176 0.173657419453 0.634495740367
763 0.634563231352 0.940130115122 0.174141875225 0.634464772561
764 0.661000517754 0.960087630952 0.174273085759 0.634451648149
765 0.69818160866 1.02556090573 0.174403086813 0.63422119557
766 0.730786367767 1.03784937223 0.174618543171 0.634951396823
767 0.746485208128 0.776673921075 0.173757314894 0.644029398293
768 0.749999998144 0.79415405598 0.173106610515 0.645320251749
769 0.744364876871 0.798282448438 0.172573425252 0.645816474769
770 0.721346029558 0.787653921894 0.171145873739 0.646823026439
771 0.721432692233 0.746826082869 0.172472124864 0.646138690222
772 0.712363611367 0.734970140357 0.172385146099 0.647380789028
773 0.747834241589 0.347981464428 0.172250224475 0.653619109681
774 0.727980611811 0.472541143425 0.171065666293 0.649925400117
775 0.737612175662 0.403931255483 0.171645181295 0.649410912651
776 0.744377489761 0.38366456329 0.172278201591 0.649532036237
777 0.740029061232 0.642750733452 0.172588918834 0.647686682124
778 0.734905002166 0.799680574877 0.172833339073 0.646706400484
779 0.730509819277 0.787115475428 0.173115134588 0.647935771663
780 0.73030980542 0.746490669152 0.173452206124 0.647543394569
781 0.680513896374 0.644168639905 0.174007463255 0.647999351843
782 0.679318128413 0.564648831632 0.174816368236 0.649980193289
783 0.666677930071 0.529199185067 0.174757380759 0.649979418854
784 0.657462192478 0.481877112993 0.174674702642 0.649705669097
785 0.63107452041 0.489145568402 0.174330718467 0.650017403943
786 0.621988813879 0.507133009139 0.17451498284 0.649900300297
787 0.602358490943 0.513336089142 0.174621880216 0.650036626954
788 0.621625680887 0.446126013222 0.17460880507 0.650389161689
789 0.611574120504 0.457038312854 0.17478619681 0.650102598308
790 0.600255569011 0.443546137824 0.174900220519 0.650229337634
791 0.594152551271 0.432302248408 0.174918777652 0.650215474064
792 0.584344474155 0.446462772372 0.175080416086 0.650070200872
793 0.549951728098 0.474542751993 0.175060021622 0.650125986949
794 0.47839925082 0.434291402875 0.175437609542 0.649728817598
795 0.456964984635 0.450780222672 0.175426981931 0.649975394439
796 0.438813339228 0.467098913723 0.175429594782 0.650025014352
797 0.423253586777 0.49652201786 0.175300423138 0.649808037466
798 0.457600960736 0.400135084254 0.1751412372 0.649353343719
799 0.454074065616 0.431495231873 0.174989695532 0.649495476722
800 0.449839380862 0.481879321494 0.174930214245 0.649532235126
801 0.41669430749 0.513788100209 0.175000275281 0.649693854319
802 0.393737377739 0.547368523607 0.175142682388 0.649867028551
803 0.414429785538 0.495322935451 0.17520466345 0.64965633884
804 0.40136364176 0.527555823833 0.175119072178 0.649624001692
805 0.394291954821 0.463455885754 0.175293028737 0.649822288365
806 0.366886414663 0.515271297006 0.1752435017 0.649546186148
807 0.359274476422 0.574179362345 0.175357753978 0.649660432595
808 0.360286290204 0.624241631072 0.175188584425 0.649570891532
809 0.358993038541 0.467571909197 0.175743986216 0.649920869685
810 0.361726211832 0.5086214486 0.17555487979 0.64998201712
811 0.359768194315 0.544357151843 0.175340089205 0.650142022891
812 0.34323729188 0.61697869357 0.175244890327 0.649920846539
813 0.339035692442 0.682794232221 0.175120685497 0.649893441185
814 0.297145664179 0.731407714138 0.175026785822 0.650185687654
815 0.343456206261 0.763729385918 0.175010471394 0.650318105768
816 0.355991066381 0.812559911353 0.174797253419 0.650353031662
817 0.409754455778 0.806477832722 0.174784707644 0.650337315453
818 0.469201583007 0.833351038641 0.174652343011 0.650403897082
819 0.531056438194 0.916783855914 0.174609391216 0.650108367444
820 0.374396825282 0.645669102279 0.174870930786 0.650146016964
821 0.375892815231 0.647074603078 0.174206513255 0.650338256734
822 0.267565271333 0.508728607702 0.174660345111 0.650272030082
823 0.244083194411 0.522468742765 0.174900639687 0.650144545342
824 0.226678047564 0.524670615173 0.174570090312 0.649739545519
