./../data/Vid_A_ball.avi.avi
0 0.626068 0.473884 0.141026 0.189934
1 0.628125 0.475 0.140625 0.1875
2 0.63125 0.475 0.140625 0.1875
3 0.63125 0.475 0.140625 0.1875
4 0.628125 0.479166666667 0.140625 0.1875
5 0.625 0.479166666667 0.140625 0.1875
6 0.625 0.483333333333 0.140625 0.1875
7 0.625 0.4875 0.140625 0.1875
8 0.625 0.4875 0.140625 0.1875
9 0.621875 0.4875 0.140625 0.1875
10 0.621875 0.491666666667 0.140625 0.1875
11 0.61875 0.491666666667 0.140625 0.1875
12 0.61875 0.5 0.140625 0.1875
13 0.615625 0.495833333333 0.140625 0.1875
14 0.6125 0.495833333333 0.140625 0.1875
15 0.6125 0.504166666667 0.140625 0.1875
16 0.6125 0.508333333333 0.140625 0.1875
17 0.609375 0.508333333333 0.140625 0.1875
18 0.609375 0.504166666667 0.140625 0.1875
19 0.609375 0.508333333333 0.140625 0.1875
20 0.609375 0.508333333333 0.140625 0.1875
21 0.609375 0.5125 0.140625 0.1875
22 0.609375 0.516666666667 0.140625 0.1875
23 0.603125 0.516666666667 0.140625 0.1875
24 0.603125 0.516666666667 0.140625 0.1875
25 0.603125 0.516666666667 0.140625 0.1875
26 0.6 0.516666666667 0.140625 0.1875
27 0.6 0.520833333333 0.140625 0.1875
28 0.596875 0.516666666667 0.140625 0.1875
29 0.596875 0.516666666667 0.140625 0.1875
30 0.596875 0.516666666667 0.140625 0.1875
31 0.596875 0.516666666667 0.140625 0.1875
32 0.59375 0.5125 0.140625 0.1875
33 0.59375 0.504166666667 0.140625 0.1875
34 0.59375 0.508333333333 0.140625 0.1875
35 0.59375 0.508333333333 0.140625 0.1875
36 0.590625 0.508333333333 0.140625 0.1875
37 0.590625 0.508333333333 0.140625 0.1875
38 0.590625 0.508333333333 0.140625 0.1875
39 0.5875 0.508333333333 0.140625 0.1875
40 0.5875 0.508333333333 0.140625 0.1875
41 0.5875 0.5125 0.140625 0.1875
42 0.5875 0.5125 0.140625 0.1875
43 0.59375 0.508333333333 0.140625 0.1875
44 0.59375 0.5125 0.140625 0.1875
45 0.59375 0.5125 0.140625 0.1875
46 0.59375 0.516666666667 0.140625 0.1875
47 0.590625 0.5125 0.140625 0.1875
48 0.590625 0.516666666667 0.140625 0.1875
49 0.5875 0.520833333333 0.140625 0.1875
50 0.590625 0.516666666667 0.140625 0.1875
51 0.5875 0.516666666667 0.140625 0.1875
52 0.5875 0.516666666667 0.140625 0.1875
53 0.584375 0.516666666667 0.140625 0.1875
54 0.584375 0.529166666667 0.140625 0.1875
55 0.578125 0.529166666667 0.140625 0.1875
56 0.575 0.529166666667 0.140625 0.1875
57 0.575 0.525 0.140625 0.1875
58 0.575 0.525 0.140625 0.1875
59 0.575 0.529166666667 0.140625 0.1875
60 0.571875 0.529166666667 0.140625 0.1875
61 0.565625 0.533333333333 0.140625 0.1875
62 0.55625 0.533333333333 0.140625 0.1875
63 0.54375 0.533333333333 0.140625 0.1875
64 0.53125 0.541666666667 0.140625 0.1875
65 0.515625 0.5375 0.140625 0.1875
66 0.509375 0.541666666667 0.140625 0.1875
67 0.496875 0.554166666667 0.140625 0.1875
68 0.48125 0.566666666667 0.140625 0.1875
69 0.471875 0.566666666667 0.140625 0.1875
70 0.459375 0.570833333333 0.140625 0.1875
71 0.446875 0.591666666667 0.140625 0.1875
72 0.434375 0.595833333333 0.140625 0.1875
73 0.425 0.604166666667 0.140625 0.1875
74 0.41875 0.6125 0.140625 0.1875
75 0.409375 0.620833333333 0.140625 0.1875
76 0.39375 0.6125 0.140625 0.1875
77 0.384375 0.608333333333 0.140625 0.1875
78 0.384375 0.608333333333 0.140625 0.1875
79 0.38125 0.604166666667 0.140625 0.1875
80 0.3875 0.591666666667 0.140625 0.1875
81 0.39375 0.583333333333 0.140625 0.1875
82 0.40625 0.5625 0.140625 0.1875
83 0.4125 0.545833333333 0.140625 0.1875
84 0.421875 0.525 0.140625 0.1875
85 0.434375 0.5125 0.140625 0.1875
86 0.434375 0.508333333333 0.140625 0.1875
87 0.434375 0.508333333333 0.140625 0.1875
88 0.440625 0.483333333333 0.140625 0.1875
89 0.440625 0.483333333333 0.140625 0.1875
90 0.440625 0.483333333333 0.140625 0.1875
91 0.465625 0.483333333333 0.140625 0.1875
92 0.46875 0.479166666667 0.140625 0.1875
93 0.465625 0.479166666667 0.140625 0.1875
94 0.465625 0.479166666667 0.140625 0.1875
95 0.465625 0.495833333333 0.140625 0.1875
96 0.465625 0.495833333333 0.140625 0.1875
97 0.465625 0.4875 0.140625 0.1875
98 0.465625 0.483333333333 0.140625 0.1875
99 0.465625 0.508333333333 0.140625 0.1875
100 0.465625 0.508333333333 0.140625 0.1875
101 0.465625 0.5 0.140625 0.1875
102 0.45 0.5 0.140625 0.1875
103 0.45 0.5 0.140625 0.1875
104 0.45 0.508333333333 0.140625 0.1875
105 0.45 0.5125 0.140625 0.1875
106 0.45 0.525 0.140625 0.1875
107 0.428125 0.520833333333 0.140625 0.1875
108 0.421875 0.520833333333 0.140625 0.1875
109 0.421875 0.520833333333 0.140625 0.1875
110 0.446875 0.520833333333 0.140625 0.1875
111 0.45 0.5125 0.140625 0.1875
112 0.4625 0.5125 0.140625 0.1875
113 0.471875 0.4875 0.140625 0.1875
114 0.478125 0.4875 0.140625 0.1875
115 0.484375 0.4875 0.140625 0.1875
116 0.478125 0.4875 0.140625 0.1875
117 0.475 0.4875 0.140625 0.1875
118 0.471875 0.479166666667 0.140625 0.1875
119 0.46875 0.458333333333 0.140625 0.1875
120 0.45625 0.4375 0.140625 0.1875
121 0.459375 0.4375 0.140625 0.1875
122 0.46875 0.4375 0.140625 0.1875
123 0.478125 0.433333333333 0.140625 0.1875
124 0.48125 0.454166666667 0.140625 0.1875
125 0.48125 0.458333333333 0.140625 0.1875
126 0.465625 0.475 0.140625 0.1875
127 0.465625 0.483333333333 0.140625 0.1875
128 0.4625 0.508333333333 0.140625 0.1875
129 0.4625 0.520833333333 0.140625 0.1875
130 0.51875 0.558333333333 0.140625 0.1875
131 0.525 0.558333333333 0.140625 0.1875
132 0.5125 0.55 0.140625 0.1875
133 0.503125 0.541666666667 0.140625 0.1875
134 0.503125 0.5375 0.140625 0.1875
135 0.503125 0.525 0.140625 0.1875
136 0.471875 0.516666666667 0.140625 0.1875
137 0.459375 0.508333333333 0.140625 0.1875
138 0.45625 0.5125 0.140625 0.1875
139 0.446875 0.516666666667 0.140625 0.1875
140 0.434375 0.5 0.140625 0.1875
141 0.41875 0.5 0.140625 0.1875
142 0.41875 0.5 0.140625 0.1875
143 0.44375 0.491666666667 0.140625 0.1875
144 0.43125 0.458333333333 0.140625 0.1875
145 0.403125 0.429166666667 0.140625 0.1875
146 0.3875 0.3875 0.140625 0.1875
147 0.3625 0.366666666667 0.140625 0.1875
148 0.3625 0.366666666667 0.140625 0.1875
149 0.359375 0.366666666667 0.140625 0.1875
150 0.35 0.358333333333 0.140625 0.1875
151 0.346875 0.35 0.140625 0.1875
152 0.3375 0.345833333333 0.140625 0.1875
153 0.33125 0.3375 0.140625 0.1875
154 0.325 0.333333333333 0.140625 0.1875
155 0.303125 0.320833333333 0.140625 0.1875
156 0.296875 0.320833333333 0.140625 0.1875
157 0.296875 0.333333333333 0.140625 0.1875
158 0.296875 0.35 0.140625 0.1875
159 0.2875 0.35 0.140625 0.1875
160 0.2875 0.341666666667 0.140625 0.1875
161 0.2875 0.366666666667 0.140625 0.1875
162 0.284375 0.375 0.140625 0.1875
163 0.290625 0.370833333333 0.140625 0.1875
164 0.29375 0.375 0.140625 0.1875
165 0.29375 0.379166666667 0.140625 0.1875
166 0.2875 0.383333333333 0.140625 0.1875
167 0.284375 0.3875 0.140625 0.1875
168 0.278125 0.3875 0.140625 0.1875
169 0.278125 0.3875 0.140625 0.1875
170 0.275 0.391666666667 0.140625 0.1875
171 0.275 0.404166666667 0.140625 0.1875
172 0.28125 0.404166666667 0.140625 0.1875
173 0.28125 0.404166666667 0.140625 0.1875
174 0.26875 0.395833333333 0.140625 0.1875
175 0.2625 0.4 0.140625 0.1875
176 0.2625 0.4 0.140625 0.1875
177 0.259375 0.404166666667 0.140625 0.1875
178 0.24375 0.408333333333 0.140625 0.1875
179 0.240625 0.408333333333 0.140625 0.1875
180 0.23125 0.395833333333 0.140625 0.1875
181 0.228125 0.3875 0.140625 0.1875
182 0.253125 0.3875 0.140625 0.1875
183 0.2875 0.4 0.140625 0.1875
184 0.334375 0.4 0.140625 0.1875
185 0.371875 0.425 0.140625 0.1875
186 0.41875 0.458333333333 0.140625 0.1875
187 0.459375 0.454166666667 0.140625 0.1875
188 0.55 0.545833333333 0.140625 0.1875
189 0.5625 0.55 0.140625 0.1875
190 0.55625 0.55 0.140625 0.1875
191 0.546875 0.554166666667 0.140625 0.1875
192 0.5625 0.55 0.140625 0.1875
193 0.553125 0.55 0.140625 0.1875
194 0.55625 0.55 0.140625 0.1875
195 0.55625 0.566666666667 0.140625 0.1875
196 0.565625 0.566666666667 0.140625 0.1875
197 0.575 0.558333333333 0.140625 0.1875
198 0.575 0.566666666667 0.140625 0.1875
199 0.590625 0.5625 0.140625 0.1875
200 0.590625 0.566666666667 0.140625 0.1875
201 0.6 0.566666666667 0.140625 0.1875
202 0.596875 0.558333333333 0.140625 0.1875
203 0.5875 0.558333333333 0.140625 0.1875
204 0.609375 0.558333333333 0.140625 0.1875
205 0.60625 0.554166666667 0.140625 0.1875
206 0.6 0.554166666667 0.140625 0.1875
207 0.603125 0.545833333333 0.140625 0.1875
208 0.603125 0.545833333333 0.140625 0.1875
209 0.603125 0.545833333333 0.140625 0.1875
210 0.615625 0.5375 0.140625 0.1875
211 0.6125 0.541666666667 0.140625 0.1875
212 0.615625 0.533333333333 0.140625 0.1875
213 0.61875 0.5375 0.140625 0.1875
214 0.628125 0.525 0.140625 0.1875
215 0.63125 0.520833333333 0.140625 0.1875
216 0.63125 0.516666666667 0.140625 0.1875
217 0.63125 0.525 0.140625 0.1875
218 0.6125 0.529166666667 0.140625 0.1875
219 0.590625 0.529166666667 0.140625 0.1875
220 0.56875 0.520833333333 0.140625 0.1875
221 0.553125 0.520833333333 0.140625 0.1875
222 0.534375 0.525 0.140625 0.1875
223 0.521875 0.520833333333 0.140625 0.1875
224 0.509375 0.520833333333 0.140625 0.1875
225 0.503125 0.520833333333 0.140625 0.1875
226 0.496875 0.516666666667 0.140625 0.1875
227 0.49375 0.516666666667 0.140625 0.1875
228 0.490625 0.520833333333 0.140625 0.1875
229 0.484375 0.520833333333 0.140625 0.1875
230 0.4875 0.520833333333 0.140625 0.1875
231 0.484375 0.520833333333 0.140625 0.1875
232 0.484375 0.525 0.140625 0.1875
233 0.484375 0.520833333333 0.140625 0.1875
234 0.484375 0.520833333333 0.140625 0.1875
235 0.4875 0.520833333333 0.140625 0.1875
236 0.490625 0.520833333333 0.140625 0.1875
237 0.490625 0.520833333333 0.140625 0.1875
238 0.496875 0.516666666667 0.140625 0.1875
239 0.49375 0.520833333333 0.140625 0.1875
240 0.496875 0.525 0.140625 0.1875
241 0.5 0.529166666667 0.140625 0.1875
242 0.49375 0.533333333333 0.140625 0.1875
243 0.48125 0.533333333333 0.140625 0.1875
244 0.465625 0.5375 0.140625 0.1875
245 0.453125 0.55 0.140625 0.1875
246 0.446875 0.55 0.140625 0.1875
247 0.434375 0.5625 0.140625 0.1875
248 0.415625 0.5625 0.140625 0.1875
249 0.40625 0.575 0.140625 0.1875
250 0.390625 0.591666666667 0.140625 0.1875
251 0.38125 0.591666666667 0.140625 0.1875
252 0.375 0.604166666667 0.140625 0.1875
253 0.36875 0.608333333333 0.140625 0.1875
254 0.36875 0.608333333333 0.140625 0.1875
255 0.359375 0.6125 0.140625 0.1875
256 0.359375 0.620833333333 0.140625 0.1875
257 0.359375 0.620833333333 0.140625 0.1875
258 0.378125 0.616666666667 0.140625 0.1875
259 0.3875 0.608333333333 0.140625 0.1875
260 0.403125 0.608333333333 0.140625 0.1875
261 0.41875 0.591666666667 0.140625 0.1875
262 0.421875 0.591666666667 0.140625 0.1875
263 0.4375 0.566666666667 0.140625 0.1875
264 0.45 0.5625 0.140625 0.1875
265 0.45 0.558333333333 0.140625 0.1875
266 0.471875 0.495833333333 0.140625 0.1875
267 0.490625 0.5 0.140625 0.1875
268 0.496875 0.5125 0.140625 0.1875
269 0.496875 0.504166666667 0.140625 0.1875
270 0.496875 0.5 0.140625 0.1875
271 0.496875 0.5 0.140625 0.1875
272 0.4875 0.479166666667 0.140625 0.1875
273 0.48125 0.479166666667 0.140625 0.1875
274 0.471875 0.479166666667 0.140625 0.1875
275 0.465625 0.479166666667 0.140625 0.1875
276 0.4375 0.4625 0.140625 0.1875
277 0.4375 0.4625 0.140625 0.1875
278 0.4375 0.4625 0.140625 0.1875
279 0.4375 0.45 0.140625 0.1875
280 0.415625 0.445833333333 0.140625 0.1875
281 0.4 0.445833333333 0.140625 0.1875
282 0.39375 0.445833333333 0.140625 0.1875
283 0.3875 0.454166666667 0.140625 0.1875
284 0.3875 0.454166666667 0.140625 0.1875
285 0.3875 0.441666666667 0.140625 0.1875
286 0.396875 0.425 0.140625 0.1875
287 0.3875 0.425 0.140625 0.1875
288 0.3875 0.433333333333 0.140625 0.1875
289 0.390625 0.433333333333 0.140625 0.1875
290 0.4 0.433333333333 0.140625 0.1875
291 0.4 0.425 0.140625 0.1875
292 0.4 0.425 0.140625 0.1875
293 0.409375 0.425 0.140625 0.1875
294 0.41875 0.420833333333 0.140625 0.1875
295 0.41875 0.420833333333 0.140625 0.1875
296 0.459375 0.420833333333 0.140625 0.1875
297 0.465625 0.408333333333 0.140625 0.1875
298 0.465625 0.3875 0.140625 0.1875
299 0.465625 0.379166666667 0.140625 0.1875
300 0.471875 0.379166666667 0.140625 0.1875
301 0.471875 0.379166666667 0.140625 0.1875
302 0.446875 0.379166666667 0.140625 0.1875
303 0.440625 0.379166666667 0.140625 0.1875
304 0.41875 0.379166666667 0.140625 0.1875
305 0.4125 0.379166666667 0.140625 0.1875
306 0.403125 0.391666666667 0.140625 0.1875
307 0.403125 0.395833333333 0.140625 0.1875
308 0.4 0.420833333333 0.140625 0.1875
309 0.39375 0.429166666667 0.140625 0.1875
310 0.390625 0.429166666667 0.140625 0.1875
311 0.38125 0.425 0.140625 0.1875
312 0.371875 0.420833333333 0.140625 0.1875
313 0.359375 0.4125 0.140625 0.1875
314 0.3875 0.420833333333 0.140625 0.1875
315 0.39375 0.416666666667 0.140625 0.1875
316 0.39375 0.4125 0.140625 0.1875
317 0.39375 0.420833333333 0.140625 0.1875
318 0.378125 0.420833333333 0.140625 0.1875
319 0.378125 0.420833333333 0.140625 0.1875
320 0.378125 0.420833333333 0.140625 0.1875
321 0.378125 0.420833333333 0.140625 0.1875
322 0.365625 0.420833333333 0.140625 0.1875
323 0.365625 0.420833333333 0.140625 0.1875
324 0.353125 0.420833333333 0.140625 0.1875
325 0.353125 0.420833333333 0.140625 0.1875
326 0.353125 0.404166666667 0.140625 0.1875
327 0.35 0.404166666667 0.140625 0.1875
328 0.3375 0.3875 0.140625 0.1875
329 0.328125 0.379166666667 0.140625 0.1875
330 0.3125 0.379166666667 0.140625 0.1875
331 0.303125 0.404166666667 0.140625 0.1875
332 0.2875 0.408333333333 0.140625 0.1875
333 0.2875 0.4125 0.140625 0.1875
334 0.3125 0.408333333333 0.140625 0.1875
335 0.353125 0.416666666667 0.140625 0.1875
336 0.390625 0.408333333333 0.140625 0.1875
337 0.409375 0.4 0.140625 0.1875
338 0.415625 0.4 0.140625 0.1875
339 0.415625 0.395833333333 0.140625 0.1875
340 0.409375 0.375 0.140625 0.1875
341 0.38125 0.395833333333 0.140625 0.1875
342 0.353125 0.395833333333 0.140625 0.1875
343 0.328125 0.404166666667 0.140625 0.1875
344 0.309375 0.416666666667 0.140625 0.1875
345 0.26875 0.416666666667 0.140625 0.1875
346 0.246875 0.425 0.140625 0.1875
347 0.240625 0.433333333333 0.140625 0.1875
348 0.240625 0.4375 0.140625 0.1875
349 0.240625 0.441666666667 0.140625 0.1875
350 0.221875 0.479166666667 0.140625 0.1875
351 0.221875 0.479166666667 0.140625 0.1875
352 0.23125 0.516666666667 0.140625 0.1875
353 0.24375 0.516666666667 0.140625 0.1875
354 0.2625 0.516666666667 0.140625 0.1875
355 0.284375 0.5125 0.140625 0.1875
356 0.296875 0.5125 0.140625 0.1875
357 0.3125 0.5125 0.140625 0.1875
358 0.3125 0.508333333333 0.140625 0.1875
359 0.33125 0.504166666667 0.140625 0.1875
360 0.3375 0.491666666667 0.140625 0.1875
361 0.340625 0.5 0.140625 0.1875
362 0.346875 0.504166666667 0.140625 0.1875
363 0.36875 0.5 0.140625 0.1875
364 0.384375 0.5 0.140625 0.1875
365 0.384375 0.5 0.140625 0.1875
366 0.384375 0.5 0.140625 0.1875
367 0.3875 0.495833333333 0.140625 0.1875
368 0.4 0.491666666667 0.140625 0.1875
369 0.403125 0.4875 0.140625 0.1875
370 0.403125 0.504166666667 0.140625 0.1875
371 0.396875 0.504166666667 0.140625 0.1875
372 0.396875 0.504166666667 0.140625 0.1875
373 0.403125 0.504166666667 0.140625 0.1875
374 0.409375 0.516666666667 0.140625 0.1875
375 0.409375 0.508333333333 0.140625 0.1875
376 0.421875 0.504166666667 0.140625 0.1875
377 0.41875 0.5 0.140625 0.1875
378 0.43125 0.504166666667 0.140625 0.1875
379 0.440625 0.491666666667 0.140625 0.1875
380 0.446875 0.491666666667 0.140625 0.1875
381 0.45 0.491666666667 0.140625 0.1875
382 0.459375 0.4875 0.140625 0.1875
383 0.459375 0.4875 0.140625 0.1875
384 0.471875 0.483333333333 0.140625 0.1875
385 0.48125 0.475 0.140625 0.1875
386 0.49375 0.470833333333 0.140625 0.1875
387 0.5125 0.466666666667 0.140625 0.1875
388 0.509375 0.4625 0.140625 0.1875
389 0.53125 0.458333333333 0.140625 0.1875
390 0.553125 0.445833333333 0.140625 0.1875
391 0.559375 0.4375 0.140625 0.1875
392 0.571875 0.441666666667 0.140625 0.1875
393 0.584375 0.4375 0.140625 0.1875
394 0.5875 0.433333333333 0.140625 0.1875
395 0.603125 0.433333333333 0.140625 0.1875
396 0.609375 0.420833333333 0.140625 0.1875
397 0.621875 0.420833333333 0.140625 0.1875
398 0.63125 0.4125 0.140625 0.1875
399 0.640625 0.404166666667 0.140625 0.1875
400 0.65 0.404166666667 0.140625 0.1875
401 0.659375 0.391666666667 0.140625 0.1875
402 0.6625 0.391666666667 0.140625 0.1875
403 0.66875 0.379166666667 0.140625 0.1875
404 0.65 0.391666666667 0.140625 0.1875
405 0.63125 0.395833333333 0.140625 0.1875
406 0.621875 0.4 0.140625 0.1875
407 0.603125 0.408333333333 0.140625 0.1875
408 0.5875 0.416666666667 0.140625 0.1875
409 0.578125 0.425 0.140625 0.1875
410 0.559375 0.425 0.140625 0.1875
411 0.55625 0.429166666667 0.140625 0.1875
412 0.546875 0.429166666667 0.140625 0.1875
413 0.53125 0.441666666667 0.140625 0.1875
414 0.51875 0.45 0.140625 0.1875
415 0.515625 0.45 0.140625 0.1875
416 0.515625 0.466666666667 0.140625 0.1875
417 0.515625 0.475 0.140625 0.1875
418 0.5125 0.4875 0.140625 0.1875
419 0.509375 0.495833333333 0.140625 0.1875
420 0.496875 0.508333333333 0.140625 0.1875
421 0.490625 0.508333333333 0.140625 0.1875
422 0.46875 0.516666666667 0.140625 0.1875
423 0.46875 0.529166666667 0.140625 0.1875
424 0.4625 0.529166666667 0.140625 0.1875
425 0.44375 0.5375 0.140625 0.1875
426 0.44375 0.55 0.140625 0.1875
427 0.44375 0.554166666667 0.140625 0.1875
428 0.44375 0.55 0.140625 0.1875
429 0.440625 0.554166666667 0.140625 0.1875
430 0.428125 0.558333333333 0.140625 0.1875
431 0.428125 0.558333333333 0.140625 0.1875
432 0.421875 0.5625 0.140625 0.1875
433 0.421875 0.566666666667 0.140625 0.1875
434 0.421875 0.558333333333 0.140625 0.1875
435 0.421875 0.5625 0.140625 0.1875
436 0.4125 0.566666666667 0.140625 0.1875
437 0.4125 0.566666666667 0.140625 0.1875
438 0.390625 0.570833333333 0.140625 0.1875
439 0.378125 0.570833333333 0.140625 0.1875
440 0.365625 0.575 0.140625 0.1875
441 0.35625 0.575 0.140625 0.1875
442 0.3375 0.575 0.140625 0.1875
443 0.3375 0.583333333333 0.140625 0.1875
444 0.3375 0.5875 0.140625 0.1875
445 0.3375 0.579166666667 0.140625 0.1875
446 0.353125 0.579166666667 0.140625 0.1875
447 0.378125 0.5625 0.140625 0.1875
448 0.390625 0.541666666667 0.140625 0.1875
449 0.390625 0.541666666667 0.140625 0.1875
450 0.409375 0.508333333333 0.140625 0.1875
451 0.384375 0.5 0.140625 0.1875
452 0.384375 0.5 0.140625 0.1875
453 0.38125 0.5 0.140625 0.1875
454 0.38125 0.508333333333 0.140625 0.1875
455 0.38125 0.508333333333 0.140625 0.1875
456 0.38125 0.5 0.140625 0.1875
457 0.371875 0.5 0.140625 0.1875
458 0.375 0.504166666667 0.140625 0.1875
459 0.378125 0.5125 0.140625 0.1875
460 0.378125 0.5125 0.140625 0.1875
461 0.3875 0.5125 0.140625 0.1875
462 0.4 0.5125 0.140625 0.1875
463 0.428125 0.508333333333 0.140625 0.1875
464 0.425 0.495833333333 0.140625 0.1875
465 0.428125 0.495833333333 0.140625 0.1875
466 0.434375 0.5 0.140625 0.1875
467 0.44375 0.508333333333 0.140625 0.1875
468 0.453125 0.516666666667 0.140625 0.1875
469 0.45625 0.516666666667 0.140625 0.1875
470 0.4625 0.520833333333 0.140625 0.1875
471 0.459375 0.525 0.140625 0.1875
472 0.459375 0.525 0.140625 0.1875
473 0.459375 0.520833333333 0.140625 0.1875
474 0.446875 0.516666666667 0.140625 0.1875
475 0.45 0.516666666667 0.140625 0.1875
476 0.44375 0.508333333333 0.140625 0.1875
477 0.4375 0.508333333333 0.140625 0.1875
478 0.43125 0.5125 0.140625 0.1875
479 0.415625 0.508333333333 0.140625 0.1875
480 0.4125 0.508333333333 0.140625 0.1875
481 0.40625 0.525 0.140625 0.1875
482 0.39375 0.5125 0.140625 0.1875
483 0.390625 0.504166666667 0.140625 0.1875
484 0.371875 0.5 0.140625 0.1875
485 0.3625 0.495833333333 0.140625 0.1875
486 0.35625 0.4875 0.140625 0.1875
487 0.346875 0.491666666667 0.140625 0.1875
488 0.34375 0.495833333333 0.140625 0.1875
489 0.3375 0.491666666667 0.140625 0.1875
490 0.334375 0.491666666667 0.140625 0.1875
491 0.3375 0.495833333333 0.140625 0.1875
492 0.33125 0.495833333333 0.140625 0.1875
493 0.334375 0.495833333333 0.140625 0.1875
494 0.334375 0.495833333333 0.140625 0.1875
495 0.328125 0.4875 0.140625 0.1875
496 0.328125 0.4875 0.140625 0.1875
497 0.325 0.483333333333 0.140625 0.1875
498 0.321875 0.483333333333 0.140625 0.1875
499 0.31875 0.483333333333 0.140625 0.1875
500 0.31875 0.483333333333 0.140625 0.1875
501 0.31875 0.483333333333 0.140625 0.1875
502 0.315625 0.4875 0.140625 0.1875
503 0.315625 0.491666666667 0.140625 0.1875
504 0.315625 0.5 0.140625 0.1875
505 0.31875 0.504166666667 0.140625 0.1875
506 0.315625 0.504166666667 0.140625 0.1875
507 0.321875 0.504166666667 0.140625 0.1875
508 0.325 0.529166666667 0.140625 0.1875
509 0.328125 0.525 0.140625 0.1875
510 0.33125 0.525 0.140625 0.1875
511 0.33125 0.533333333333 0.140625 0.1875
512 0.353125 0.5375 0.140625 0.1875
513 0.415625 0.529166666667 0.140625 0.1875
514 0.475 0.5375 0.140625 0.1875
515 0.528125 0.583333333333 0.140625 0.1875
516 0.575 0.591666666667 0.140625 0.1875
517 0.59375 0.608333333333 0.140625 0.1875
518 0.61875 0.6 0.140625 0.1875
519 0.61875 0.608333333333 0.140625 0.1875
520 0.621875 0.629166666667 0.140625 0.1875
521 0.653125 0.625 0.140625 0.1875
522 0.640625 0.625 0.140625 0.1875
523 0.625 0.65 0.140625 0.1875
524 0.625 0.65 0.140625 0.1875
525 0.621875 0.645833333333 0.140625 0.1875
526 0.621875 0.654166666667 0.140625 0.1875
527 0.621875 0.645833333333 0.140625 0.1875
528 0.63125 0.65 0.140625 0.1875
529 0.634375 0.670833333333 0.140625 0.1875
530 0.634375 0.666666666667 0.140625 0.1875
531 0.60625 0.6625 0.140625 0.1875
532 0.603125 0.6375 0.140625 0.1875
533 0.596875 0.633333333333 0.140625 0.1875
534 0.59375 0.6375 0.140625 0.1875
535 0.59375 0.620833333333 0.140625 0.1875
536 0.59375 0.608333333333 0.140625 0.1875
537 0.59375 0.616666666667 0.140625 0.1875
538 0.59375 0.604166666667 0.140625 0.1875
539 0.5875 0.6 0.140625 0.1875
540 0.578125 0.6 0.140625 0.1875
541 0.578125 0.6 0.140625 0.1875
542 0.55 0.591666666667 0.140625 0.1875
543 0.553125 0.591666666667 0.140625 0.1875
544 0.534375 0.591666666667 0.140625 0.1875
545 0.521875 0.595833333333 0.140625 0.1875
546 0.521875 0.5875 0.140625 0.1875
547 0.515625 0.604166666667 0.140625 0.1875
548 0.50625 0.6 0.140625 0.1875
549 0.5 0.591666666667 0.140625 0.1875
550 0.5 0.591666666667 0.140625 0.1875
551 0.5 0.5875 0.140625 0.1875
552 0.50625 0.579166666667 0.140625 0.1875
553 0.503125 0.579166666667 0.140625 0.1875
554 0.509375 0.575 0.140625 0.1875
555 0.521875 0.570833333333 0.140625 0.1875
556 0.525 0.5625 0.140625 0.1875
557 0.528125 0.566666666667 0.140625 0.1875
558 0.53125 0.554166666667 0.140625 0.1875
559 0.53125 0.554166666667 0.140625 0.1875
560 0.534375 0.554166666667 0.140625 0.1875
561 0.525 0.55 0.140625 0.1875
562 0.534375 0.55 0.140625 0.1875
563 0.525 0.545833333333 0.140625 0.1875
564 0.55 0.554166666667 0.140625 0.1875
565 0.55 0.554166666667 0.140625 0.1875
566 0.55 0.558333333333 0.140625 0.1875
567 0.55 0.554166666667 0.140625 0.1875
568 0.55 0.545833333333 0.140625 0.1875
569 0.553125 0.55 0.140625 0.1875
570 0.55 0.55 0.140625 0.1875
571 0.55625 0.545833333333 0.140625 0.1875
572 0.559375 0.545833333333 0.140625 0.1875
573 0.55625 0.545833333333 0.140625 0.1875
574 0.55 0.554166666667 0.140625 0.1875
575 0.534375 0.558333333333 0.140625 0.1875
576 0.53125 0.570833333333 0.140625 0.1875
577 0.525 0.570833333333 0.140625 0.1875
578 0.51875 0.579166666667 0.140625 0.1875
579 0.50625 0.583333333333 0.140625 0.1875
580 0.5 0.583333333333 0.140625 0.1875
581 0.490625 0.591666666667 0.140625 0.1875
582 0.478125 0.591666666667 0.140625 0.1875
583 0.465625 0.591666666667 0.140625 0.1875
584 0.4625 0.595833333333 0.140625 0.1875
585 0.453125 0.608333333333 0.140625 0.1875
586 0.453125 0.604166666667 0.140625 0.1875
587 0.440625 0.608333333333 0.140625 0.1875
588 0.434375 0.620833333333 0.140625 0.1875
589 0.434375 0.620833333333 0.140625 0.1875
590 0.43125 0.620833333333 0.140625 0.1875
591 0.425 0.6375 0.140625 0.1875
592 0.421875 0.645833333333 0.140625 0.1875
593 0.415625 0.645833333333 0.140625 0.1875
594 0.40625 0.645833333333 0.140625 0.1875
595 0.40625 0.654166666667 0.140625 0.1875
596 0.40625 0.658333333333 0.140625 0.1875
597 0.40625 0.6625 0.140625 0.1875
598 0.40625 0.6625 0.140625 0.1875
599 0.40625 0.6625 0.140625 0.1875
600 0.4 0.6625 0.140625 0.1875
601 0.4 0.6625 0.140625 0.1875
