./../data/Vid_B_cup.avi.avi
0 0.389601 0.384615 0.146011 0.244065
1 0.365625 0.40917434448 0.146011 0.244065
2 0.366861179434 0.408333333333 0.146011 0.244065
3 0.366244912846 0.408333333333 0.146011 0.244065
4 0.363444374662 0.408333333333 0.146011 0.244065
5 0.364047083105 0.408333333333 0.146011 0.244065
6 0.3646948698 0.4125 0.146011 0.244065
7 0.362188206533 0.4125 0.146011 0.244065
8 0.3625 0.4125 0.146011 0.244065
9 0.3625 0.4175 0.146011 0.244065
10 0.359057795331 0.425 0.146011 0.244065
11 0.355257762861 0.431604109936 0.146011 0.244065
12 0.355311148622 0.433333333333 0.146011 0.244065
13 0.35 0.433333333333 0.146011 0.244065
14 0.348495568759 0.433333333333 0.146011 0.244065
15 0.34936848495 0.430832562556 0.146011 0.244065
16 0.342497922958 0.4375 0.146011 0.244065
17 0.339104521098 0.433333333333 0.146011 0.244065
18 0.338192899599 0.434549383534 0.146011 0.244065
19 0.339385345258 0.433333333333 0.146011 0.244065
20 0.34245377908 0.429166666667 0.146011 0.244065
21 0.345615823349 0.425 0.146011 0.244065
22 0.35 0.420833333333 0.146011 0.244065
23 0.35 0.420833333333 0.146011 0.244065
24 0.353125 0.413333333333 0.146011 0.244065
25 0.361881085212 0.408333333333 0.146011 0.244065
26 0.364994775593 0.408333333333 0.146011 0.244065
27 0.368109868008 0.404166666667 0.146011 0.244065
28 0.376883818938 0.404166666667 0.146011 0.244065
29 0.380008749934 0.398344999912 0.146011 0.244065
30 0.381410670998 0.393677156236 0.146011 0.244065
31 0.379942954598 0.390102752275 0.146011 0.244065
32 0.376514296916 0.385184011306 0.146011 0.244065
33 0.373145360511 0.379166666667 0.146011 0.244065
34 0.363727284361 0.371239126376 0.146011 0.244065
35 0.366231000121 0.370816477007 0.146011 0.244065
36 0.366227000079 0.367469333438 0.146011 0.244065
37 0.360898176312 0.374129307014 0.146011 0.244065
38 0.353436489798 0.37124774972 0.146011 0.244065
39 0.350584052961 0.384112070615 0.146011 0.244065
40 0.350409092793 0.394182228113 0.146011 0.244065
41 0.349260272402 0.407984623803 0.146011 0.244065
42 0.349633997294 0.417683474985 0.146011 0.244065
43 0.341463254111 0.428089195318 0.146011 0.244065
44 0.342635537018 0.437007867351 0.146011 0.244065
45 0.340625 0.426408677026 0.146011 0.244065
46 0.335087458586 0.404673028283 0.146011 0.244065
47 0.323615744276 0.377804623747 0.146011 0.244065
48 0.317623250762 0.38146770072 0.146011 0.244065
49 0.317118283883 0.419943444022 0.146011 0.244065
50 0.311564525561 0.398177329925 0.146011 0.244065
51 0.30233341875 0.378315979072 0.146011 0.244065
52 0.295332729669 0.385574170797 0.146011 0.244065
53 0.301565033788 0.367525172698 0.146011 0.244065
54 0.288212859576 0.331188833176 0.146011 0.244065
55 0.275539829287 0.316246704737 0.146011 0.244065
56 0.278497417098 0.314856307474 0.146011 0.244065
57 0.266373492561 0.321478462926 0.146011 0.244065
58 0.266251389109 0.313465242304 0.146011 0.244065
59 0.256400225601 0.318602350346 0.146011 0.244065
60 0.249804381277 0.291693067857 0.146011 0.244065
61 0.243791045583 0.256619062278 0.146011 0.244065
62 0.238610953996 0.25668666133 0.146011 0.244065
63 0.234017599134 0.239287024765 0.146011 0.244065
64 0.218155046275 0.222732381293 0.146011 0.244065
65 0.208209791898 0.248365885472 0.146011 0.244065
66 0.196000030746 0.252459157165 0.146011 0.244065
67 0.187207076641 0.244946972996 0.146011 0.244065
68 0.182739393078 0.230817394429 0.146011 0.244065
69 0.179357291234 0.237357946783 0.146011 0.244065
70 0.18063681334 0.221041219785 0.146011 0.244065
71 0.145256678125 0.226968204482 0.146011 0.244065
72 0.132282433502 0.235700522383 0.146011 0.244065
73 0.135124352106 0.227363785831 0.146011 0.244065
74 0.197788052476 0.183616337921 0.146011 0.244065
75 0.312288153212 0.153407294918 0.146011 0.244065
76 0.393360597686 0.116119846251 0.146011 0.244065
77 0.420744268506 0.0636100803051 0.146011 0.244065
78 0.40625 0.0666666666667 0.146011 0.244065
79 0.403125 0.0625 0.146011 0.244065
80 0.39375 0.0666666666667 0.146011 0.244065
81 0.38125 0.0708333333333 0.146011 0.244065
82 0.371875 0.0708333333333 0.146011 0.244065
83 0.365625 0.0666666666667 0.146011 0.244065
84 0.359375 0.0708333333333 0.146011 0.244065
85 0.346462295259 0.0791666666667 0.146011 0.244065
86 0.332397004356 0.0833333333333 0.146011 0.244065
87 0.325 0.0791666666667 0.146011 0.244065
88 0.315625 0.0875 0.146011 0.244065
89 0.305336592789 0.0875 0.146011 0.244065
90 0.293113457366 0.0916666666667 0.146011 0.244065
91 0.283735663741 0.0916666666667 0.146011 0.244065
92 0.276543661222 0.0937751183709 0.146011 0.244065
93 0.239272869241 0.125626154142 0.146011 0.244065
94 0.168716093426 0.145363988507 0.146011 0.244065
95 0.115470492417 0.141371449609 0.146011 0.244065
96 0.0984724734286 0.104916860246 0.146011 0.244065
97 0.057338575254 0.120368737756 0.146011 0.244065
98 0.143173415257 0.142825122926 0.146011 0.244065
99 0.166048923238 0.136779055364 0.146011 0.244065
100 0.169480699481 0.134394022127 0.146011 0.244065
101 0.129730535532 0.149352954586 0.146011 0.244065
102 0.130068542209 0.164818678881 0.146011 0.244065
103 0.167544217329 0.180104722831 0.146011 0.244065
104 0.185761017105 0.170170539266 0.146011 0.244065
105 0.105660626324 0.171082242441 0.146011 0.244065
106 0.0343067225884 0.191598454032 0.146011 0.244065
107 0.00576769462848 0.232039537265 0.146011 0.244065
108 0.0 0.229166666667 0.146011 0.244065
109 0.0 0.233333333333 0.146011 0.244065
110 0.0 0.225 0.146011 0.244065
111 0.0 0.233333333333 0.146011 0.244065
112 0.0 0.2375 0.146011 0.244065
113 0.0 0.229166666667 0.146011 0.244065
114 0.0 0.225 0.146011 0.244065
115 0.0 0.211702144645 0.146011 0.244065
116 0.0 0.224009087507 0.146011 0.244065
117 0.0 0.226969954906 0.146011 0.244065
118 0.0 0.216666666667 0.146011 0.244065
119 0.0 0.195833333333 0.146011 0.244065
120 0.0 0.183333333333 0.146011 0.244065
121 0.0 0.153017898477 0.146011 0.244065
122 0.0 0.157897276198 0.146011 0.244065
123 0.0 0.145419619619 0.146011 0.244065
124 0.0 0.149588138065 0.146011 0.244065
125 0.0 0.145833333333 0.146011 0.244065
126 0.0 0.154166666667 0.146011 0.244065
127 0.0 0.153364066832 0.146011 0.244065
128 0.0 0.157937384218 0.146011 0.244065
129 0.0 0.154166666667 0.146011 0.244065
130 0.0108348236391 0.169254611344 0.146011 0.244065
131 0.01786819669 0.158840290628 0.146011 0.244065
132 0.052978617028 0.130483581917 0.146011 0.244065
133 0.0260869475192 0.150444841115 0.146011 0.244065
134 0.0215703212313 0.143752331115 0.146011 0.244065
135 0.00600458171825 0.153758413929 0.146011 0.244065
136 0.0160342830928 0.154371830196 0.146011 0.244065
137 0.0200897468308 0.158365679557 0.146011 0.244065
138 0.0162339414222 0.162540555953 0.146011 0.244065
139 0.0111177631271 0.160620692947 0.146011 0.244065
140 0.0156626167849 0.159629048456 0.146011 0.244065
141 0.0289189821151 0.144686565205 0.146011 0.244065
142 0.0253076204639 0.138441617442 0.146011 0.244065
143 0.0190104773488 0.146775513343 0.146011 0.244065
144 0.00801917095585 0.138911436925 0.146011 0.244065
145 0.00926485706618 0.130815410292 0.146011 0.244065
146 0.00426994028564 0.153367047317 0.146011 0.244065
147 0.0348275485428 0.0925869664907 0.146011 0.244065
148 0.0387506336336 0.0614073182813 0.146011 0.244065
149 0.033405919471 0.0541666666667 0.146011 0.244065
150 0.0271048327917 0.0541666666667 0.146011 0.244065
151 0.009375 0.05 0.146011 0.244065
152 0.0 0.05 0.146011 0.244065
153 0.0 0.05 0.146011 0.244065
154 0.0063207791248 0.0535868223931 0.146011 0.244065
155 0.0 0.05 0.146011 0.244065
156 0.0 0.0416666666667 0.146011 0.244065
157 0.0 0.0333333333333 0.146011 0.244065
158 0.0 0.0458333333333 0.146011 0.244065
159 0.0 0.0420838030414 0.146011 0.244065
160 0.0 0.0431134469006 0.146011 0.244065
161 0.0 0.0534838485066 0.146011 0.244065
162 0.00520245758947 0.057850170303 0.146011 0.244065
163 0.0 0.0881857355076 0.146011 0.244065
164 0.0240659593993 0.0584007543079 0.146011 0.244065
165 0.0513423879307 0.0406512917323 0.146011 0.244065
166 0.0266766422855 0.00397426319515 0.146011 0.244065
167 0.021875 0.0 0.146011 0.244065
168 0.015625 0.0 0.146011 0.244065
169 0.0266513720141 0.00581803868075 0.146011 0.244065
170 0.0365948612143 0.0444062348889 0.146011 0.244065
171 0.03125 0.0767572121907 0.146011 0.244065
172 0.01875 0.0833333333333 0.146011 0.244065
173 0.0125 0.0591460780287 0.146011 0.244065
174 0.0 0.0916666666667 0.146011 0.244065
175 0.0 0.0708333333333 0.146011 0.244065
176 0.0 0.0625 0.146011 0.244065
177 0.0 0.0583333333333 0.146011 0.244065
178 0.0 0.05 0.146011 0.244065
179 0.0 0.05 0.146011 0.244065
180 0.0 0.05 0.146011 0.244065
181 0.0390163396753 0.0565859518589 0.146011 0.244065
182 0.0285332709228 0.0499823394443 0.146011 0.244065
183 0.0764669156373 0.0793073729085 0.146011 0.244065
184 0.0914532855535 0.0781052993885 0.146011 0.244065
185 0.0761538926791 0.0652585583759 0.146011 0.244065
186 0.0806229110137 0.0735197083988 0.146011 0.244065
187 0.0828063041724 0.101793649174 0.146011 0.244065
188 0.0835831604184 0.105165975007 0.146011 0.244065
189 0.084375 0.104166666667 0.146011 0.244065
190 0.078125 0.0958333333333 0.146011 0.244065
191 0.078125 0.131639673513 0.146011 0.244065
192 0.0762108492043 0.117343396817 0.146011 0.244065
193 0.0712797424048 0.0903561100713 0.146011 0.244065
194 0.0697067325263 0.113775643368 0.146011 0.244065
195 0.065625 0.125 0.146011 0.244065
196 0.0625 0.106797255821 0.146011 0.244065
197 0.059375 0.130837342537 0.146011 0.244065
198 0.053125 0.12254950383 0.146011 0.244065
199 0.0456494290271 0.120891051983 0.146011 0.244065
200 0.0353699194948 0.116498728541 0.146011 0.244065
201 0.0303143515786 0.110849268216 0.146011 0.244065
202 0.01875 0.0991963033024 0.146011 0.244065
203 0.0147051558122 0.120518310663 0.146011 0.244065
204 0.00313223714835 0.0809282136476 0.146011 0.244065
205 0.0 0.0867200722341 0.146011 0.244065
206 0.0 0.0918773598211 0.146011 0.244065
207 0.0 0.0833333333333 0.146011 0.244065
208 0.0 0.0918236360689 0.146011 0.244065
209 0.0 0.0858708486026 0.146011 0.244065
210 0.0 0.0913245549393 0.146011 0.244065
211 0.0 0.12255487279 0.146011 0.244065
212 0.0 0.131065523016 0.146011 0.244065
213 0.0 0.129166666667 0.146011 0.244065
214 0.0 0.0958333333333 0.146011 0.244065
215 0.0 0.0817098712283 0.146011 0.244065
216 0.0 0.0846231168853 0.146011 0.244065
217 0.0 0.0958333333333 0.146011 0.244065
218 0.0 0.0877781407728 0.146011 0.244065
219 0.0 0.112833639638 0.146011 0.244065
220 0.00397076588492 0.0999154549362 0.146011 0.244065
221 0.00275331361959 0.116094500692 0.146011 0.244065
222 0.0041610649865 0.103543395121 0.146011 0.244065
223 0.0 0.0862965091119 0.146011 0.244065
224 0.0 0.041913603364 0.146011 0.244065
225 0.0 0.0699145258683 0.146011 0.244065
226 0.0 0.0815785585711 0.146011 0.244065
227 0.0 0.0824457368962 0.146011 0.244065
228 0.00133971927679 0.0728428686034 0.146011 0.244065
229 0.0 0.065730856239 0.146011 0.244065
230 0.0 0.0539893389321 0.146011 0.244065
231 0.0 0.070057196881 0.146011 0.244065
232 0.0 0.075 0.146011 0.244065
233 0.0 0.0664937116833 0.146011 0.244065
234 0.0 0.0993998801602 0.146011 0.244065
235 0.0 0.193347595898 0.146011 0.244065
236 0.0206095249954 0.303837247491 0.146011 0.244065
237 0.0 0.371376678816 0.146011 0.244065
238 0.0 0.421606298139 0.146011 0.244065
239 0.0 0.610565375725 0.146011 0.244065
240 0.0 0.654166666667 0.146011 0.244065
241 0.0 0.620833333333 0.146011 0.244065
242 0.0 0.629166666667 0.146011 0.244065
243 0.0 0.611253655558 0.146011 0.244065
244 0.00216362518502 0.580969181524 0.146011 0.244065
245 0.0566175543805 0.532042440949 0.146011 0.244065
246 0.0763081193835 0.470254608421 0.146011 0.244065
247 0.0588316228863 0.45485699179 0.146011 0.244065
248 0.053125 0.440535311311 0.146011 0.244065
249 0.0409185085492 0.434693350886 0.146011 0.244065
250 0.03125 0.435401250256 0.146011 0.244065
251 0.025 0.458333333333 0.146011 0.244065
252 0.025 0.449165506922 0.146011 0.244065
253 0.0375 0.436702196905 0.146011 0.244065
254 0.053125 0.448342338334 0.146011 0.244065
255 0.071875 0.441666666667 0.146011 0.244065
256 0.0875 0.454389968961 0.146011 0.244065
257 0.096875 0.457160798555 0.146011 0.244065
258 0.10625 0.461756431376 0.146011 0.244065
259 0.106237434204 0.439580323136 0.146011 0.244065
260 0.109908941383 0.446003346232 0.146011 0.244065
261 0.117722302567 0.416168001875 0.146011 0.244065
262 0.126255015929 0.425641709863 0.146011 0.244065
263 0.129638520606 0.414097067754 0.146011 0.244065
264 0.14375 0.408333333333 0.146011 0.244065
265 0.146875 0.40962218061 0.146011 0.244065
266 0.15 0.400029870034 0.146011 0.244065
267 0.15625 0.4 0.146011 0.244065
268 0.1625 0.399167335982 0.146011 0.244065
269 0.165625 0.382217329756 0.146011 0.244065
270 0.169125089407 0.385103840688 0.146011 0.244065
271 0.178125 0.359221948508 0.146011 0.244065
272 0.178056424213 0.326459648504 0.146011 0.244065
273 0.174940950915 0.317529652238 0.146011 0.244065
274 0.171137392116 0.301919725807 0.146011 0.244065
275 0.163848587605 0.297921530305 0.146011 0.244065
276 0.15529978979 0.291900536337 0.146011 0.244065
277 0.142374299371 0.254893173842 0.146011 0.244065
278 0.132401516722 0.257237377924 0.146011 0.244065
279 0.11591888978 0.252851633857 0.146011 0.244065
280 0.109375 0.238731258405 0.146011 0.244065
281 0.1 0.247515589709 0.146011 0.244065
282 0.0875 0.243325301018 0.146011 0.244065
283 0.0822077509654 0.272571847518 0.146011 0.244065
284 0.0753575568024 0.276906969613 0.146011 0.244065
285 0.065625 0.250808254671 0.146011 0.244065
286 0.0625 0.258333333333 0.146011 0.244065
287 0.05625 0.25988068742 0.146011 0.244065
288 0.05 0.272914033142 0.146011 0.244065
289 0.0446963505097 0.285475670065 0.146011 0.244065
290 0.0405931472241 0.316662405265 0.146011 0.244065
291 0.034375 0.286500972083 0.146011 0.244065
292 0.0271247168738 0.281999622498 0.146011 0.244065
293 0.0211217905406 0.296823087093 0.146011 0.244065
294 0.0125 0.311477905205 0.146011 0.244065
295 0.00289186130752 0.308094257785 0.146011 0.244065
296 0.000599138513068 0.314304810344 0.146011 0.244065
297 0.0 0.34400256545 0.146011 0.244065
298 0.0 0.338171802613 0.146011 0.244065
299 0.0 0.341355669921 0.146011 0.244065
300 0.0 0.367704298581 0.146011 0.244065
301 0.0 0.356011906761 0.146011 0.244065
302 0.0 0.333124750195 0.146011 0.244065
303 0.0 0.343926973789 0.146011 0.244065
304 0.0 0.356285162594 0.146011 0.244065
305 0.0 0.32329605472 0.146011 0.244065
306 0.0 0.307286692071 0.146011 0.244065
307 0.0 0.292552029822 0.146011 0.244065
308 0.0 0.296261899977 0.146011 0.244065
309 0.0 0.29795042167 0.146011 0.244065
310 0.00625 0.295058501512 0.146011 0.244065
311 0.00315192227189 0.29014556055 0.146011 0.244065
312 0.00977767726319 0.30081694683 0.146011 0.244065
313 0.0106738144046 0.295166534548 0.146011 0.244065
314 0.0154722009272 0.3177982762 0.146011 0.244065
315 0.00862131684989 0.312658839765 0.146011 0.244065
316 0.00348991468495 0.296682571544 0.146011 0.244065
317 0.000348318866347 0.29082478077 0.146011 0.244065
318 0.0 0.324460866038 0.146011 0.244065
319 0.0 0.311723534886 0.146011 0.244065
320 0.0 0.307214794333 0.146011 0.244065
321 0.0 0.311534859443 0.146011 0.244065
322 0.0 0.330321970271 0.146011 0.244065
323 0.0 0.375120974443 0.146011 0.244065
324 0.0 0.393657659531 0.146011 0.244065
325 0.0 0.405468062268 0.146011 0.244065
326 0.0 0.398752705754 0.146011 0.244065
327 0.0 0.376420243184 0.146011 0.244065
328 0.00175153497723 0.393453751813 0.146011 0.244065
329 0.00253161417406 0.418022325642 0.146011 0.244065
330 0.00150674701235 0.557850591683 0.146011 0.244065
331 0.0 0.712341015858 0.146011 0.244065
332 0.0 0.825079169061 0.146011 0.244065
333 0.0 0.875140589945 0.146011 0.244065
334 0.0 0.886420611914 0.146011 0.244065
335 0.0 0.98125 0.146011 0.244065
336 0.5 0.5 0.146011 0.244065
337 0.551281103524 0.646622056795 0.146011 0.244065
338 0.594783058588 0.740166480398 0.146011 0.244065
339 0.603575606523 0.787887406723 0.146011 0.244065
340 0.684770338931 0.864647355391 0.146011 0.244065
341 0.361278399326 0.482454367994 0.146011 0.244065
342 0.374371004311 0.537080669541 0.146011 0.244065
343 0.371369524584 0.552119552904 0.146011 0.244065
344 0.406067888651 0.578457402482 0.146011 0.244065
345 0.235050996956 0.438291237685 0.146011 0.244065
346 0.215625 0.429166666667 0.146011 0.244065
347 0.219691979768 0.366239971828 0.146011 0.244065
348 0.222140328271 0.341312895638 0.146011 0.244065
349 0.220563043838 0.329166666667 0.146011 0.244065
350 0.218680833604 0.33669058889 0.146011 0.244065
351 0.216743743217 0.331480822809 0.146011 0.244065
352 0.220961135498 0.335565768713 0.146011 0.244065
353 0.226546876493 0.3375 0.146011 0.244065
354 0.222002330348 0.338408405039 0.146011 0.244065
355 0.229368211726 0.345421401437 0.146011 0.244065
356 0.23125 0.354166666667 0.146011 0.244065
357 0.22585364726 0.3625 0.146011 0.244065
358 0.235296457455 0.366666666667 0.146011 0.244065
359 0.244052037079 0.366666666667 0.146011 0.244065
360 0.250312170289 0.373750341923 0.146011 0.244065
361 0.253714599347 0.378744099891 0.146011 0.244065
362 0.269676489797 0.3875 0.146011 0.244065
363 0.28061369543 0.4 0.146011 0.244065
364 0.282430948771 0.404166666667 0.146011 0.244065
365 0.280081125544 0.406112415191 0.146011 0.244065
366 0.312498693696 0.4129628662 0.146011 0.244065
367 0.311239953048 0.423745534688 0.146011 0.244065
368 0.32375 0.425 0.146011 0.244065
369 0.324681472156 0.438581917341 0.146011 0.244065
370 0.346860701163 0.445833075697 0.146011 0.244065
371 0.353125 0.454166666667 0.146011 0.244065
372 0.3684375 0.452083333333 0.146011 0.244065
373 0.3875 0.45 0.146011 0.244065
374 0.4 0.45 0.146011 0.244065
375 0.4125 0.445833333333 0.146011 0.244065
376 0.41875 0.445833333333 0.146011 0.244065
377 0.434375 0.450405644957 0.146011 0.244065
378 0.440625 0.456237681469 0.146011 0.244065
379 0.459375 0.45328696029 0.146011 0.244065
380 0.465625 0.454166666667 0.146011 0.244065
381 0.468106165181 0.45789153364 0.146011 0.244065
382 0.474396926991 0.467470764013 0.146011 0.244065
383 0.475 0.474109696083 0.146011 0.244065
384 0.465625 0.479166666667 0.146011 0.244065
385 0.459375 0.491666666667 0.146011 0.244065
386 0.446875 0.5125 0.146011 0.244065
387 0.434375 0.520833333333 0.146011 0.244065
388 0.428125 0.533333333333 0.146011 0.244065
389 0.41875 0.55 0.146011 0.244065
390 0.4125 0.5625 0.146011 0.244065
391 0.409375 0.570833333333 0.146011 0.244065
392 0.409375 0.579166666667 0.146011 0.244065
393 0.40625 0.583333333333 0.146011 0.244065
394 0.40625 0.588742540662 0.146011 0.244065
395 0.40625 0.583333333333 0.146011 0.244065
396 0.409375 0.583333333333 0.146011 0.244065
397 0.409375 0.5875 0.146011 0.244065
398 0.407495983248 0.589161310997 0.146011 0.244065
399 0.404682885397 0.579166666667 0.146011 0.244065
400 0.396875 0.572083333333 0.146011 0.244065
401 0.390625 0.570833333333 0.146011 0.244065
402 0.371875 0.566666666667 0.146011 0.244065
403 0.359375 0.566666666667 0.146011 0.244065
404 0.346875 0.5575 0.146011 0.244065
405 0.340625 0.55 0.146011 0.244065
406 0.33125 0.541666666667 0.146011 0.244065
407 0.328125 0.533333333333 0.146011 0.244065
408 0.328125 0.525 0.146011 0.244065
409 0.334375 0.525 0.146011 0.244065
410 0.346875 0.516666666667 0.146011 0.244065
411 0.35625 0.520833333333 0.146011 0.244065
412 0.365625 0.533333333333 0.146011 0.244065
413 0.38125 0.5375 0.146011 0.244065
414 0.387804574067 0.545833333333 0.146011 0.244065
415 0.396875 0.55 0.146011 0.244065
416 0.4 0.558333333333 0.146011 0.244065
417 0.4 0.554166666667 0.146011 0.244065
418 0.396875 0.5625 0.146011 0.244065
419 0.390625 0.558333333333 0.146011 0.244065
420 0.390625 0.558333333333 0.146011 0.244065
421 0.365625 0.558333333333 0.146011 0.244065
422 0.353125 0.554166666667 0.146011 0.244065
423 0.35625 0.554166666667 0.146011 0.244065
424 0.353125 0.558333333333 0.146011 0.244065
425 0.34375 0.5625 0.146011 0.244065
426 0.34375 0.558333333333 0.146011 0.244065
427 0.35 0.558333333333 0.146011 0.244065
428 0.350303351005 0.558333333333 0.146011 0.244065
429 0.346875 0.566666666667 0.146011 0.244065
430 0.346875 0.575 0.146011 0.244065
431 0.34375 0.579166666667 0.146011 0.244065
432 0.334375 0.575 0.146011 0.244065
433 0.33125 0.575 0.146011 0.244065
434 0.325 0.575 0.146011 0.244065
435 0.321875 0.570833333333 0.146011 0.244065
436 0.315625 0.5625 0.146011 0.244065
437 0.309375 0.5625 0.146011 0.244065
438 0.303125 0.558333333333 0.146011 0.244065
439 0.296875 0.55 0.146011 0.244065
440 0.290625 0.545833333333 0.146011 0.244065
441 0.2875 0.533333333333 0.146011 0.244065
442 0.284375 0.525 0.146011 0.244065
443 0.28125 0.520833333333 0.146011 0.244065
444 0.281860208831 0.5125 0.146011 0.244065
445 0.2875 0.508333333333 0.146011 0.244065
446 0.2875 0.508333333333 0.146011 0.244065
447 0.296875 0.508333333333 0.146011 0.244065
448 0.296875 0.5125 0.146011 0.244065
449 0.296875 0.5125 0.146011 0.244065
450 0.29375 0.5125 0.146011 0.244065
451 0.290625 0.5125 0.146011 0.244065
452 0.290625 0.508333333333 0.146011 0.244065
453 0.278125 0.5 0.146011 0.244065
454 0.271317817273 0.5 0.146011 0.244065
455 0.26875 0.495833333333 0.146011 0.244065
456 0.259375 0.4875 0.146011 0.244065
457 0.262205586486 0.483333333333 0.146011 0.244065
458 0.262216140216 0.483333333333 0.146011 0.244065
459 0.2625 0.479166666667 0.146011 0.244065
460 0.265625 0.479166666667 0.146011 0.244065
461 0.265625 0.479166666667 0.146011 0.244065
462 0.265625 0.479166666667 0.146011 0.244065
463 0.26875 0.4875 0.146011 0.244065
464 0.275 0.5 0.146011 0.244065
465 0.275 0.504166666667 0.146011 0.244065
466 0.275 0.520833333333 0.146011 0.244065
467 0.275 0.529166666667 0.146011 0.244065
468 0.275 0.541666666667 0.146011 0.244065
469 0.26875 0.55 0.146011 0.244065
470 0.26875 0.558333333333 0.146011 0.244065
471 0.26875 0.558333333333 0.146011 0.244065
472 0.2625 0.558333333333 0.146011 0.244065
473 0.259375 0.554166666667 0.146011 0.244065
474 0.265625 0.545833333333 0.146011 0.244065
475 0.265625 0.5375 0.146011 0.244065
476 0.271875 0.529166666667 0.146011 0.244065
477 0.275 0.516666666667 0.146011 0.244065
478 0.278125 0.508333333333 0.146011 0.244065
479 0.278125 0.508333333333 0.146011 0.244065
480 0.284375 0.5 0.146011 0.244065
481 0.2875 0.495833333333 0.146011 0.244065
482 0.289189745525 0.495833333333 0.146011 0.244065
483 0.296875 0.490416666667 0.146011 0.244065
484 0.3 0.485 0.146011 0.244065
485 0.30625 0.48375 0.146011 0.244065
486 0.3125 0.479166666667 0.146011 0.244065
487 0.315625 0.483333333333 0.146011 0.244065
488 0.328125 0.4875 0.146011 0.244065
489 0.33125 0.4875 0.146011 0.244065
490 0.33228938373 0.491666666667 0.146011 0.244065
491 0.340625 0.491666666667 0.146011 0.244065
492 0.340625 0.491666666667 0.146011 0.244065
493 0.346875 0.491666666667 0.146011 0.244065
494 0.353125 0.495833333333 0.146011 0.244065
495 0.35625 0.491666666667 0.146011 0.244065
496 0.365625 0.495833333333 0.146011 0.244065
497 0.36875 0.5 0.146011 0.244065
498 0.378125 0.508333333333 0.146011 0.244065
499 0.3875 0.5125 0.146011 0.244065
500 0.403125 0.508333333333 0.146011 0.244065
501 0.41875 0.516666666667 0.146011 0.244065
502 0.428125 0.525 0.146011 0.244065
503 0.44375 0.533333333333 0.146011 0.244065
504 0.453125 0.5375 0.146011 0.244065
505 0.465625 0.5375 0.146011 0.244065
506 0.475 0.541666666667 0.146011 0.244065
507 0.48125 0.545833333333 0.146011 0.244065
508 0.49375 0.55 0.146011 0.244065
509 0.5 0.558333333333 0.146011 0.244065
510 0.509375 0.566666666667 0.146011 0.244065
511 0.5125 0.575 0.146011 0.244065
512 0.515625 0.579166666667 0.146011 0.244065
513 0.515625 0.583333333333 0.146011 0.244065
514 0.521875 0.5875 0.146011 0.244065
515 0.521875 0.591666666667 0.146011 0.244065
516 0.521875 0.591666666667 0.146011 0.244065
517 0.51875 0.5875 0.146011 0.244065
518 0.521875 0.591666666667 0.146011 0.244065
519 0.525 0.583333333333 0.146011 0.244065
520 0.525 0.583333333333 0.146011 0.244065
521 0.53125 0.579166666667 0.146011 0.244065
522 0.5375 0.575 0.146011 0.244065
523 0.534375 0.570833333333 0.146011 0.244065
524 0.5375 0.566666666667 0.146011 0.244065
525 0.5375 0.5625 0.146011 0.244065
526 0.53125 0.566666666667 0.146011 0.244065
527 0.53125 0.5625 0.146011 0.244065
528 0.53125 0.558333333333 0.146011 0.244065
529 0.528125 0.558333333333 0.146011 0.244065
530 0.528125 0.554166666667 0.146011 0.244065
531 0.53125 0.55 0.146011 0.244065
532 0.5375 0.55 0.146011 0.244065
533 0.534375 0.55 0.146011 0.244065
534 0.5375 0.545833333333 0.146011 0.244065
535 0.54375 0.541666666667 0.146011 0.244065
536 0.540625 0.5375 0.146011 0.244065
537 0.54375 0.533333333333 0.146011 0.244065
538 0.54375 0.529166666667 0.146011 0.244065
539 0.54375 0.525 0.146011 0.244065
540 0.546875 0.516666666667 0.146011 0.244065
541 0.546875 0.508333333333 0.146011 0.244065
542 0.55625 0.5 0.146011 0.244065
543 0.559375 0.4875 0.146011 0.244065
544 0.559375 0.483333333333 0.146011 0.244065
545 0.5625 0.479166666667 0.146011 0.244065
546 0.5625 0.475 0.146011 0.244065
547 0.565625 0.466666666667 0.146011 0.244065
548 0.571875 0.4625 0.146011 0.244065
549 0.58125 0.458333333333 0.146011 0.244065
550 0.6 0.454166666667 0.146011 0.244065
551 0.609375 0.441666666667 0.146011 0.244065
552 0.628125 0.445833333333 0.146011 0.244065
553 0.6375 0.4375 0.146011 0.244065
554 0.6375 0.4375 0.146011 0.244065
555 0.6375 0.433333333333 0.146011 0.244065
556 0.6375 0.429166666667 0.146011 0.244065
557 0.63125 0.433333333333 0.146011 0.244065
558 0.61875 0.433333333333 0.146011 0.244065
559 0.609375 0.4375 0.146011 0.244065
560 0.603125 0.429166666667 0.146011 0.244065
561 0.59375 0.425 0.146011 0.244065
562 0.590625 0.420833333333 0.146011 0.244065
563 0.584375 0.416666666667 0.146011 0.244065
564 0.578125 0.410448132409 0.146011 0.244065
565 0.578125 0.404166666667 0.146011 0.244065
566 0.56875 0.4 0.146011 0.244065
567 0.56875 0.4 0.146011 0.244065
568 0.56875 0.395833333333 0.146011 0.244065
569 0.571875 0.3875 0.146011 0.244065
570 0.575 0.379166666667 0.146011 0.244065
571 0.58125 0.375 0.146011 0.244065
572 0.5875 0.366666666667 0.146011 0.244065
573 0.59375 0.358333333333 0.146011 0.244065
574 0.6 0.358333333333 0.146011 0.244065
575 0.60625 0.35 0.146011 0.244065
576 0.609375 0.35 0.146011 0.244065
577 0.615625 0.358333333333 0.146011 0.244065
578 0.61875 0.3625 0.146011 0.244065
579 0.621875 0.375 0.146011 0.244065
580 0.621875 0.391666666667 0.146011 0.244065
581 0.61875 0.4125 0.146011 0.244065
582 0.621875 0.416666666667 0.146011 0.244065
583 0.61875 0.425 0.146011 0.244065
584 0.615625 0.4375 0.146011 0.244065
585 0.61875 0.441666666667 0.146011 0.244065
586 0.615625 0.445833333333 0.146011 0.244065
587 0.615625 0.441666666667 0.146011 0.244065
588 0.6125 0.445833333333 0.146011 0.244065
589 0.615625 0.447916666667 0.146011 0.244065
590 0.615625 0.445833333333 0.146011 0.244065
591 0.615625 0.45 0.146011 0.244065
592 0.6125 0.4375 0.146011 0.244065
593 0.61875 0.429166666667 0.146011 0.244065
594 0.61875 0.424583333333 0.146011 0.244065
595 0.621875 0.420833333333 0.146011 0.244065
596 0.61875 0.425 0.146011 0.244065
597 0.613100940757 0.429166666667 0.146011 0.244065
598 0.603125 0.441666666667 0.146011 0.244065
599 0.6 0.45 0.146011 0.244065
600 0.596875 0.454166666667 0.146011 0.244065
601 0.590625 0.470833333333 0.146011 0.244065
602 0.584375 0.475 0.146011 0.244065
603 0.578125 0.479166666667 0.146011 0.244065
604 0.565625 0.491666666667 0.146011 0.244065
605 0.559375 0.508333333333 0.146011 0.244065
606 0.559375 0.520833333333 0.146011 0.244065
607 0.559375 0.525 0.146011 0.244065
608 0.5625 0.533333333333 0.146011 0.244065
609 0.559375 0.5375 0.146011 0.244065
610 0.559375 0.545833333333 0.146011 0.244065
611 0.55625 0.545833333333 0.146011 0.244065
612 0.55625 0.545833333333 0.146011 0.244065
613 0.55625 0.541666666667 0.146011 0.244065
614 0.55 0.541666666667 0.146011 0.244065
615 0.55 0.5375 0.146011 0.244065
616 0.54375 0.5375 0.146011 0.244065
617 0.540625 0.5375 0.146011 0.244065
618 0.5375 0.545833333333 0.146011 0.244065
619 0.534375 0.55 0.146011 0.244065
620 0.5375 0.558333333333 0.146011 0.244065
621 0.5375 0.570833333333 0.146011 0.244065
622 0.5375 0.579166666667 0.146011 0.244065
623 0.540625 0.583333333333 0.146011 0.244065
624 0.540625 0.583333333333 0.146011 0.244065
625 0.5375 0.583333333333 0.146011 0.244065
626 0.540625 0.570833333333 0.146011 0.244065
627 0.54125 0.558333333333 0.146011 0.244065
628 0.54375 0.55 0.146011 0.244065
