./../data/Vid_H_panda.avi.avi
0 0.101278 0.134993 0.223206 0.323722
1 0.102142323009 0.131237498636 0.224226046793 0.324268596087
2 0.0989021892383 0.131846711672 0.224468080299 0.323874419678
3 0.103400345059 0.133871861115 0.224228257348 0.32455428909
4 0.102862874623 0.131984697117 0.22452958612 0.324459240235
5 0.102090099564 0.136152777747 0.224286935447 0.323626666266
6 0.104028028221 0.129557891467 0.223287883842 0.324031252032
7 0.103288377496 0.124616064956 0.224126525555 0.32706931517
8 0.102881779065 0.129436540869 0.223789443209 0.326343672658
9 0.101745275307 0.133465541206 0.225069210753 0.325157714583
10 0.0999343898548 0.132130458125 0.224467576434 0.326317998874
11 0.102727335104 0.13605310732 0.225098691859 0.323940227825
12 0.110387970103 0.132853730076 0.224514502817 0.324178676264
13 0.101283984263 0.128816652132 0.224305349453 0.325886299274
14 0.10455262806 0.127962729456 0.223890414565 0.325667596592
15 0.102627017728 0.130947969744 0.225078012003 0.325472405026
16 0.100099129114 0.130770719312 0.22598901794 0.32375484016
17 0.103472710167 0.128726576949 0.224858545302 0.324279214352
18 0.111652598009 0.128311700624 0.221798471186 0.323075848344
19 0.110359233982 0.130879315112 0.221737931922 0.324195809562
20 0.107320324044 0.12842557283 0.221310059557 0.324747440371
21 0.109069653746 0.123138424136 0.223554976196 0.325075835034
22 0.109742377078 0.123150548163 0.219365579709 0.325815402703
23 0.105388231071 0.127266662562 0.223680519002 0.325621278205
24 0.103081235145 0.133241904946 0.223936356243 0.324982369112
25 0.107192376189 0.128839359704 0.222461823625 0.326619614614
26 0.105918914845 0.133926198292 0.221292503222 0.323533064217
27 0.112296224583 0.129661669567 0.221259662129 0.323258164539
28 0.107866892539 0.129059771817 0.221086460986 0.325032470254
29 0.104346011286 0.130422825105 0.222496140406 0.323068168009
30 0.107064449166 0.133486443823 0.221069328063 0.323844905812
31 0.107500976398 0.134089613899 0.221003896162 0.322883310175
32 0.108472365384 0.133395368902 0.218717467845 0.321923745932
33 0.108700290593 0.132832074463 0.219208415395 0.321524290546
34 0.105823078061 0.135559630999 0.21705528746 0.324530232549
35 0.104115811199 0.133576614302 0.221258367851 0.325239121199
36 0.106732676077 0.130657411003 0.219988978962 0.325589023741
37 0.108670481683 0.136825097538 0.216049934289 0.325905868459
38 0.104829399414 0.13275036154 0.214369916946 0.325889068571
39 0.107053649348 0.133601554883 0.214825754228 0.325141352114
40 0.11034184082 0.122016092022 0.21409904817 0.326951899506
41 0.109633371515 0.129657847796 0.213732399319 0.326152143927
42 0.108536394681 0.132057586637 0.21307791839 0.326090747921
43 0.104653776762 0.127382202048 0.214423291482 0.325714717935
44 0.107111644543 0.134135242695 0.214256992625 0.32515428775
45 0.107742460231 0.132129314757 0.214268853789 0.324361636705
46 0.10800783517 0.128214603289 0.21407162135 0.324662840754
47 0.108448212263 0.134672664023 0.214176806069 0.324566586437
48 0.109810085384 0.134504515715 0.212632770871 0.324033134378
49 0.109442440489 0.134978825485 0.211675086883 0.324256535109
50 0.112524215895 0.130646903084 0.211932388283 0.323415755227
51 0.106550284184 0.130731872792 0.212983596066 0.324054145929
52 0.101730676116 0.132181969894 0.213296691553 0.324897578142
53 0.110471909978 0.129109825261 0.213250938443 0.325754109777
54 0.107526527544 0.129760729741 0.214351326491 0.325641629755
55 0.106796450722 0.12848811305 0.215272058968 0.32532746189
56 0.110205537624 0.135499008365 0.215032029249 0.324688885642
57 0.109711666209 0.137448361425 0.214102403195 0.323788323149
58 0.111061043507 0.130610445219 0.213689825652 0.322428798674
59 0.106065689073 0.143329293579 0.213733829345 0.319590039659
60 0.106740379427 0.13468774506 0.214313921251 0.320827423084
61 0.110854634302 0.13850049926 0.213214674382 0.320437477976
62 0.11075120092 0.139261200306 0.21421133102 0.317492643425
63 0.108353297928 0.13125077893 0.213038060111 0.319458243006
64 0.112525925589 0.139187292508 0.212789325226 0.314511183431
65 0.106685573446 0.134870500567 0.211901560803 0.317388690406
66 0.108811093416 0.137044106322 0.212064471353 0.320239599243
67 0.108597834221 0.138254260331 0.212194020235 0.320404400551
68 0.108783660472 0.14185157681 0.213115648955 0.319167416592
69 0.109784609252 0.137154063607 0.215576636668 0.319450006385
70 0.107859046535 0.13976081519 0.21355732788 0.318165760308
71 0.110496621255 0.137803925728 0.21327633505 0.317388793294
72 0.107185959674 0.143148947919 0.213034736258 0.316661085806
73 0.110245979922 0.134149510004 0.212730183508 0.319622354696
74 0.105708954824 0.136058278151 0.213210442511 0.320306496986
75 0.106601409259 0.134187571371 0.21331186488 0.321027528948
76 0.10526083205 0.131779856856 0.212911654921 0.325358035004
77 0.107159525743 0.133427042878 0.213408916398 0.324435959973
78 0.108111347083 0.130718175959 0.212878548586 0.324806142975
79 0.107534961422 0.131311256716 0.212392041436 0.326721888515
80 0.10495113171 0.128830154782 0.214250023816 0.324802630794
81 0.107952810548 0.130724110859 0.212923595663 0.325310298558
82 0.111186726997 0.129820486971 0.213535765526 0.324297961651
83 0.110261802691 0.135488458046 0.212583871079 0.322602286793
84 0.110304148191 0.131913116524 0.212849320756 0.323742276614
85 0.110374729769 0.133768196191 0.213747885265 0.321720213594
86 0.109838918842 0.129607271045 0.213417088252 0.321782694544
87 0.112251262006 0.134016642089 0.212433105628 0.317720552583
88 0.109063649671 0.133119292051 0.212059076366 0.319090792725
89 0.108817685391 0.137125282262 0.21244319129 0.319407545648
90 0.11142853968 0.133686821454 0.213024978275 0.316607722483
91 0.10972939822 0.132503487455 0.214408321559 0.317427087615
92 0.111077850021 0.13645273355 0.214243045489 0.317627902355
93 0.109060047713 0.135143181956 0.212754904129 0.319030954186
94 0.107697231581 0.131704357462 0.211751004659 0.316824931794
95 0.109499849097 0.139332979714 0.211805695414 0.316497323851
96 0.108700685882 0.140392881043 0.21237514144 0.31701670012
97 0.109353862248 0.140397101571 0.211960234449 0.312983428403
98 0.117159712106 0.14000064765 0.211527063891 0.313594602408
99 0.106267877347 0.145270212104 0.21175757392 0.313946628349
100 0.106970721082 0.145414070734 0.212450752589 0.310280693342
101 0.108358759813 0.146019691372 0.212700296027 0.311004876065
102 0.109991632145 0.139739691006 0.213191011702 0.312658972404
103 0.107676752506 0.141126255913 0.213584586123 0.313855392607
104 0.108214001141 0.143476411872 0.213217516143 0.312734810949
105 0.106118347391 0.137720320316 0.212812047704 0.311701697439
106 0.109908401027 0.136908281342 0.212638652931 0.310356841429
107 0.108865797074 0.131629800695 0.213080083809 0.310344777437
108 0.112257602894 0.150984567452 0.21251957576 0.31163830831
109 0.110683202857 0.136528643652 0.212425544779 0.320101975782
110 0.108082393967 0.137904202506 0.211744016517 0.32254736774
111 0.106955579111 0.132174695489 0.211890071918 0.323626791899
112 0.109421529811 0.132136025496 0.212414347085 0.322700001831
113 0.112558930357 0.132899791696 0.212408328466 0.324617416211
114 0.108327466601 0.125636642935 0.21208628776 0.328503295591
115 0.110861520214 0.1292910386 0.212455272767 0.33000395673
116 0.110515776108 0.130452939977 0.212285242588 0.329915345798
117 0.110731336302 0.130080242715 0.213002006879 0.331321311338
118 0.11313993284 0.1290959569 0.212756335486 0.331566830515
119 0.113555893734 0.130994072014 0.212283838606 0.332052188394
120 0.109271997357 0.13025521106 0.212462441988 0.33039333941
121 0.107883551992 0.138225397985 0.2126533961 0.326260932872
122 0.120682584615 0.129920803141 0.212949968698 0.326388364089
123 0.118954419684 0.139138107895 0.213024469898 0.327121793367
124 0.114559193644 0.12891375808 0.213159058551 0.327524444902
125 0.111903903959 0.131007565977 0.213797368112 0.329210822378
126 0.114978050079 0.131913593737 0.213273430196 0.328536883882
127 0.117130399114 0.125000103547 0.213083059271 0.329169393929
128 0.112232361421 0.127372276188 0.213347943141 0.328312523963
129 0.119257140856 0.135000550786 0.213262888273 0.328818634337
130 0.117452485982 0.135181609568 0.212499450218 0.332876712019
131 0.118158644614 0.132692148886 0.212097371486 0.333498249162
132 0.111995738437 0.134502222672 0.212788481668 0.33488475797
133 0.113515578499 0.131339736521 0.212604258506 0.335484831023
134 0.113920056803 0.123062476718 0.212053850124 0.337171864775
135 0.117301346653 0.12226088819 0.211778421733 0.335347482035
136 0.118936776496 0.131424040588 0.212501947578 0.336436661287
137 0.11645606932 0.121021954959 0.213583061331 0.337410731918
138 0.121561452365 0.12520161619 0.21311552346 0.335746467159
139 0.116268874833 0.130991375691 0.212573960719 0.335356729291
140 0.120667375597 0.135888173601 0.211743492012 0.335748244075
141 0.117901396681 0.135873028835 0.21269420614 0.337608915542
142 0.113119690304 0.130398216961 0.212295469066 0.34012238863
143 0.119027221552 0.12342209834 0.212462474618 0.338451261113
144 0.11829370414 0.123660408242 0.212425966467 0.336785974499
145 0.115714187784 0.131654521502 0.212534930471 0.334064468248
146 0.120098624303 0.123054290919 0.212651409705 0.333539375377
147 0.118710227577 0.126475288862 0.212675824217 0.334319054137
148 0.118610653895 0.130359808997 0.212667887413 0.332634035201
149 0.120760926591 0.128053007326 0.212317795854 0.328201210478
150 0.117775312469 0.129991283603 0.212736344508 0.331182265593
151 0.115803658356 0.125950822695 0.212815482133 0.333716753583
152 0.115125768551 0.128094493908 0.212229316706 0.33806689549
153 0.123540336219 0.13451439286 0.212460528413 0.337833710908
154 0.12626387164 0.133958520659 0.212368103065 0.338690775031
155 0.120129277806 0.120776232258 0.212582352571 0.339722841947
156 0.118196311453 0.119883746589 0.21311397692 0.337419701568
157 0.122632347211 0.124926317492 0.212808830191 0.338069551835
158 0.120797149273 0.126952207551 0.212999202859 0.341167441413
159 0.118300244165 0.125758338051 0.213167316796 0.3413786129
160 0.120737992168 0.129901922322 0.212935768931 0.341627866147
161 0.122566231218 0.125000877204 0.213019771588 0.341655583681
162 0.118452509888 0.126125074249 0.212902389047 0.341476012073
163 0.116360569337 0.128423047247 0.211848415287 0.341234920649
164 0.120333556584 0.124306384651 0.211331516879 0.341261594948
165 0.128829090968 0.132358301527 0.210912288039 0.341757623615
166 0.12621183745 0.125258622906 0.211715181758 0.33893889659
167 0.130681910158 0.127843820815 0.212505954141 0.338870845688
168 0.121854302675 0.130115382702 0.212609931807 0.339391421557
169 0.126863980203 0.128175550307 0.212076900756 0.337733806818
170 0.12684461353 0.128415618023 0.21194531828 0.336745933109
171 0.136271868573 0.121901271974 0.212067912449 0.337030238413
172 0.135571551758 0.126999046431 0.212297121214 0.336421251519
173 0.12713725757 0.127016676345 0.213299882618 0.337131178265
174 0.125078896845 0.130308800771 0.212779089161 0.337872153453
175 0.129074976028 0.124866684496 0.212439996549 0.336941307503
176 0.130635960518 0.122180005119 0.212196920796 0.335199092704
177 0.129605755286 0.126638459498 0.212332599591 0.337255166862
178 0.128906251018 0.125826686251 0.211966036765 0.337896644592
179 0.130713683797 0.111306587557 0.212143175464 0.336993485713
180 0.133309484383 0.120956762989 0.211875850409 0.337958704981
181 0.129827653173 0.12816102203 0.211673100859 0.338242163457
182 0.128460696076 0.120722729446 0.212104400292 0.338768241144
183 0.135035976975 0.11729542974 0.212865690316 0.339892893854
184 0.130819095055 0.119886380687 0.213202338385 0.339800927156
185 0.131657655495 0.127201240536 0.212872421147 0.338958929668
186 0.132523176125 0.130606449016 0.213012400329 0.339279430319
187 0.137709734384 0.119045520638 0.213448743112 0.34034387474
188 0.132730716121 0.120908536731 0.212897614546 0.341595578102
189 0.135888316607 0.117177847142 0.212810484318 0.344091801316
190 0.137655639855 0.116458243391 0.212648958177 0.343404142727
191 0.140936736538 0.126383692515 0.212998864481 0.340863406027
192 0.132125735686 0.121124834287 0.213898504952 0.34117144356
193 0.136041216857 0.124020824463 0.212634251812 0.339257427059
194 0.134693217793 0.1229943606 0.213715993974 0.340427063133
195 0.13757659379 0.133299665252 0.213004819965 0.341473547959
196 0.140808912665 0.125410924559 0.211928469886 0.339586995512
197 0.142244724575 0.12013278841 0.211815810789 0.341329306037
198 0.139695453423 0.120189866504 0.211432128015 0.341621811715
199 0.135457461483 0.1155033444 0.212613161756 0.342286091084
200 0.141288930224 0.126702197475 0.212755372344 0.342633576046
201 0.145230160209 0.119309575051 0.212565075236 0.34219224735
202 0.152651619094 0.108041280229 0.211880373498 0.34185133631
203 0.14560140427 0.113057515799 0.211343473162 0.342002025864
204 0.153990848895 0.12689386876 0.212472937735 0.341226513081
205 0.158936318209 0.119801211676 0.212933857254 0.341681180913
206 0.138589357862 0.126744091972 0.214127628652 0.34092935806
207 0.137867807604 0.114630770383 0.214135294676 0.341554922444
208 0.139391708617 0.123248950137 0.213750035399 0.341360700828
209 0.134614787003 0.112416419581 0.212266195529 0.341934890048
210 0.143813669404 0.115502591235 0.212191161251 0.342267685227
211 0.152576446151 0.109785533365 0.212147572269 0.341870961294
212 0.150858946707 0.0923992151784 0.212946703683 0.342785115639
213 0.136606090075 0.10129771234 0.213005781415 0.342733091497
214 0.139696469867 0.112687461809 0.212167260907 0.34304846438
215 0.141258711038 0.112414300796 0.212055905418 0.342435494637
216 0.149115045543 0.115364938902 0.211857708832 0.342070541446
217 0.160144032019 0.102909289384 0.211957454766 0.342403447262
218 0.13953560859 0.103498324651 0.212578228751 0.342414849619
219 0.139633635965 0.0997761017646 0.212056514948 0.3418723948
220 0.139608581682 0.105784948668 0.212244292146 0.342701143256
221 0.145920131831 0.112141811336 0.212751342047 0.342356246263
222 0.145169781086 0.110543401524 0.213197483394 0.341790853338
223 0.144835865811 0.119796222503 0.214078405026 0.342163413102
224 0.15589158303 0.118596243843 0.21342682913 0.342553993189
225 0.145169437572 0.117019526857 0.212830730262 0.342928791838
226 0.149712187562 0.113719209795 0.212621161413 0.342346361463
227 0.148376228659 0.11672055604 0.212956556396 0.342398632347
228 0.152617388146 0.119841953437 0.213805297164 0.342405935765
229 0.154544117146 0.110704268647 0.214616758187 0.34257828838
230 0.155035347319 0.110911986858 0.212912411143 0.342512177089
231 0.156559592447 0.0966056161732 0.21254788705 0.34285503208
232 0.144558620833 0.103108885332 0.212338391051 0.342843635938
233 0.158519216137 0.0936909547671 0.211906166007 0.342576931852
234 0.158933177521 0.119238162015 0.211289810795 0.341633976648
235 0.159516889071 0.122761273188 0.211241711781 0.341643433727
236 0.165540989096 0.113864398262 0.21244460291 0.341571758274
237 0.155212067839 0.108135097594 0.212679274566 0.342093397488
238 0.151550490096 0.106726227569 0.212395372 0.342376595406
239 0.156624168585 0.105413595746 0.211937833967 0.342089666768
240 0.155688261854 0.114832133933 0.212362223071 0.342446495162
241 0.154101194343 0.118565644268 0.213143870878 0.342864972844
242 0.148982237689 0.112717508997 0.212973953545 0.343709753694
243 0.152671750333 0.119378707965 0.2133488294 0.344458473702
244 0.153787949336 0.113479754306 0.21277711639 0.343798566884
245 0.14908066133 0.121180097276 0.212941297378 0.343576300114
246 0.144049495014 0.115367159763 0.213166056732 0.34334399596
247 0.14990349578 0.103670576643 0.212772647386 0.342571029304
248 0.14098578037 0.113314430403 0.212387435087 0.342627779194
249 0.1431853201 0.112061368117 0.211672872325 0.344422277079
250 0.147801217664 0.101039463555 0.212291830753 0.344594624964
251 0.14599489969 0.118236707347 0.21214610672 0.345152795753
252 0.150907924056 0.111550449083 0.212069335724 0.345996187407
253 0.165576690364 0.111417964551 0.211987373001 0.345362051805
254 0.157032615135 0.112485780299 0.211916762866 0.343581270301
255 0.159525326109 0.115223859721 0.212108787938 0.343601780536
256 0.162444286042 0.133036485783 0.21199209122 0.343394815504
257 0.170441726016 0.128035272314 0.212706125011 0.343336234001
258 0.170277490828 0.122249043588 0.212995128889 0.34289771379
259 0.165621613323 0.111739211285 0.213649199463 0.342581573097
260 0.151632127401 0.120321849541 0.2140298818 0.34213913969
261 0.167842322238 0.11049357789 0.21254656858 0.343283218753
262 0.173239671742 0.121997513122 0.21244355316 0.344010751869
263 0.151313243819 0.123411295058 0.212661691411 0.342694324662
264 0.150806269725 0.124010969466 0.213318098315 0.342325965676
265 0.151071703425 0.112536765747 0.214037316641 0.342027649674
266 0.155210138588 0.120359314895 0.214148916048 0.343474227107
267 0.158110064088 0.125594295676 0.213936610842 0.343134796373
268 0.1657178317 0.126070456143 0.213582262969 0.344313462966
269 0.172240014629 0.132459558562 0.213377677541 0.344313935523
270 0.154517451039 0.124465146568 0.215206381789 0.345138008573
271 0.156104349805 0.113685757693 0.216436499473 0.34582155423
272 0.157704443577 0.124905652872 0.218702969274 0.347348429876
273 0.156305171223 0.130196368229 0.221545490454 0.348005733376
274 0.159689873426 0.129966372854 0.218757339661 0.347822616512
275 0.154767634235 0.127368599788 0.218618970689 0.34624605186
276 0.150752742509 0.125605948213 0.218366437894 0.346171906651
277 0.147622854606 0.114383565728 0.218366294761 0.345349541555
278 0.150700234932 0.11314679705 0.21894954259 0.344782406952
279 0.159214065618 0.129352917227 0.216602719549 0.345193745004
280 0.163224405323 0.131698511874 0.217958835216 0.346965326687
281 0.162037911141 0.116038852255 0.219009435233 0.348494289735
282 0.153294324321 0.123583487095 0.217474723617 0.346839300699
283 0.151440298907 0.115544133296 0.217342491416 0.346554241997
284 0.150113233559 0.103691718158 0.216319983965 0.344500497579
285 0.156296557887 0.117430651589 0.215668468737 0.343720275208
286 0.163754239696 0.130493662475 0.215375677763 0.343063950878
287 0.157893232183 0.119198064528 0.215211516 0.342373912963
288 0.151762167921 0.110161794664 0.215628667302 0.344852728303
289 0.157994928851 0.114260193858 0.215290846294 0.344966730826
290 0.155546640084 0.110394102536 0.216155860407 0.345113351674
291 0.155192950397 0.114340698806 0.215987752881 0.345706055607
292 0.158552558387 0.122438918342 0.215477950789 0.3453483958
293 0.14688015849 0.127749457671 0.216566806671 0.344330200264
294 0.162414311793 0.111879827609 0.216694173155 0.343579360816
295 0.160407852601 0.116233018186 0.215918610661 0.344234154652
296 0.152890579887 0.120422840989 0.215545442922 0.343350312228
297 0.154147631097 0.119967765263 0.215173069785 0.343894140766
298 0.146424621735 0.12875423061 0.216166603503 0.346903681909
299 0.150623229453 0.10839172026 0.216027230749 0.346092100801
300 0.145232130828 0.111048935291 0.216340947657 0.347949912096
301 0.158371468224 0.113978045687 0.216416404869 0.349506464563
302 0.15421462782 0.119139537415 0.216341486725 0.349574556226
303 0.145288271117 0.111613831107 0.217683115791 0.350284710795
304 0.153096940045 0.124010678296 0.216659899686 0.350488329482
305 0.151237205745 0.124442173294 0.21676568182 0.350453703336
306 0.150385391471 0.117311018179 0.217124144077 0.350508031465
307 0.154159138221 0.124315702824 0.217377542588 0.351132385028
308 0.15450573811 0.112754746568 0.216792595978 0.350503439486
309 0.157095398989 0.0984801173449 0.216841408619 0.35046870888
310 0.148139674657 0.122350101418 0.217677663476 0.348611539739
311 0.151035544602 0.126718584946 0.218218057875 0.348748287925
312 0.146355527379 0.124463065596 0.216713715001 0.34953588744
313 0.142706850952 0.12137979182 0.216426841793 0.350382003909
314 0.149855797192 0.101612314919 0.215857651661 0.350745389978
315 0.146844807511 0.120490370637 0.21551386524 0.351014562915
316 0.149043172517 0.124524153898 0.215614172484 0.350842890205
317 0.146273820229 0.13226282939 0.215902654939 0.350722549204
318 0.156191461809 0.12018716676 0.215550438544 0.349792493101
319 0.158971579292 0.125113322928 0.216064608688 0.351061866118
320 0.161919434022 0.132038013488 0.216415347564 0.352026296191
321 0.146925425473 0.128323577102 0.217366542824 0.351056250294
322 0.144612853325 0.135506930033 0.217650255098 0.350076870679
323 0.147517583648 0.133220032732 0.216911583944 0.349764864009
324 0.153608932975 0.144534967226 0.216423155811 0.350482405434
325 0.150490661708 0.136217668021 0.216688838199 0.350538686428
326 0.145366667496 0.132523141975 0.217281385189 0.350823869886
327 0.15189990975 0.128228928553 0.216891740933 0.35154314336
328 0.156757611693 0.141202742983 0.21729289357 0.351104073445
329 0.148009481371 0.135190026756 0.218417542101 0.351846315049
330 0.156230626897 0.12800927388 0.217628922502 0.350711673842
331 0.15078653415 0.124461525725 0.217276832337 0.350312463064
332 0.142514394912 0.118970097533 0.216448741132 0.350432378756
333 0.148510782758 0.117953926036 0.215996643159 0.350432361952
334 0.149490189217 0.119347442373 0.215436647874 0.351112177699
335 0.157779861537 0.120336362213 0.215686791653 0.351521502958
336 0.151690202334 0.114516444815 0.214973730848 0.352287009429
337 0.143321444595 0.121090541908 0.214812271823 0.3507703689
338 0.146422785485 0.127333810603 0.21597510294 0.351145641841
339 0.149865074864 0.137134183632 0.216242660311 0.350229009331
340 0.146913309125 0.126105265414 0.216223593703 0.350661790717
341 0.147687997232 0.130954363852 0.215557442728 0.350265517174
342 0.150796462716 0.128662437741 0.215202092857 0.350668581972
343 0.154654648924 0.133215502374 0.215179206598 0.350938517419
344 0.151546982609 0.131958615387 0.215400409632 0.351593341944
345 0.141962282472 0.124714036477 0.215208356282 0.352033345382
346 0.141376275813 0.121189608954 0.21576793974 0.351531144423
347 0.154011410391 0.123210285715 0.216269904225 0.351714192245
348 0.148751706555 0.128272420067 0.217617559225 0.353029259116
349 0.150365391282 0.117957449892 0.217791816715 0.352428067117
350 0.145485013284 0.114632234678 0.218422216071 0.351671424626
351 0.153697461786 0.127320964201 0.220073211803 0.351771581919
352 0.151318509621 0.117147568437 0.220131196443 0.352192533514
353 0.161776178034 0.0987366681497 0.219705869575 0.352195092446
354 0.154513737517 0.115778455807 0.217298985362 0.350724257703
355 0.148904023032 0.123705673487 0.218304860982 0.349844045204
356 0.146016298913 0.123639483111 0.217476100217 0.349036302302
357 0.144019900349 0.121906470977 0.218235623634 0.349041008089
358 0.154320547957 0.115177886895 0.217854613699 0.348942904998
359 0.15616574751 0.136075293926 0.218320433053 0.348904377947
360 0.144483164668 0.129426580354 0.218492873371 0.349873298752
361 0.148006598215 0.127468671882 0.218933040465 0.350215772435
362 0.17386160066 0.129206426045 0.218440469129 0.351086758189
363 0.150981307768 0.129989759923 0.216509273053 0.35047878637
364 0.150311811456 0.1299657223 0.21524985728 0.350431879824
365 0.158147271431 0.120159537211 0.215351474406 0.351570522647
366 0.155510883425 0.125181533207 0.21578521368 0.352448319373
367 0.15708254504 0.123049322694 0.216158835475 0.350483061853
368 0.151580741445 0.119892028163 0.216494243235 0.350979401406
369 0.156311442461 0.129403829315 0.216522908003 0.351046197748
370 0.150886165497 0.13251176097 0.216860298372 0.350814405119
371 0.158771395738 0.139956039031 0.217057933167 0.350503767497
372 0.162545712359 0.126240595777 0.21737980219 0.350501357421
373 0.165479118696 0.133192287537 0.218542658293 0.351715760528
374 0.157673776675 0.131005163342 0.218056894818 0.352222612535
375 0.152963544799 0.122804339172 0.216396103446 0.349506518213
376 0.161476118546 0.119220631448 0.216116216978 0.350399204956
377 0.176746141938 0.137812351229 0.215943541873 0.350740235984
378 0.188374178464 0.157294860969 0.216424165207 0.350515711682
379 0.158020524593 0.14010741783 0.216678225186 0.350754107002
380 0.153676250117 0.135707544133 0.217815647875 0.350855538459
381 0.170350511435 0.119703778188 0.218046404299 0.351469074313
382 0.153535951294 0.123037762497 0.217262477758 0.35009069461
383 0.160362159232 0.126426702967 0.217012726742 0.349929639251
384 0.161077386084 0.137202449743 0.217059473444 0.351206744558
385 0.165537637292 0.115713867395 0.216895344298 0.351224820939
386 0.157527305024 0.120369939057 0.217435099395 0.349568729113
387 0.163775371112 0.124942870327 0.217620388715 0.349705943235
388 0.186597212261 0.15075043884 0.218162432772 0.349525424427
389 0.179026056078 0.138500195629 0.218844291726 0.349476417512
390 0.181609652762 0.14792611558 0.218153597004 0.349319408841
391 0.179362285685 0.141464448602 0.218494803192 0.349118671465
392 0.17871252626 0.14707117606 0.218508870167 0.349459719277
393 0.151809636216 0.130562587085 0.218639771962 0.349986344263
394 0.164230902032 0.129066201693 0.218821332148 0.350251223981
395 0.167115499213 0.127682627486 0.218899799696 0.351007360303
396 0.164028343751 0.126862209289 0.218678754532 0.351894455726
397 0.1611612313 0.122195641909 0.218940881624 0.351195603275
398 0.160636896342 0.125726910132 0.219418648517 0.352023263323
399 0.170733483277 0.137081923525 0.219891971473 0.351883088682
400 0.186115651193 0.141363432684 0.218535903459 0.35158812549
401 0.185841188309 0.138595309931 0.217852137608 0.35101484962
402 0.167285201783 0.138542060879 0.217738844539 0.351109031969
403 0.174059672541 0.130614162618 0.217222126769 0.351270864209
404 0.16989871924 0.144072500326 0.21793126065 0.35176575794
405 0.189488920673 0.143455248791 0.218236691068 0.35117312487
406 0.180448649244 0.155371619488 0.218701601084 0.351049966543
407 0.17029807871 0.147314263502 0.218716780124 0.351443230453
408 0.162114935668 0.132566571972 0.219593676415 0.352055130311
409 0.173123661399 0.131909527552 0.219224058569 0.352820011524
410 0.164648905495 0.133651336803 0.218839235531 0.35264204152
411 0.175291556263 0.139767278691 0.218951645739 0.354292025499
