./../data/Vid_J_person_floor.avi.avi
0 0.243854 0.267366 0.164208 0.542595
1 0.2 0.195833333333 0.1625 0.541666666667
2 0.190625 0.191666666667 0.1625 0.541666666667
3 0.121875 0.170833333333 0.1625 0.541666666667
4 0.121875 0.145833333333 0.1625 0.541666666667
5 0.1125 0.15 0.1625 0.541666666667
6 0.1125 0.154166666667 0.1625 0.541666666667
7 0.109375 0.129166666667 0.1625 0.541666666667
8 0.103125 0.15 0.1625 0.541666666667
9 0.1 0.15 0.1625 0.541666666667
10 0.096875 0.15 0.1625 0.541666666667
11 0.096875 0.1625 0.1625 0.541666666667
12 0.096875 0.166666666667 0.1625 0.541666666667
13 0.096875 0.175 0.1625 0.541666666667
14 0.096875 0.191666666667 0.1625 0.541666666667
15 0.090625 0.191666666667 0.1625 0.541666666667
16 0.096875 0.208333333333 0.1625 0.541666666667
17 0.096875 0.204166666667 0.1625 0.541666666667
18 0.090625 0.195833333333 0.1625 0.541666666667
19 0.075 0.216666666667 0.1625 0.541666666667
20 0.075 0.216666666667 0.1625 0.541666666667
21 0.08125 0.216666666667 0.1625 0.541666666667
22 0.096875 0.195833333333 0.1625 0.541666666667
23 0.090625 0.191666666667 0.1625 0.541666666667
24 0.090625 0.2125 0.1625 0.541666666667
25 0.078125 0.208333333333 0.1625 0.541666666667
26 0.075 0.195833333333 0.1625 0.541666666667
27 0.075 0.208333333333 0.1625 0.541666666667
28 0.06875 0.195833333333 0.1625 0.541666666667
29 0.071875 0.166666666667 0.1625 0.541666666667
30 0.06875 0.166666666667 0.1625 0.541666666667
31 0.0625 0.175 0.1625 0.541666666667
32 0.05625 0.195833333333 0.1625 0.541666666667
33 0.05625 0.191666666667 0.1625 0.541666666667
34 0.05625 0.1875 0.1625 0.541666666667
35 0.053125 0.183333333333 0.1625 0.541666666667
36 0.05 0.179166666667 0.1625 0.541666666667
37 0.046875 0.179166666667 0.1625 0.541666666667
38 0.046875 0.179166666667 0.1625 0.541666666667
39 0.046875 0.175 0.1625 0.541666666667
40 0.04375 0.2 0.1625 0.541666666667
41 0.046875 0.183333333333 0.1625 0.541666666667
42 0.053125 0.166666666667 0.1625 0.541666666667
43 0.05625 0.175 0.1625 0.541666666667
44 0.059375 0.179166666667 0.1625 0.541666666667
45 0.065625 0.179166666667 0.1625 0.541666666667
46 0.059375 0.170833333333 0.1625 0.541666666667
47 0.053125 0.1625 0.1625 0.541666666667
48 0.05 0.183333333333 0.1625 0.541666666667
49 0.053125 0.191666666667 0.1625 0.541666666667
50 0.05625 0.191666666667 0.1625 0.541666666667
51 0.05625 0.2 0.1625 0.541666666667
52 0.053125 0.183333333333 0.1625 0.541666666667
53 0.046875 0.170833333333 0.1625 0.541666666667
54 0.046875 0.170833333333 0.1625 0.541666666667
55 0.040625 0.2 0.1625 0.541666666667
56 0.0375 0.216666666667 0.1625 0.541666666667
57 0.0375 0.208333333333 0.1625 0.541666666667
58 0.034375 0.204166666667 0.1625 0.541666666667
59 0.028125 0.195833333333 0.1625 0.541666666667
60 0.028125 0.204166666667 0.1625 0.541666666667
61 0.0 0.283333333333 0.1625 0.541666666667
62 0.0 0.241666666667 0.1625 0.541666666667
63 0.0 0.216666666667 0.1625 0.541666666667
64 0.0 0.216666666667 0.1625 0.541666666667
65 0.0 0.225 0.1625 0.541666666667
66 0.0 0.220833333333 0.1625 0.541666666667
67 0.00625 0.220833333333 0.1625 0.541666666667
68 0.009375 0.216666666667 0.1625 0.541666666667
69 0.0 0.25 0.1625 0.541666666667
70 0.0 0.25 0.1625 0.541666666667
71 0.0 0.229166666667 0.1625 0.541666666667
72 0.0 0.241666666667 0.1625 0.541666666667
73 0.0 0.229166666667 0.1625 0.541666666667
74 0.0 0.225 0.1625 0.541666666667
75 0.0 0.233333333333 0.1625 0.541666666667
76 0.0 0.233333333333 0.1625 0.541666666667
77 0.0 0.2125 0.1625 0.541666666667
78 0.0 0.220833333333 0.1625 0.541666666667
79 0.0 0.25 0.1625 0.541666666667
80 0.0 0.245833333333 0.1625 0.541666666667
81 0.0 0.245833333333 0.1625 0.541666666667
82 0.0 0.254166666667 0.1625 0.541666666667
83 0.0 0.283333333333 0.1625 0.541666666667
84 0.0 0.220833333333 0.1625 0.541666666667
85 0.0 0.241666666667 0.1625 0.541666666667
86 0.0 0.241666666667 0.1625 0.541666666667
87 0.0 0.241666666667 0.1625 0.541666666667
88 0.0 0.229166666667 0.1625 0.541666666667
89 0.0 0.229166666667 0.1625 0.541666666667
90 0.0 0.1875 0.1625 0.541666666667
91 0.0 0.225 0.1625 0.541666666667
92 0.0 0.2125 0.1625 0.541666666667
93 0.0 0.266666666667 0.1625 0.541666666667
94 0.0 0.204166666667 0.1625 0.541666666667
95 0.003125 0.204166666667 0.1625 0.541666666667
96 0.0 0.254166666667 0.1625 0.541666666667
97 0.0 0.2125 0.1625 0.541666666667
98 0.0 0.2 0.1625 0.541666666667
99 0.0 0.229166666667 0.1625 0.541666666667
100 0.0 0.254166666667 0.1625 0.541666666667
101 0.0 0.216666666667 0.1625 0.541666666667
102 0.0 0.191666666667 0.1625 0.541666666667
103 0.0 0.195833333333 0.1625 0.541666666667
104 0.0 0.183333333333 0.1625 0.541666666667
105 0.0 0.183333333333 0.1625 0.541666666667
106 0.0 0.166666666667 0.1625 0.541666666667
107 0.0 0.166666666667 0.1625 0.541666666667
108 0.0 0.179166666667 0.1625 0.541666666667
109 0.0 0.170833333333 0.1625 0.541666666667
110 0.0 0.1875 0.1625 0.541666666667
111 0.0 0.195833333333 0.1625 0.541666666667
112 0.0 0.195833333333 0.1625 0.541666666667
113 0.0 0.220833333333 0.1625 0.541666666667
114 0.0 0.225 0.1625 0.541666666667
115 0.0 0.216666666667 0.1625 0.541666666667
116 0.0 0.229166666667 0.1625 0.541666666667
117 0.0 0.204166666667 0.1625 0.541666666667
118 0.0 0.2125 0.1625 0.541666666667
119 0.0 0.233333333333 0.1625 0.541666666667
120 0.0 0.2375 0.1625 0.541666666667
121 0.0 0.254166666667 0.1625 0.541666666667
122 0.0 0.233333333333 0.1625 0.541666666667
123 0.0 0.241666666667 0.1625 0.541666666667
124 0.0 0.241666666667 0.1625 0.541666666667
125 0.0 0.241666666667 0.1625 0.541666666667
126 0.0 0.2 0.1625 0.541666666667
127 0.0 0.204166666667 0.1625 0.541666666667
128 0.0 0.208333333333 0.1625 0.541666666667
129 0.0 0.216666666667 0.1625 0.541666666667
130 0.0 0.220833333333 0.1625 0.541666666667
131 0.0 0.2125 0.1625 0.541666666667
132 0.0 0.191666666667 0.1625 0.541666666667
133 0.0 0.166666666667 0.1625 0.541666666667
134 0.0 0.208333333333 0.1625 0.541666666667
135 0.0 0.245833333333 0.1625 0.541666666667
136 0.0 0.266666666667 0.1625 0.541666666667
137 0.0 0.241666666667 0.1625 0.541666666667
138 0.0 0.25 0.1625 0.541666666667
139 0.0 0.258333333333 0.1625 0.541666666667
140 0.0 0.2125 0.1625 0.541666666667
141 0.0 0.2125 0.1625 0.541666666667
142 0.0 0.2125 0.1625 0.541666666667
143 0.034375 0.1875 0.1625 0.541666666667
144 0.03125 0.170833333333 0.1625 0.541666666667
145 0.034375 0.175 0.1625 0.541666666667
146 0.03125 0.179166666667 0.1625 0.541666666667
147 0.03125 0.166666666667 0.1625 0.541666666667
148 0.021875 0.179166666667 0.1625 0.541666666667
149 0.015625 0.170833333333 0.1625 0.541666666667
150 0.01875 0.175 0.1625 0.541666666667
151 0.028125 0.1875 0.1625 0.541666666667
152 0.03125 0.2 0.1625 0.541666666667
153 0.0375 0.2 0.1625 0.541666666667
154 0.046875 0.2 0.1625 0.541666666667
155 0.028125 0.191666666667 0.1625 0.541666666667
156 0.025 0.191666666667 0.1625 0.541666666667
157 0.025 0.191666666667 0.1625 0.541666666667
158 0.0375 0.204166666667 0.1625 0.541666666667
159 0.046875 0.183333333333 0.1625 0.541666666667
160 0.04375 0.183333333333 0.1625 0.541666666667
161 0.04375 0.175 0.1625 0.541666666667
162 0.046875 0.183333333333 0.1625 0.541666666667
163 0.053125 0.175 0.1625 0.541666666667
164 0.05625 0.183333333333 0.1625 0.541666666667
165 0.059375 0.179166666667 0.1625 0.541666666667
166 0.053125 0.183333333333 0.1625 0.541666666667
167 0.053125 0.183333333333 0.1625 0.541666666667
168 0.046875 0.179166666667 0.1625 0.541666666667
169 0.040625 0.191666666667 0.1625 0.541666666667
170 0.040625 0.179166666667 0.1625 0.541666666667
171 0.040625 0.191666666667 0.1625 0.541666666667
172 0.0375 0.183333333333 0.1625 0.541666666667
173 0.0375 0.183333333333 0.1625 0.541666666667
174 0.034375 0.183333333333 0.1625 0.541666666667
175 0.03125 0.1875 0.1625 0.541666666667
176 0.03125 0.179166666667 0.1625 0.541666666667
177 0.025 0.1625 0.1625 0.541666666667
178 0.01875 0.1875 0.1625 0.541666666667
179 0.0125 0.166666666667 0.1625 0.541666666667
180 0.009375 0.175 0.1625 0.541666666667
181 0.00625 0.2 0.1625 0.541666666667
182 0.003125 0.2 0.1625 0.541666666667
183 0.00625 0.1875 0.1625 0.541666666667
184 0.0 0.1875 0.1625 0.541666666667
185 0.003125 0.191666666667 0.1625 0.541666666667
186 0.021875 0.216666666667 0.1625 0.541666666667
187 0.028125 0.208333333333 0.1625 0.541666666667
188 0.0375 0.179166666667 0.1625 0.541666666667
189 0.04375 0.1875 0.1625 0.541666666667
190 0.04375 0.191666666667 0.1625 0.541666666667
191 0.05 0.179166666667 0.1625 0.541666666667
192 0.015625 0.158333333333 0.1625 0.541666666667
193 0.025 0.170833333333 0.1625 0.541666666667
194 0.009375 0.145833333333 0.1625 0.541666666667
195 0.01875 0.170833333333 0.1625 0.541666666667
196 0.021875 0.166666666667 0.1625 0.541666666667
197 0.01875 0.145833333333 0.1625 0.541666666667
198 0.009375 0.125 0.1625 0.541666666667
199 0.0125 0.141666666667 0.1625 0.541666666667
200 0.01875 0.120833333333 0.1625 0.541666666667
201 0.028125 0.158333333333 0.1625 0.541666666667
202 0.03125 0.133333333333 0.1625 0.541666666667
203 0.028125 0.1125 0.1625 0.541666666667
204 0.01875 0.141666666667 0.1625 0.541666666667
205 0.0125 0.15 0.1625 0.541666666667
206 0.00625 0.129166666667 0.1625 0.541666666667
207 0.0 0.1375 0.1625 0.541666666667
208 0.0 0.125 0.1625 0.541666666667
209 0.0 0.129166666667 0.1625 0.541666666667
210 0.0 0.145833333333 0.1625 0.541666666667
211 0.0 0.154166666667 0.1625 0.541666666667
212 0.0 0.15 0.1625 0.541666666667
213 0.0 0.170833333333 0.1625 0.541666666667
214 0.0 0.170833333333 0.1625 0.541666666667
215 0.0 0.1875 0.1625 0.541666666667
216 0.0 0.183333333333 0.1625 0.541666666667
217 0.0 0.1625 0.1625 0.541666666667
218 0.0 0.15 0.1625 0.541666666667
219 0.0 0.195833333333 0.1625 0.541666666667
220 0.0 0.158333333333 0.1625 0.541666666667
221 0.0 0.1625 0.1625 0.541666666667
222 0.0 0.166666666667 0.1625 0.541666666667
223 0.0 0.1625 0.1625 0.541666666667
224 0.0 0.1875 0.1625 0.541666666667
225 0.0 0.204166666667 0.1625 0.541666666667
226 0.0 0.1875 0.1625 0.541666666667
227 0.0 0.129166666667 0.1625 0.541666666667
228 0.0 0.175 0.1625 0.541666666667
229 0.0 0.208333333333 0.1625 0.541666666667
230 0.0 0.208333333333 0.1625 0.541666666667
231 0.0 0.375 0.1625 0.541666666667
232 0.0 0.366666666667 0.1625 0.541666666667
233 0.0 0.358333333333 0.1625 0.541666666667
234 0.0 0.345833333333 0.1625 0.541666666667
235 0.0 0.179166666667 0.1625 0.541666666667
236 0.0 0.316666666667 0.1625 0.541666666667
237 0.0 0.366666666667 0.1625 0.541666666667
238 0.0 0.408333333333 0.1625 0.541666666667
239 0.0 0.341666666667 0.1625 0.541666666667
240 0.0 0.3875 0.1625 0.541666666667
241 0.0 0.441666666667 0.1625 0.541666666667
242 0.0 0.425 0.1625 0.541666666667
243 0.0 0.458333333333 0.1625 0.541666666667
244 0.0 0.45 0.1625 0.541666666667
245 0.0 0.458333333333 0.1625 0.541666666667
246 0.0 0.458333333333 0.1625 0.541666666667
247 0.0 0.458333333333 0.1625 0.541666666667
248 0.0 0.458333333333 0.1625 0.541666666667
249 0.0 0.458333333333 0.1625 0.541666666667
250 0.0 0.458333333333 0.1625 0.541666666667
251 0.0 0.458333333333 0.1625 0.541666666667
252 0.0 0.458333333333 0.1625 0.541666666667
253 0.0 0.458333333333 0.1625 0.541666666667
254 0.003125 0.458333333333 0.1625 0.541666666667
255 0.09375 0.379166666667 0.1625 0.541666666667
256 0.0875 0.366666666667 0.1625 0.541666666667
257 0.0875 0.395833333333 0.1625 0.541666666667
258 0.090625 0.358333333333 0.1625 0.541666666667
259 0.0875 0.358333333333 0.1625 0.541666666667
260 0.0875 0.3625 0.1625 0.541666666667
261 0.084375 0.375 0.1625 0.541666666667
262 0.071875 0.3375 0.1625 0.541666666667
263 0.08125 0.3875 0.1625 0.541666666667
264 0.078125 0.379166666667 0.1625 0.541666666667
265 0.071875 0.375 0.1625 0.541666666667
266 0.10625 0.116666666667 0.1625 0.541666666667
267 0.096875 0.15 0.1625 0.541666666667
268 0.084375 0.245833333333 0.1625 0.541666666667
269 0.1 0.108333333333 0.1625 0.541666666667
270 0.09375 0.108333333333 0.1625 0.541666666667
271 0.084375 0.158333333333 0.1625 0.541666666667
272 0.096875 0.133333333333 0.1625 0.541666666667
273 0.096875 0.108333333333 0.1625 0.541666666667
274 0.0875 0.154166666667 0.1625 0.541666666667
275 0.109375 0.0916666666667 0.1625 0.541666666667
276 0.09375 0.120833333333 0.1625 0.541666666667
277 0.0875 0.133333333333 0.1625 0.541666666667
278 0.09375 0.116666666667 0.1625 0.541666666667
279 0.09375 0.116666666667 0.1625 0.541666666667
280 0.084375 0.1375 0.1625 0.541666666667
281 0.1 0.0791666666667 0.1625 0.541666666667
282 0.08125 0.158333333333 0.1625 0.541666666667
283 0.065625 0.195833333333 0.1625 0.541666666667
284 0.0625 0.175 0.1625 0.541666666667
285 0.053125 0.158333333333 0.1625 0.541666666667
286 0.040625 0.179166666667 0.1625 0.541666666667
287 0.065625 0.0666666666667 0.1625 0.541666666667
288 0.053125 0.120833333333 0.1625 0.541666666667
289 0.053125 0.116666666667 0.1625 0.541666666667
290 0.059375 0.1 0.1625 0.541666666667
291 0.059375 0.104166666667 0.1625 0.541666666667
292 0.053125 0.0916666666667 0.1625 0.541666666667
293 0.059375 0.0833333333333 0.1625 0.541666666667
294 0.046875 0.1125 0.1625 0.541666666667
295 0.046875 0.108333333333 0.1625 0.541666666667
296 0.05 0.0625 0.1625 0.541666666667
297 0.05 0.125 0.1625 0.541666666667
298 0.053125 0.116666666667 0.1625 0.541666666667
299 0.075 0.0833333333333 0.1625 0.541666666667
300 0.053125 0.0958333333333 0.1625 0.541666666667
301 0.06875 0.120833333333 0.1625 0.541666666667
302 0.078125 0.0833333333333 0.1625 0.541666666667
303 0.053125 0.0833333333333 0.1625 0.541666666667
304 0.06875 0.104166666667 0.1625 0.541666666667
305 0.075 0.0875 0.1625 0.541666666667
306 0.046875 0.108333333333 0.1625 0.541666666667
307 0.0625 0.108333333333 0.1625 0.541666666667
308 0.065625 0.0958333333333 0.1625 0.541666666667
309 0.059375 0.125 0.1625 0.541666666667
310 0.053125 0.0916666666667 0.1625 0.541666666667
311 0.053125 0.075 0.1625 0.541666666667
312 0.03125 0.0958333333333 0.1625 0.541666666667
313 0.046875 0.0791666666667 0.1625 0.541666666667
314 0.0375 0.0625 0.1625 0.541666666667
315 0.01875 0.075 0.1625 0.541666666667
316 0.05 0.0875 0.1625 0.541666666667
317 0.04375 0.0791666666667 0.1625 0.541666666667
318 0.003125 0.1 0.1625 0.541666666667
319 0.0 0.0875 0.1625 0.541666666667
320 0.0 0.075 0.1625 0.541666666667
321 0.0 0.075 0.1625 0.541666666667
322 0.0 0.0666666666667 0.1625 0.541666666667
323 0.0 0.0583333333333 0.1625 0.541666666667
324 0.0 0.0583333333333 0.1625 0.541666666667
325 0.0 0.0541666666667 0.1625 0.541666666667
326 0.0 0.0541666666667 0.1625 0.541666666667
327 0.0 0.0541666666667 0.1625 0.541666666667
328 0.0 0.05 0.1625 0.541666666667
329 0.0 0.0291666666667 0.1625 0.541666666667
330 0.0 0.0541666666667 0.1625 0.541666666667
331 0.0 0.0333333333333 0.1625 0.541666666667
332 0.0 0.0583333333333 0.1625 0.541666666667
333 0.0 0.0666666666667 0.1625 0.541666666667
334 0.0 0.0791666666667 0.1625 0.541666666667
335 0.0 0.0708333333333 0.1625 0.541666666667
336 0.0 0.0791666666667 0.1625 0.541666666667
337 0.0 0.0666666666667 0.1625 0.541666666667
338 0.0 0.0625 0.1625 0.541666666667
339 0.0 0.0708333333333 0.1625 0.541666666667
340 0.0 0.075 0.1625 0.541666666667
341 0.0 0.0916666666667 0.1625 0.541666666667
342 0.0 0.0916666666667 0.1625 0.541666666667
343 0.0 0.0916666666667 0.1625 0.541666666667
344 0.0 0.116666666667 0.1625 0.541666666667
345 0.0 0.1125 0.1625 0.541666666667
346 0.0 0.120833333333 0.1625 0.541666666667
347 0.0 0.116666666667 0.1625 0.541666666667
348 0.0 0.125 0.1625 0.541666666667
349 0.0 0.125 0.1625 0.541666666667
350 0.0 0.15 0.1625 0.541666666667
351 0.0 0.158333333333 0.1625 0.541666666667
352 0.0 0.120833333333 0.1625 0.541666666667
353 0.0 0.1625 0.1625 0.541666666667
354 0.0 0.170833333333 0.1625 0.541666666667
355 0.0 0.204166666667 0.1625 0.541666666667
356 0.0 0.204166666667 0.1625 0.541666666667
357 0.0 0.2 0.1625 0.541666666667
358 0.0 0.220833333333 0.1625 0.541666666667
359 0.0 0.183333333333 0.1625 0.541666666667
360 0.0 0.154166666667 0.1625 0.541666666667
361 0.0 0.129166666667 0.1625 0.541666666667
362 0.0 0.0875 0.1625 0.541666666667
363 0.0 0.0708333333333 0.1625 0.541666666667
364 0.0 0.116666666667 0.1625 0.541666666667
365 0.0 0.0875 0.1625 0.541666666667
366 0.0 0.0916666666667 0.1625 0.541666666667
367 0.0 0.133333333333 0.1625 0.541666666667
368 0.0 0.116666666667 0.1625 0.541666666667
369 0.0 0.0416666666667 0.1625 0.541666666667
370 0.0 0.0666666666667 0.1625 0.541666666667
371 0.0 0.0958333333333 0.1625 0.541666666667
372 0.0 0.1 0.1625 0.541666666667
373 0.0 0.129166666667 0.1625 0.541666666667
374 0.0 0.0875 0.1625 0.541666666667
375 0.0 0.0541666666667 0.1625 0.541666666667
376 0.0 0.108333333333 0.1625 0.541666666667
377 0.0 0.175 0.1625 0.541666666667
378 0.0 0.108333333333 0.1625 0.541666666667
379 0.0 0.145833333333 0.1625 0.541666666667
380 0.0 0.141666666667 0.1625 0.541666666667
381 0.0 0.0541666666667 0.1625 0.541666666667
382 0.0 0.116666666667 0.1625 0.541666666667
383 0.0 0.116666666667 0.1625 0.541666666667
384 0.0 0.108333333333 0.1625 0.541666666667
385 0.0 0.120833333333 0.1625 0.541666666667
386 0.0 0.15 0.1625 0.541666666667
387 0.0 0.0666666666667 0.1625 0.541666666667
