./../data/Vid_L_coffee_on_table.avi.avi
0 0.400862 0.359195 0.0811782 0.187739
1 0.413236554619 0.361429967394 0.0813465615748 0.189049684556
2 0.426498507758 0.35782565778 0.0814707311172 0.190697155728
3 0.439476565147 0.375680455141 0.0820878287281 0.191719758174
4 0.44886909455 0.390956286776 0.0820441898861 0.191778481022
5 0.45575497093 0.421410483399 0.0822535117256 0.19167853491
6 0.458020706481 0.45966893098 0.0823701907372 0.191467798574
7 0.464141244554 0.471676903127 0.0816528493473 0.192180768129
8 0.455852456586 0.492058840272 0.081725088643 0.191937589393
9 0.456861501517 0.522833678983 0.0815629262761 0.191682104681
10 0.449086328764 0.548475940724 0.081385981213 0.191648000212
11 0.433981135548 0.515268136176 0.0814696334242 0.191521540049
12 0.411732097178 0.538997799257 0.0817267102688 0.191467920805
13 0.418021931885 0.554136643732 0.0816392226633 0.191554162353
14 0.334065712776 0.411485869541 0.0815266819139 0.19046442314
15 0.316062215585 0.412587369111 0.0810298993572 0.191241779801
16 0.298535441136 0.388149034107 0.0812665472867 0.191738573935
17 0.257611308185 0.334401124049 0.0815887661489 0.192024357758
18 0.287477415649 0.331754425959 0.0821088170935 0.191681247658
19 0.297631178777 0.32062551083 0.0813747316235 0.191587868059
20 0.352027095504 0.326557070852 0.0805509846444 0.191667831671
21 0.2704665131 0.266028155993 0.0811098525965 0.192051103864
22 0.254252602611 0.273690227097 0.0811703423681 0.191848541794
23 0.243398043728 0.311979956108 0.0817449629067 0.191823546375
24 0.229211962705 0.282358884776 0.0823845230655 0.191594903719
25 0.257764108846 0.270226900043 0.0819555263664 0.192036081073
26 0.325942615854 0.285728669624 0.081784171661 0.192262526132
27 0.361769960155 0.262263964661 0.081743992055 0.191970376289
28 0.407821349275 0.308054775597 0.0815917687158 0.191968505285
29 0.400160802702 0.318856432444 0.0819909045636 0.191861525119
30 0.411835424833 0.329660914562 0.0817031241449 0.191767527851
31 0.43571464712 0.333718454756 0.0822284761632 0.191583188731
32 0.373798904515 0.277751581636 0.082384072646 0.191934152213
33 0.21045901975 0.159988976455 0.0816176562287 0.191385042672
34 0.318919209736 0.0716755677146 0.0818460008835 0.191855618906
35 0.366023193469 0.0298686823281 0.0814497611953 0.191965626985
36 0.371959029207 0.018155811971 0.0819012743544 0.191556600792
37 0.388924679878 0.00982875811853 0.0815479423307 0.191731909019
38 0.393424363382 0.000904566719255 0.0814036760478 0.191573721459
39 0.38149436863 0.000968677829591 0.0815859689785 0.191771438322
40 0.400694997365 0.000774098243805 0.081411438026 0.191022716826
41 0.414839486569 0.00138534088766 0.0815901251245 0.191382785327
42 0.316468952895 0.00691022880471 0.0820549586776 0.190782866996
43 0.198035987068 0.00343572559134 0.0823588046148 0.19194941878
44 0.169378766893 0.0067467830545 0.0821775010724 0.191201105075
45 0.12110569026 0.0041225492344 0.0819909988936 0.191576794057
46 0.118855276832 0.00813449597628 0.0817116993828 0.191767808449
47 0.120595547847 0.00677278198419 0.0817616581115 0.192167936483
48 0.308958626741 0.0209661352968 0.0815338537425 0.192184934934
49 0.353694644429 0.0168453110391 0.0813249447226 0.191715989305
50 0.345370908228 0.0136884167598 0.0817125163159 0.191730868363
51 0.383777224954 0.00924284550295 0.0816603697873 0.192031432309
52 0.392851296275 0.00348377011344 0.0814136573347 0.191394097799
53 0.393827294902 0.00604688089982 0.0819192820647 0.191713948358
54 0.375486560217 0.0100593743922 0.0824595885546 0.191783248652
55 0.316792698142 0.0215001781235 0.0813514588955 0.192050027572
56 0.0456238120867 0.190444171968 0.0815097273413 0.192389141896
57 0.0576530434708 0.194939796522 0.0819157379781 0.19202980412
58 0.0186834393371 0.177022557963 0.0815036520542 0.191526668685
59 0.0194543788067 0.149005772421 0.0820497960716 0.191250912831
60 0.00297205885785 0.0861129885122 0.0812499936259 0.191140043246
61 0.00132269264848 0.0704076326862 0.0817436734882 0.191320333478
62 0.00225575589545 0.0836188737243 0.0813828847186 0.192023870909
63 0.00334634358738 0.0557505027904 0.0813978578863 0.194071094047
64 0.00763499909765 0.0560382095175 0.0810836153094 0.193183641473
65 0.0447451216164 0.086898792249 0.0818555761981 0.191860782016
66 0.11442861006 0.118370360503 0.0821136990075 0.192136828849
67 0.151059343121 0.120879877241 0.0820462271176 0.192032311629
68 0.198088810526 0.108339085466 0.0819495677256 0.192014624957
69 0.17019681735 0.0582646743138 0.0821079273075 0.191502518115
70 0.179511925428 0.0593714001221 0.0803120832586 0.192199605817
71 0.106660513887 0.0354921913357 0.0820160595864 0.191993978023
72 0.178913173435 0.0274817118532 0.0816576775167 0.192001951518
73 0.163796304799 0.0375189769558 0.0814881469277 0.191813802689
74 0.124128785827 0.0300726222675 0.0811896850731 0.191923143032
75 0.118199941336 0.0331040256181 0.0815381797314 0.191811399693
76 0.0973236943655 0.0352883469378 0.0819183925702 0.19190187783
77 0.0495454444194 0.011639325895 0.0832268810775 0.191918980329
78 0.0346683419758 0.0249513542327 0.0829016813147 0.191580686812
79 0.0429894516755 0.0664005925257 0.0818945178607 0.191917885551
80 0.0874266303987 0.0616765190216 0.0819188687086 0.191417426104
81 0.0569692276177 0.0725103835715 0.080657729132 0.192017659778
82 0.089400807041 0.0903149730769 0.0809321473375 0.191956312298
83 0.125297397882 0.0854396064633 0.0813301454987 0.192239579458
84 0.141682295879 0.100387830996 0.0809792392899 0.192400707501
85 0.138199628306 0.104475690613 0.081019441476 0.191858213074
86 0.124142008503 0.0961867182656 0.0814343219221 0.1915539028
87 0.0849508840114 0.0604986721925 0.0819071781489 0.191822072353
88 0.0820561857251 0.0654190473581 0.0822498611416 0.191414941597
89 0.0219220681166 0.0165979320994 0.0821312947268 0.191225098142
90 0.0274339717014 0.0310839571443 0.0850283238149 0.190187142413
91 0.0935944563107 0.0730744102017 0.0836769859711 0.190393391094
92 0.0604037208833 0.0587140366754 0.0824805989544 0.190146113724
93 0.032669164922 0.0822162203271 0.0825379373907 0.190446864652
94 0.0221155899317 0.0671492554055 0.0825416875362 0.19090323302
95 0.0235501560401 0.060378223826 0.0818865500394 0.191348629652
96 0.0307791047826 0.066375460081 0.0816893029581 0.191637255252
97 0.035855153629 0.035467539647 0.0812958348209 0.192167795176
98 0.0302773214147 0.0641226018016 0.0810010132815 0.192160828121
99 0.0221010605858 0.0890648164538 0.0811510555397 0.191676860385
100 0.0210947347292 0.0601150229779 0.0814630292082 0.19158316641
101 0.0223675794908 0.0836566895522 0.081499794705 0.191430854113
102 0.0174971931043 0.111804482223 0.0814510501379 0.191473480388
103 0.0124760931288 0.0448694327337 0.0811434485805 0.191775829196
104 0.0320501173496 0.0207984841157 0.0811121510204 0.191739942882
105 0.0535938962572 0.00906762854978 0.0812027014364 0.191895990606
106 0.0665956194327 0.0143177531792 0.081012961597 0.192048744839
107 0.0871479159145 0.00131245157566 0.0812267062934 0.191766310844
108 0.0802088961661 6.87763640056e-05 0.0811848171432 0.191990269137
109 0.0897073051993 0.000146572158943 0.0812791496221 0.191821057786
110 0.0973070797404 0.000661204998788 0.0813000940754 0.191918449879
111 0.0966429894433 0.00174980823876 0.0812085939409 0.191776842166
112 0.0924169775124 0.000168050229368 0.0812391966941 0.191828685635
113 0.0923879180422 0.00080282025026 0.0812633633958 0.191687056744
114 0.0937334230425 0.000673243145141 0.0812877574875 0.191653602813
115 0.0963441165752 0.000543178478686 0.0812959109509 0.191554341584
116 0.0909937027693 0.000454841093947 0.0812980495629 0.191330016174
117 0.0940280526511 0.000399498807717 0.0812295523843 0.191650721872
118 0.101433369182 0.000501828448081 0.0811474143326 0.191525220297
119 0.100014990283 0.000317915365491 0.0812689907737 0.191887735194
120 0.105888974779 0.00048995798029 0.0812044040549 0.191696608811
121 0.101222378076 0.000580919077229 0.0811784378114 0.191724431602
122 0.0945687547699 0.000381137698196 0.0813927536816 0.191408823183
123 0.093379144036 0.000868506164514 0.0813574171545 0.191621678205
124 0.0969650874859 0.000343737352254 0.0813979825635 0.191585297159
125 0.10613731458 0.000269011341827 0.0814449603167 0.191644387811
126 0.0989291101395 0.000169545133972 0.0812293793953 0.191738861915
127 0.106979271992 0.0012257711984 0.08125015725 0.191721305186
128 0.101530731245 0.000255538329244 0.0813144671412 0.191678012473
129 0.0974773149277 0.000540600144052 0.0811620114025 0.191707148525
130 0.0908147663201 0.000241444417726 0.0812351015284 0.191522591249
131 0.0859691165069 0.000736928152897 0.0812896013577 0.191711692143
132 0.0853443206978 0.00114942751971 0.0812678723755 0.191696019144
133 0.0865683781467 0.00312793449232 0.0817773462744 0.191634950546
134 0.0944647743987 0.000778070012763 0.081529206857 0.19172044539
135 0.0998652872978 0.00120172241945 0.0813883210593 0.191773093101
136 0.0937460622444 0.00103829966427 0.0813462202163 0.191768335695
137 0.0970524719817 0.00170642661133 0.0813241608087 0.191576186511
138 0.0904286635324 0.00458973558325 0.0813066049283 0.191842509355
139 0.0941296995524 0.0035877981152 0.0813166141003 0.19175215374
140 0.0780494755985 0.00673660975797 0.0813702967678 0.19186447834
141 0.0773224284272 0.00401453934937 0.0813780358925 0.191744019874
142 0.0693975816817 0.00232043784232 0.081122497657 0.192091834191
143 0.0691945858067 0.00410147604572 0.0812117259646 0.191866438725
144 0.064928763393 0.00672472692622 0.0812380660625 0.191996890834
145 0.0672044292957 0.00219540662238 0.0812984463995 0.191952058782
146 0.0667778032423 0.00238204599442 0.0812367370776 0.191889588031
147 0.0641119654161 0.00257805288751 0.081464734485 0.191767989481
148 0.0481458956031 0.00291111955907 0.0813857333972 0.191819678782
149 0.0546997736476 0.00388363272624 0.0813077321493 0.1917206922
150 0.0521719163441 0.00218431378532 0.0812072251679 0.191565604347
151 0.0448511800506 0.00347796994859 0.0813501669407 0.191652122038
152 0.0413438801413 0.00275736249592 0.081253688854 0.191660653062
153 0.0341295365161 0.00301699520932 0.0813143420195 0.19194362415
154 0.0267691612366 0.00320028050542 0.0811521291899 0.191776242197
155 0.0321571024318 0.00310744728771 0.0812356095969 0.191635626361
156 0.028326648229 0.00207836885749 0.081246177782 0.191739922497
157 0.021969743905 0.00394478599955 0.0811983892718 0.191699637791
158 0.00402954787373 0.000341504042937 0.0811554885724 0.19171394644
159 0.0032282049036 0.00101743707361 0.0811083944628 0.191677496517
160 0.00827694312508 0.00161616998629 0.0812170936831 0.191606088401
161 0.0080817409371 0.00183121589204 0.0811813408218 0.191680291498
162 0.00399098510817 0.0008054788119 0.0806634249197 0.19293230491
163 0.00515579554517 0.000330241586894 0.0809305345816 0.192447299468
164 0.000848473065962 3.88555083922e-05 0.0811231033347 0.192159398482
165 0.000586711691555 8.64137088716e-05 0.0812374533573 0.191850495099
166 0.000672632641197 1.85846069925e-05 0.0812112290237 0.19070652358
167 0.000937872166172 0.000101289429788 0.0804065409547 0.190739187822
168 0.00038203383128 0.000325571440173 0.0808046173964 0.190161510794
169 5.56981852318e-05 0.000197750365008 0.0808552591456 0.190783283752
170 0.000346608394824 0.000369071199598 0.0811106212897 0.191165859201
171 0.000115372425875 0.000413260128004 0.0813180109835 0.191330037786
172 9.34529519367e-05 8.24498628714e-05 0.0811475129558 0.191230086714
173 0.000184010876485 0.000117019175746 0.0812404773201 0.191561919547
174 8.34071851809e-05 0.000281926974526 0.081283303529 0.191610329628
175 0.000163413096428 0.000228674715757 0.0812317105654 0.191719383954
176 0.000513857355129 0.000583956634761 0.0812220783985 0.191770248495
177 0.000927909195527 0.000702133308924 0.0812357635955 0.191844776098
178 0.000423662301143 0.00118690170514 0.0812089642916 0.19168759341
179 0.000203767000511 0.000153224175596 0.081163717307 0.191641760468
180 0.000177315204492 0.000576327678085 0.0812462680762 0.191665067829
181 0.000557628670601 0.000300789728115 0.0812311173352 0.19161373486
182 0.000278325328119 0.000430511337759 0.0812558122438 0.191697160527
183 1.2085427729e-05 0.000169168994996 0.0812026068719 0.191752509761
184 5.1582493913e-05 0.000337700772127 0.0812543725638 0.191755741427
185 0.000111960513319 0.000204759919219 0.081206033824 0.191741959668
186 9.11707592307e-05 0.000312287596953 0.0811688977899 0.191638038863
187 0.000788728215791 0.000181096523229 0.0820185421969 0.191224279801
188 0.000578096435439 0.000319470505546 0.0816661620475 0.191512461339
189 0.000391569744749 3.72835361604e-05 0.0816275372701 0.19117573755
190 0.000299366974191 0.000199141939793 0.081392490642 0.19025134943
191 0.000230675931363 0.000135985009082 0.0813332280774 0.191017799377
192 0.000389436812797 0.000129253591471 0.0813888899172 0.191292513236
193 0.000644108534798 9.24097094165e-05 0.0812810639824 0.191527527878
194 0.000251967516991 7.33689136611e-05 0.0812009105721 0.191502791162
195 0.000104654478827 1.77726764782e-05 0.0810962027677 0.191615566798
196 1.10985923996e-05 2.08483150089e-05 0.0810975790019 0.191653891119
197 0.000240600121689 0.000149890174947 0.0809414241611 0.191485803891
198 0.000403753691631 0.000426594010079 0.0811260567197 0.191591823302
199 0.000484835826357 0.00172548751252 0.0809421433799 0.192413871799
200 5.81531676064e-05 7.21457017871e-05 0.0808799587411 0.191902087769
201 0.000155787707082 0.000754287607977 0.0810384391492 0.191916931337
202 0.000208464203844 0.000200338219254 0.0809581575118 0.192655731846
203 6.5960356956e-05 6.58735381774e-05 0.0816716005981 0.191292062153
204 0.000144942685848 0.000232699769879 0.0817113153477 0.191411293316
205 0.00218868101191 0.000341701255238 0.0813093677434 0.190794469708
206 0.0139521111749 0.00111144246396 0.0820385882238 0.190896806296
207 0.0261308208637 0.00110719073928 0.083179514404 0.190848901818
208 0.0255120745144 0.00157923656815 0.0837831855335 0.190973410078
209 0.0164796599641 0.00169204821019 0.0840990506494 0.190999092181
210 0.0134569249118 0.00305477745533 0.0841957778902 0.191031996924
211 0.00998107472018 0.00268433242557 0.0841680813478 0.191044191354
212 0.0139212774165 0.00755800335443 0.0841846440119 0.191201068944
213 0.065065864237 0.042479144487 0.0842765665397 0.191407192855
214 0.504753216704 0.332200104066 0.0835909569448 0.191927385622
215 0.621340271024 0.421562190071 0.0823142553167 0.191790405895
216 0.678046472786 0.473787981706 0.082078900601 0.192148714536
217 0.690857525607 0.520999773655 0.0822176800771 0.192061332438
218 0.66175121604 0.561302026771 0.0822616361365 0.192281335552
219 0.633368688648 0.458019100544 0.083216163085 0.191897242137
220 0.619613755534 0.414715729479 0.0819499462999 0.191678557978
221 0.594564151019 0.514273614373 0.0818069686786 0.191723893366
222 0.622810025524 0.341003308168 0.0815675938234 0.192268361643
223 0.643445515004 0.267456100483 0.0824041197224 0.192734430242
224 0.644609675734 0.336559371823 0.0818373303911 0.193051756386
225 0.641394566004 0.271205234567 0.0813502646974 0.192277740134
226 0.631270465481 0.280918871359 0.0814233738673 0.192035028985
227 0.637606787847 0.288477320165 0.081523112678 0.191755451552
228 0.652359562886 0.292927753931 0.0812970359492 0.191572133414
229 0.661807655856 0.27520758391 0.0812674114039 0.191812687576
230 0.654762075803 0.273167059195 0.0813511833178 0.19193935446
231 0.670978948781 0.269086752976 0.0813171892238 0.191622704338
232 0.675845804788 0.281266870844 0.0812530419126 0.191948608165
233 0.67061476979 0.320128089753 0.0812277881844 0.191681069673
234 0.673039433664 0.326834882638 0.081121497619 0.191880272989
235 0.669796067116 0.33686170907 0.0810712034566 0.191829279255
236 0.659749513504 0.346706803456 0.0810067459776 0.191808976588
237 0.658451135761 0.340770899863 0.0810481706957 0.191659162685
238 0.651976230306 0.38909978962 0.0812160410321 0.191553209019
239 0.645060917869 0.374501536042 0.081209093699 0.191483169313
240 0.641994145147 0.374881541162 0.0811718027573 0.191545019222
241 0.650034293605 0.387426190788 0.0812556942155 0.191769536672
242 0.646842451185 0.413463884451 0.0811519737921 0.191677401851
243 0.672867525698 0.316825283531 0.0811898128522 0.191531700136
244 0.673349407364 0.3354265198 0.0811069461705 0.191895400912
245 0.662289318549 0.372339170298 0.0814609403243 0.191262746073
246 0.645710820722 0.462367200366 0.0813069716044 0.191532995992
247 0.655125522445 0.487013652438 0.081233011832 0.191643771247
248 0.663059079419 0.435664463431 0.0811020253619 0.191414337192
249 0.654299324511 0.500009688826 0.0812260535368 0.191601752595
250 0.65031133721 0.510890198771 0.0812040713891 0.191317399158
251 0.638719731412 0.522334926686 0.0811626223025 0.191299165865
252 0.631522847116 0.544960528119 0.0813339933598 0.191437292092
253 0.644722077479 0.463882556209 0.0811956109026 0.191496180404
254 0.644857624163 0.468194381373 0.0813328051955 0.191554208193
255 0.627855817391 0.491269041628 0.0813863737904 0.191670069348
256 0.629843640185 0.537584904234 0.0813108252922 0.191723553525
257 0.636146115549 0.532307727492 0.0811968063812 0.191688315021
258 0.640163851783 0.561867267297 0.081276633337 0.191582934698
259 0.647933744757 0.51687595815 0.0812547974774 0.191549392977
260 0.638445690985 0.50193093792 0.08127863392 0.191275080574
261 0.644322041706 0.51000490098 0.0813310883798 0.19136206599
262 0.648738856133 0.540161821514 0.0813096289088 0.191492638249
263 0.63338843622 0.506480386253 0.0811873207648 0.191299548846
264 0.639528565521 0.53441360612 0.0810169342032 0.191553876386
265 0.645009198349 0.560761970818 0.0811837249521 0.191620454243
266 0.647283087908 0.550991435999 0.0812250617216 0.19149484777
267 0.638719914081 0.520098666866 0.0812765753992 0.191668824158
268 0.654984430606 0.523486075437 0.0811758555737 0.191799053341
269 0.6432907982 0.514030409088 0.0812532134841 0.191665281394
270 0.644395154734 0.487486140664 0.0811977849272 0.191675886891
271 0.640948628865 0.521380825573 0.0811949747522 0.191620753427
272 0.637058734071 0.532051172491 0.0811278907801 0.191843587098
273 0.638344780487 0.510625636884 0.0812050994796 0.191666288234
274 0.643410734222 0.50245903669 0.0811166794781 0.191809085609
275 0.644199633773 0.508201696365 0.0812117304178 0.191711698387
276 0.630898904388 0.476204269294 0.0814026979519 0.191713554988
277 0.624545030386 0.455316461413 0.0814915701461 0.191768224703
278 0.627310719975 0.428836064217 0.0811521147698 0.191675213289
279 0.624071037034 0.461385540056 0.0811091933302 0.191720152994
280 0.629595717327 0.451498621099 0.0811489907892 0.191660649903
281 0.624537351066 0.485244746701 0.0812201849128 0.191645744588
282 0.622547257505 0.464810436383 0.0813056692154 0.191313415842
283 0.624804802217 0.453717814926 0.0813350220878 0.191651733457
284 0.612551261436 0.45346894946 0.0812473377583 0.191749935128
285 0.600179759788 0.457627674111 0.0812588196781 0.191751765947
286 0.606955416726 0.432293237684 0.0811974152493 0.191539199491
287 0.610299775536 0.377095378358 0.0810872680867 0.191539544947
288 0.605048655944 0.422956937964 0.08120211473 0.191292880312
289 0.602310186458 0.44283586583 0.081244092981 0.191352415083
290 0.60294450367 0.460680244616 0.0813218130742 0.19159097321
291 0.61489215746 0.473812205081 0.081301309055 0.191764136795
292 0.619935491138 0.46521880737 0.0814549443547 0.191796845364
293 0.617971350809 0.479220007798 0.0812228958948 0.19187560838
294 0.620251641945 0.48108606779 0.0813035694737 0.19173177242
295 0.621904969986 0.494989656533 0.0813733331861 0.191731726885
296 0.62621108967 0.498802699025 0.0813035087462 0.191602481817
297 0.633059253836 0.502797052764 0.0810843198659 0.19172091907
298 0.639743055204 0.509980874186 0.081249067136 0.191500370209
299 0.648155960623 0.514288381195 0.0812655723312 0.191733411488
300 0.642296545388 0.508857482745 0.0811589856452 0.191755646255
301 0.644387495087 0.520514667434 0.0811848676691 0.191733507279
302 0.655761123704 0.538597533128 0.0810922415428 0.191647272981
303 0.644993677476 0.51701859688 0.0811802338982 0.19184282796
304 0.648633612384 0.513719965135 0.0812170793807 0.191819586085
305 0.646510145033 0.50702687037 0.0811561529504 0.191656503306
306 0.632914023618 0.5227530711 0.081253201875 0.191751336395
307 0.625723590391 0.515959366722 0.0812060593271 0.191657162228
308 0.633828991371 0.504450037669 0.0813801525302 0.191608134489
309 0.641345485876 0.516317757596 0.0811791517174 0.191574642841
310 0.64781047563 0.529542500497 0.0811278114797 0.191632946158
311 0.651847646704 0.504497784423 0.0811921098057 0.191889530589
312 0.634501369499 0.51203045941 0.0811713425018 0.191917175614
313 0.636284960879 0.522762218885 0.0811067268973 0.191940932825
314 0.633587334588 0.519474141616 0.0812344949005 0.191774119014
315 0.636510179908 0.523200666866 0.0810414186039 0.1917182676
316 0.63230592501 0.54363121343 0.081115188414 0.191701829817
317 0.623405770415 0.529754532434 0.0810455790055 0.192040319908
318 0.617940569856 0.538143620818 0.0810883546425 0.191815519149
319 0.622545509585 0.551412832669 0.081232550523 0.191830307265
320 0.623673699246 0.550830567704 0.0812401130097 0.191584991817
321 0.630119232774 0.512043965624 0.0812062815105 0.191573359085
322 0.633951468251 0.517294891828 0.0812150306957 0.191418041646
323 0.642423481148 0.525967023153 0.0813109408798 0.191597761403
324 0.638127483302 0.512430638809 0.0812031196054 0.191624124267
325 0.651641393726 0.499607517783 0.0811024460155 0.191797227021
326 0.66719802577 0.491860635386 0.0812848275208 0.191807105925
327 0.692798441241 0.493084466529 0.0812504089946 0.191631097727
328 0.708940393897 0.489886981166 0.081300107447 0.191735842729
329 0.705059602993 0.50818129834 0.0812027907776 0.191646493712
330 0.710951074595 0.498015911495 0.0812368233146 0.191703947687
331 0.704379709967 0.496660276668 0.0811510100123 0.191760097208
332 0.698155819711 0.487199714686 0.0812959025537 0.19178223466
333 0.696026239343 0.462512357243 0.0811060787441 0.191644471208
334 0.692191832489 0.473392484026 0.0811315749958 0.191626744263
335 0.686230958392 0.471528078372 0.0812118988614 0.191816398541
336 0.693137128538 0.472350261455 0.0813463677541 0.191709958622
337 0.690623148155 0.482742864672 0.0813670924997 0.191579923309
338 0.674429717403 0.489469563626 0.0813644937444 0.191698171461
339 0.686734104142 0.48995818314 0.0813093031172 0.191937434062
340 0.69101544627 0.485460692573 0.0812462351158 0.191438741943
341 0.687744934735 0.484373243666 0.0811623714327 0.191719980922
342 0.678509655798 0.473907907066 0.0810719745018 0.191837962062
343 0.670196294525 0.476186231007 0.0811572820654 0.191491391932
344 0.668394705816 0.483389416347 0.0813170660881 0.191577870353
345 0.663803465984 0.493377615662 0.0813473166357 0.191647624556
346 0.668188546608 0.487938401369 0.0811642912992 0.191612091203
347 0.662547322727 0.488688704296 0.0809991935414 0.191794012027
348 0.67128136784 0.492412946848 0.081121234741 0.191575019517
349 0.685366533445 0.499658253264 0.0812185753245 0.191617948657
350 0.693868579435 0.476272860641 0.0813147676973 0.191593764844
351 0.70310256256 0.495299850838 0.0812368713116 0.191588529109
352 0.706709069745 0.51855466406 0.0812571859953 0.191620255477
353 0.693692150056 0.519446041169 0.0811814145451 0.191574017362
354 0.706584369658 0.509843372243 0.0810095715946 0.191859146636
355 0.713451586834 0.522281590136 0.0811120782332 0.191581353602
356 0.715011005737 0.528458783271 0.0810895277769 0.19157520232
357 0.718705155791 0.537959807638 0.0811714081777 0.191752782803
358 0.731688222509 0.530875052967 0.0813436619742 0.191727492044
359 0.747650662926 0.533231522857 0.0812056617807 0.191614718928
360 0.74665896664 0.547456177104 0.0812740642628 0.191600649557
361 0.746861682902 0.545771906109 0.081268850326 0.191627871892
362 0.751912082492 0.525076539222 0.0811693626679 0.191611473149
363 0.750939516295 0.529015274589 0.0811377907053 0.191700941622
364 0.748442044091 0.538479997749 0.0810157778794 0.191573119533
365 0.739878249359 0.531188395791 0.0810985510579 0.191790317563
366 0.73592320386 0.532461075011 0.0812392369802 0.191620141198
367 0.724963676083 0.542295718322 0.0812096193711 0.191748533355
368 0.737173898857 0.543092872217 0.0810224396699 0.191571605945
369 0.735427961137 0.565741847047 0.0810946800649 0.191537920133
370 0.741419826227 0.578551980824 0.0812285069879 0.191508563653
371 0.749258985901 0.571380483517 0.081379820333 0.191699409894
372 0.748465218547 0.578053609246 0.0813586512955 0.19171003095
373 0.738099526462 0.562961958382 0.0812199792193 0.191833453925
374 0.748653590521 0.577568348219 0.0811551874065 0.191539441268
375 0.741187848528 0.585463643479 0.0811308944204 0.191500146083
376 0.742168666667 0.579678539719 0.0812192972138 0.19150960523
377 0.742513874082 0.581717071294 0.0811604619076 0.191747385399
378 0.720711608944 0.58618158688 0.0813340104756 0.191717782237
379 0.731459928908 0.576100640598 0.0812936224676 0.191680771093
380 0.736229716582 0.580009765887 0.0813019687444 0.191731138027
381 0.743075852198 0.556221990173 0.0814507840024 0.191640572922
382 0.735427705046 0.565546896194 0.0813353137996 0.191865952829
383 0.72483645516 0.554476199076 0.0813287819594 0.191785535082
384 0.719489752674 0.537878886582 0.0812428712917 0.191689026508
385 0.707093278562 0.549545520357 0.0812901545008 0.191673455491
386 0.697929280075 0.562627894158 0.0813275225263 0.191673189693
387 0.683244718902 0.580740971683 0.0813183104605 0.191683477817
388 0.682266886712 0.554763237111 0.0814200184226 0.191711781798
389 0.681589929539 0.542046236905 0.0812518026915 0.19172577806
390 0.687217274294 0.554076497102 0.0811294443019 0.191766288891
391 0.672410115478 0.562146698424 0.0811957263555 0.191774241462
392 0.674091539601 0.560736223327 0.0812673156883 0.191786773347
393 0.674253280364 0.568125210287 0.0813831283736 0.191801769562
394 0.676539093794 0.53838161084 0.0812985540872 0.191918265883
395 0.688146217096 0.546727650999 0.0813444192321 0.192001144154
396 0.69098299444 0.558313783559 0.0811827033207 0.191824563431
397 0.676622085541 0.557516883072 0.0811454858233 0.191816013408
398 0.705587694302 0.537136508233 0.08107847597 0.191882397472
399 0.696510868157 0.564917672886 0.0812249691619 0.191607113054
400 0.698021386397 0.550926196669 0.0812411658334 0.191474088285
401 0.694438866385 0.54886583301 0.0811556394256 0.191746716754
402 0.678944251461 0.552884152937 0.0811560359582 0.191582610285
403 0.672508241301 0.549017365743 0.0811273400307 0.191753369983
404 0.654831378116 0.533279359438 0.0811817237159 0.191652124838
405 0.645138965329 0.551762512624 0.0814307533154 0.191792854291
406 0.641371112869 0.555589130598 0.081375394637 0.19163577599
407 0.626479123094 0.540736481949 0.0812024769001 0.191489288574
408 0.616210705352 0.517577792774 0.0813589292725 0.191443582477
409 0.609450012906 0.512375055016 0.0813867606933 0.191447312817
410 0.611682048131 0.489476536176 0.0812329009266 0.191559325268
411 0.606104237784 0.508719708511 0.0810452940324 0.191618769964
412 0.599775672955 0.511185849553 0.0811243363818 0.191632987722
413 0.595348052884 0.509635172167 0.0812344616291 0.191447906551
414 0.608646548353 0.508605702815 0.0813688384461 0.191507687798
415 0.60726295798 0.504825682042 0.0813269537703 0.191510734367
416 0.611690940811 0.493716110749 0.0814934383894 0.191490447759
417 0.6161456989 0.484388379339 0.081376563442 0.191472161012
418 0.617998113168 0.491553948307 0.0812255071336 0.191782304331
419 0.6275687382 0.497936402259 0.0813409256866 0.191798919776
420 0.624052523989 0.494382224714 0.0812424911646 0.191835511197
421 0.627354936906 0.47873938371 0.0811606781603 0.191852195634
422 0.628711612757 0.48736314968 0.0811889301603 0.191785963985
423 0.630735353855 0.484786306808 0.0813013564621 0.191610954581
424 0.644961763982 0.506352186553 0.0809914165467 0.19161448505
425 0.641073192975 0.515296091375 0.0812622477141 0.191649031056
426 0.650554721205 0.516041513316 0.0812751821716 0.191806085942
427 0.666244871426 0.524476964408 0.0811631017987 0.191651091511
428 0.672609319675 0.516649516349 0.0810369921872 0.191646350883
429 0.689545354274 0.508808774768 0.0813097445038 0.191574029819
430 0.701742311612 0.502597383922 0.0813555485104 0.191682510753
431 0.71621872806 0.52394784214 0.0812480403726 0.191544339795
432 0.707949142752 0.533567717164 0.0812170069993 0.191762399843
433 0.720829422437 0.524547041244 0.0810892995983 0.191582164358
434 0.721300895764 0.526434144716 0.0811594144617 0.191702385267
435 0.732018649353 0.550604405863 0.081213585567 0.191656781236
436 0.72817971875 0.55930181352 0.0811924134459 0.191655428546
437 0.734177517435 0.566501267826 0.0811074689623 0.191728863248
438 0.733137674286 0.532465633306 0.0810991257023 0.191873880682
439 0.729228802728 0.540537868923 0.0812075040995 0.191668209917
440 0.731984072057 0.562310602629 0.0812228796667 0.191827112978
441 0.731369414264 0.55940173415 0.0812399977615 0.191766885971
442 0.737131534087 0.549429068363 0.0813138249678 0.19174894258
443 0.739662087189 0.573370343092 0.0815510201012 0.191597526525
444 0.741939723001 0.572770403148 0.0813559082151 0.191515761428
445 0.745223644432 0.604666956012 0.0814124066969 0.191848605757
446 0.755954416823 0.603978681671 0.0814294731682 0.191764585511
447 0.760894705118 0.611383982802 0.0813669007374 0.191755379023
448 0.749945129628 0.608293853395 0.0812467452138 0.191583706187
449 0.751974721712 0.631181960323 0.0812612586686 0.191399628653
450 0.754162575143 0.639163187312 0.0813724720106 0.191529803719
451 0.751257987847 0.604593391988 0.0812985310018 0.191465037173
452 0.756613531479 0.604996286512 0.0812760913214 0.191764749236
453 0.739938287132 0.593188889872 0.0813343480838 0.191687063982
454 0.748775276304 0.593069570778 0.0812428188837 0.191728000777
455 0.722737657677 0.574806606912 0.0812199684717 0.191715654615
456 0.706765285551 0.569167582349 0.0812244449078 0.19164931346
457 0.692386173282 0.542445925606 0.0812251489512 0.191540695806
458 0.689078797377 0.562518989507 0.0811691902021 0.19146473057
459 0.681240080967 0.560099923932 0.0811300348892 0.191460894741
460 0.693225964709 0.552836353239 0.0811125003726 0.191644301697
461 0.690741163213 0.547718660407 0.0812884343998 0.191582300037
462 0.696869014783 0.534016487592 0.081259457999 0.19175752532
463 0.702243438591 0.50609937016 0.0813106579809 0.191805233889
464 0.698021905609 0.493210688409 0.0812609110399 0.19172211125
465 0.706535421888 0.496058673599 0.0813298549757 0.191602608591
466 0.701134847139 0.475255645647 0.0813588772209 0.191554218909
467 0.712929281293 0.502361173128 0.0811968998413 0.191657059441
468 0.695816638108 0.49332655618 0.0812139226693 0.191588794075
469 0.715111065967 0.489938989708 0.081302959442 0.19168041018
470 0.72559856527 0.48794495213 0.0812780697538 0.191499018784
471 0.72877750159 0.488579371656 0.0811526172627 0.191465989338
472 0.746595563237 0.489939840825 0.0811894282715 0.191738309815
473 0.730811311559 0.473101719759 0.0812464507204 0.191615362544
474 0.722258148336 0.477513770143 0.0812101925164 0.19165773435
475 0.718344529475 0.470299879505 0.0813041559672 0.191511557338
476 0.727049486636 0.464988969593 0.0813993132779 0.191620871686
477 0.716126973152 0.46832611239 0.0813166594575 0.191789629569
478 0.701483118223 0.445915645096 0.0812337807224 0.191774222716
479 0.69940980773 0.445220167272 0.0813198747207 0.191897878976
480 0.674123113703 0.41632790314 0.0812878697905 0.191761378808
481 0.67393589103 0.411949547807 0.081305405314 0.191897569155
482 0.678264581947 0.430199622089 0.0813305386636 0.191741061767
483 0.681351178219 0.440257754744 0.0813897933714 0.19159326505
484 0.690811279486 0.479181862788 0.0812165206783 0.19189503651
485 0.694282627123 0.494695266004 0.0811594703766 0.191664220127
486 0.689846459021 0.48107446676 0.0812135689535 0.191412202264
487 0.691271039771 0.47237572649 0.0812884426227 0.191494148497
488 0.694025113617 0.473913265266 0.0812634847105 0.19149003523
489 0.680323365191 0.477870888343 0.0811752503144 0.191553110059
490 0.678431382029 0.497028402229 0.0812397344304 0.191638686762
491 0.671428282703 0.511493530915 0.0812456972387 0.191777940325
492 0.674343907003 0.533748674991 0.0812216408254 0.191649818066
493 0.674633097605 0.521749165815 0.0812470616824 0.191421501872
494 0.693363599318 0.548004962869 0.0812399421752 0.191392195717
495 0.679096562907 0.555938649302 0.0813859393562 0.19141858019
496 0.672657921265 0.526119459886 0.0814687926133 0.191584454799
497 0.675826272617 0.532190889201 0.0813174484887 0.191894611156
498 0.678662189478 0.527079464821 0.0812569598979 0.191766777917
499 0.684989559202 0.534818534588 0.0812930094587 0.191494659739
500 0.670893930542 0.511994092024 0.0813634510099 0.191494240828
501 0.680720393397 0.515156891203 0.0813712875225 0.191530087446
502 0.652087089799 0.509315076321 0.0813481548809 0.191984376846
503 0.647626787324 0.492243636697 0.081251706069 0.191885815065
504 0.660685608119 0.488965706854 0.0812857549818 0.19162130257
505 0.662823459994 0.51310567476 0.0813234406419 0.191715362472
506 0.660359326284 0.49087189035 0.0813274765019 0.19176183464
507 0.675066786339 0.47713630449 0.081271457555 0.191731314777
508 0.693298396817 0.490507066924 0.0812583011465 0.191594951589
509 0.707269045157 0.50167876276 0.0812407541201 0.191779545951
510 0.696621024996 0.468178448724 0.0815174134955 0.191597544131
511 0.713312432067 0.464893714254 0.0812309086865 0.191688951469
512 0.712334909333 0.450391273301 0.0814210128079 0.191757185223
513 0.709909305916 0.428271437997 0.0813178470127 0.19156749578
514 0.714206204903 0.42894674203 0.081173653322 0.191679489297
515 0.721915985082 0.43034709885 0.081276766382 0.191605145993
516 0.7116018873 0.424682217063 0.0813324335269 0.191615920639
517 0.705280397843 0.436752751087 0.0812962900923 0.191613440583
518 0.718077233052 0.454869967603 0.081288282408 0.191652086688
519 0.711774788362 0.464104365984 0.0813413086522 0.191623709949
520 0.708260806707 0.471269270088 0.0811689939742 0.19167951913
521 0.708048985639 0.474489725916 0.0812302167474 0.191799467375
522 0.71604514885 0.470030825508 0.0812404295422 0.191242410585
523 0.720709980217 0.472134680349 0.0812080141166 0.191500255571
524 0.716586642819 0.487383236665 0.0811447121002 0.191317374292
525 0.707337555857 0.49803809382 0.0811767188681 0.19157516688
526 0.718795020862 0.492829955152 0.0811830242067 0.191566405951
527 0.71824315912 0.499910205054 0.0810992819075 0.191812751072
528 0.725654686599 0.494506034012 0.081196804613 0.191665173397
529 0.726912833649 0.510536046225 0.0812567337363 0.191613025552
530 0.727100658209 0.510056467833 0.0813203002909 0.191612107564
531 0.725117842337 0.493927453081 0.0812231233803 0.191878208333
532 0.705610821136 0.505918600163 0.0813620058736 0.191889952922
533 0.700193151803 0.494947755808 0.0812812100367 0.191713750006
534 0.693845112069 0.496414634811 0.0812020505071 0.191560821629
535 0.699529147038 0.490464044059 0.0811960605882 0.191446179678
536 0.688659071607 0.497883828461 0.081341592129 0.191423338791
537 0.704112867201 0.501974265014 0.0812544765727 0.191446779373
538 0.708159263112 0.514657404077 0.0813299411426 0.191553835908
539 0.702080613221 0.508661202114 0.0814197529035 0.191752713949
540 0.706232550924 0.515415508699 0.0812291632597 0.191644832557
541 0.714746532904 0.523107777876 0.0812398717869 0.191515241052
542 0.733086846861 0.523445840395 0.0811534613501 0.191532511822
543 0.73266120827 0.523670542797 0.0811384248431 0.191466109872
544 0.74280226999 0.557280062041 0.0811799629642 0.191474470571
545 0.728382795663 0.576352691154 0.0812657697924 0.191747186977
546 0.726614664746 0.579548408996 0.0813901614349 0.191538260458
547 0.723552476043 0.566539981845 0.0812351903762 0.191621105243
548 0.710470024792 0.553746544367 0.0811645460585 0.19169221763
549 0.704036975923 0.551630237031 0.0812643127252 0.191748237843
550 0.712278127246 0.560216909182 0.081310359844 0.191953027391
551 0.71283508578 0.554972830623 0.081378053002 0.19173615644
552 0.716500878369 0.54443344606 0.0814979937068 0.191676806387
553 0.717413895536 0.5215195613 0.0812442561057 0.191537447972
554 0.702613364135 0.545014592378 0.0812712574368 0.191572622179
555 0.707274894437 0.540286167661 0.0812254113867 0.191524796181
556 0.711557155286 0.540441910491 0.0812679488673 0.191579526508
557 0.711692350679 0.525480675888 0.0812544241051 0.191658891569
558 0.719881661005 0.534306945917 0.0812848235151 0.191563440698
559 0.712626492636 0.509652986184 0.0812382216244 0.191847762289
560 0.706547090732 0.510253278849 0.0813116650443 0.191697758343
561 0.714470772671 0.519699003083 0.0811893792467 0.191729146232
562 0.704465201425 0.515078566003 0.0814182448679 0.191758515103
563 0.701571934425 0.496193335106 0.0811790723133 0.191848392458
564 0.697265695836 0.493239448253 0.0812066043414 0.191862422574
565 0.684256326508 0.493831552822 0.0813141763119 0.191805817919
566 0.68346991065 0.476126290302 0.0811731163438 0.191683757781
567 0.681529952862 0.473980557859 0.0811860849266 0.191685614637
568 0.655353121045 0.476965748022 0.081304686497 0.191718186876
569 0.649624084578 0.479173595364 0.0813093794109 0.191771425287
570 0.644113219696 0.484357413496 0.0812402498201 0.19169845333
571 0.640249366737 0.459963354422 0.0813424022073 0.191718333248
572 0.636567962184 0.445829225809 0.081338929853 0.191858201342
573 0.624456023162 0.426274523277 0.0810710223293 0.191668672112
574 0.629617329639 0.412275643772 0.0810957031065 0.191785961198
575 0.611355461062 0.42055022548 0.0810869312173 0.192018955052
576 0.614960330901 0.415532305588 0.0811067434786 0.191713330981
577 0.598918397418 0.427777891205 0.0811335527965 0.191590964302
578 0.603600399667 0.44615357777 0.0811049786115 0.191683901629
579 0.593623213371 0.444966009622 0.0809506602078 0.191697065261
580 0.590703503252 0.416398191638 0.0813341060355 0.19158846571
581 0.602060416031 0.438524029652 0.0810383143731 0.19150679346
582 0.601161903915 0.44089547362 0.0812215078253 0.191504011348
583 0.598049733795 0.44840869792 0.0813578322183 0.191551366266
584 0.605907550398 0.459598180009 0.0813107454059 0.191657503812
585 0.609687766856 0.420768930876 0.0812319963437 0.191780276674
586 0.598405325769 0.428275176437 0.081115520984 0.191685457372
587 0.600181470772 0.452507709442 0.0811450758947 0.191677003764
588 0.597586947962 0.446722822942 0.081197473535 0.191732370645
589 0.594846213295 0.441986374331 0.081257256806 0.191496839713
590 0.60456776124 0.447364178978 0.0813014948669 0.191502163187
591 0.611911122908 0.454863294538 0.0811562177151 0.191508117785
592 0.609715460662 0.462642048428 0.0813923040284 0.191545323914
593 0.605623008515 0.460841523499 0.081513998877 0.191637183608
594 0.600374827166 0.467590191363 0.0814772473868 0.191532012445
595 0.606559461996 0.453205231342 0.0815948388367 0.191747013125
596 0.600516990862 0.454379009569 0.0814362594293 0.19182409988
597 0.596648148499 0.458309807544 0.0813759649139 0.191657575484
598 0.60091366297 0.470560134833 0.0812958406118 0.191635682298
599 0.604050357534 0.48239094281 0.0813610443313 0.191699930681
600 0.606869357804 0.501673997627 0.0812956928816 0.191668419315
601 0.607930983702 0.520363645794 0.0813476545676 0.191853055725
602 0.619742010275 0.534300719914 0.0813955026738 0.191821276958
603 0.62644498011 0.50594307644 0.0813023086747 0.191967869876
604 0.617860732098 0.495810050908 0.0813009978716 0.19164670493
605 0.628315222588 0.51260266725 0.0814023116766 0.191697276002
606 0.642420694098 0.505618039326 0.0813898869305 0.191846626988
607 0.640840630076 0.491488932258 0.0815233268068 0.191715570123
608 0.654645451684 0.506082854682 0.081469880736 0.191830518379
609 0.659945494879 0.55164600091 0.081316335419 0.191924192174
610 0.670404200741 0.555191988525 0.0812306030218 0.191730993618
611 0.687019690047 0.614291699179 0.0812000486033 0.191701684231
612 0.671695438274 0.578579806117 0.0814896495936 0.191937013187
613 0.680849746957 0.628489460745 0.0813448453102 0.191633959342
614 0.694784013004 0.628335464988 0.0812441791975 0.191670259212
615 0.707106416304 0.680491785395 0.0812010358013 0.191781794662
616 0.700981538509 0.716933518113 0.0813490700586 0.191701057024
617 0.727183720302 0.788111727589 0.0812804116539 0.191511599825
618 0.733822108383 0.838072835822 0.0812379377982 0.191688506222
619 0.779787823617 0.859820364361 0.081269800864 0.191611688597
620 0.772645422163 0.856487899123 0.0812653471892 0.191584981996
621 0.773590141 0.876411481886 0.0812439586466 0.191765520841
622 0.769871182887 0.875823647808 0.0812286213301 0.191793552316
623 0.766338296617 0.870132230285 0.0813511386846 0.191741399946
624 0.800524020013 0.847725636158 0.0814085666562 0.191705802951
625 0.781634289572 0.825970273938 0.081195558459 0.191781964431
626 0.784251571732 0.860058324537 0.0813270643011 0.191824776127
627 0.785379108393 0.878684751978 0.0813390765275 0.191840382143
628 0.787384012898 0.801300775928 0.081270983525 0.191724955219
629 0.79737860543 0.784628925512 0.0813045380293 0.191697396951
630 0.790423835819 0.784140078665 0.0812662528506 0.191605874499
631 0.792939069379 0.749152714695 0.0812945717483 0.191578271643
632 0.790708288828 0.75806298299 0.0813111813664 0.191739482946
633 0.777623791059 0.811384735717 0.0812608973719 0.191675225217
634 0.782470661697 0.824748044205 0.0812573672197 0.191676642505
635 0.779613377131 0.841392894409 0.0812489457302 0.191841964912
636 0.80527098127 0.863893522681 0.0812170320427 0.19170169315
637 0.790330295789 0.796247579709 0.0811833499527 0.191745133005
638 0.790064707337 0.799326849817 0.0812085737228 0.191623845413
639 0.774420987689 0.750878732272 0.0812874728619 0.191622137377
640 0.778095571025 0.73924159187 0.0813448196722 0.191653055191
641 0.754181593952 0.695382223328 0.0813830981517 0.191829389142
642 0.754927462904 0.661716390784 0.0813536175873 0.191751758104
643 0.728207983859 0.625940151847 0.0812860272956 0.191848848188
644 0.719701160567 0.605649265584 0.0810983372833 0.191964469574
645 0.709241178508 0.589661392992 0.0811266638266 0.19178911643
646 0.687440554428 0.59392399836 0.0812698429037 0.19188672667
647 0.698080169824 0.601187585975 0.0812658945407 0.191850511331
648 0.680067877943 0.597381870047 0.0811947111652 0.19175939195
649 0.67599865927 0.577247088693 0.0810625339475 0.191583763842
650 0.645396615037 0.550538351302 0.0811021979922 0.191577566702
651 0.65136583848 0.546362208992 0.0811201749844 0.191728992911
652 0.65687298127 0.534091933881 0.0810742928136 0.191718478918
653 0.656412380208 0.532511046862 0.0813462028739 0.191690267636
654 0.640814506975 0.539001530512 0.0812938482493 0.191615183495
655 0.635772262908 0.535855646718 0.0813733750873 0.191721550505
656 0.636209676328 0.538842985274 0.0813777087226 0.191516586507
657 0.652818695053 0.519586784401 0.0813129777226 0.191568810148
658 0.656628476204 0.507722225138 0.0811270318971 0.191576931299
659 0.653508004648 0.476455453711 0.0812086165278 0.191510907464
660 0.650377137153 0.48141934045 0.0812287761853 0.19158209659
661 0.65343384591 0.484622148672 0.0812004798304 0.191761332531
662 0.64082263188 0.472609068718 0.0812385582503 0.191847438407
663 0.63489464117 0.470414671068 0.0813069451764 0.191654173806
664 0.643581256017 0.480418830333 0.0813054702888 0.191534842602
665 0.643644261973 0.478092987064 0.0811577408757 0.19185113162
666 0.649827079155 0.471173340616 0.0812138647646 0.191977178982
667 0.661211706658 0.484029058026 0.0812308633955 0.191729046723
668 0.654540129697 0.480184325261 0.081402104584 0.19164670193
669 0.677704007375 0.493422514043 0.0813063794301 0.191750622947
670 0.675277506866 0.513505827473 0.0812716784787 0.191591040446
671 0.670611227162 0.525036864804 0.081420667636 0.191654096976
672 0.681418952143 0.513226326831 0.0813040362813 0.191688315694
673 0.689605303371 0.521451431917 0.0812561393456 0.191404060441
674 0.703639417082 0.518246425916 0.0812280826593 0.19162963815
675 0.686945041398 0.523856735329 0.0812857365962 0.191596792854
676 0.685110976935 0.522753242067 0.0812917948 0.191750494231
677 0.706307837993 0.514816553982 0.0813559497525 0.191753728827
678 0.707196965042 0.499939143563 0.0812054326336 0.191510558807
679 0.699911079414 0.518527865185 0.0811852668034 0.19155501808
680 0.702191496547 0.517534026724 0.0813056532584 0.191567796467
681 0.686475562013 0.508242640957 0.0813289676483 0.191536187037
682 0.691211284557 0.506358919975 0.0812632141322 0.191660319373
683 0.688110523591 0.504561111532 0.0811201789137 0.191751632239
684 0.690363728238 0.51543580597 0.0812885248723 0.191806378679
685 0.693464304829 0.480220150836 0.0811947367527 0.191851392508
686 0.689624405996 0.468574667383 0.0813301777043 0.191802159364
687 0.688893325325 0.466470480951 0.0813691435432 0.19172944733
688 0.674597459082 0.456478710938 0.0810943353218 0.191820773828
689 0.667801087664 0.4497158499 0.0811391356359 0.191972539932
690 0.644874353646 0.461151663478 0.0811975195064 0.191862995844
691 0.66470480529 0.450668610144 0.0813367661104 0.19179171298
692 0.666588460818 0.460245136286 0.0812627645467 0.191766366132
693 0.668691747813 0.487715029511 0.0810857979209 0.191875355687
694 0.679247668405 0.459354759267 0.0810465494458 0.191673659711
695 0.692400917978 0.480894572569 0.0812672716304 0.191742979466
696 0.700121195576 0.477420719128 0.0812778510193 0.191793893419
697 0.698936791253 0.467160077688 0.0812664200392 0.191906338721
698 0.693932549463 0.447699130738 0.0812557124818 0.191642776894
699 0.671788761798 0.452012814826 0.0809763035161 0.191784006918
700 0.668613636213 0.484056835181 0.0811462600867 0.191628142713
701 0.662421350127 0.489158802047 0.0811464589924 0.191723012343
702 0.662782600145 0.492230724649 0.081219497842 0.191785221168
703 0.66317959984 0.52243555568 0.0811898297137 0.191655830168
704 0.653193036545 0.574257182281 0.0813348925433 0.192028538901
705 0.649502881761 0.590291728393 0.08135552764 0.191814214449
706 0.634342314363 0.636193865257 0.0811525906785 0.191564744614
707 0.629349320505 0.697530710661 0.0811505859526 0.191635834765
708 0.618615470653 0.699513268489 0.0811548776601 0.191586760909
709 0.617392365123 0.718634254993 0.0813590651817 0.191687395766
710 0.628331631178 0.730790737554 0.0812131692888 0.191667586472
711 0.636390378058 0.635271348214 0.081223477616 0.191550482575
712 0.644508556325 0.575994363205 0.0812920868418 0.19148529255
713 0.642194747669 0.574504472053 0.0813766377676 0.191592528113
714 0.636827596883 0.595293017299 0.0812885460662 0.19169193978
715 0.631158651669 0.599717686753 0.0812711555132 0.19169923989
716 0.612838284168 0.660086957037 0.0812513311726 0.191578374911
717 0.618822437311 0.638419076289 0.0811743265038 0.191597770439
718 0.618862117596 0.620763695823 0.0812457321311 0.191695789984
719 0.617945456897 0.63352596512 0.0812997028563 0.191617530199
720 0.60551318738 0.691370603334 0.0812253480548 0.191676462692
721 0.598022316984 0.775247330213 0.0813002060939 0.191614123083
722 0.569951110217 0.845140120533 0.0813307507995 0.191552654071
723 0.54935423899 0.904966974163 0.0813291453464 0.191635118237
724 0.505379380337 0.940933201605 0.0813876315999 0.191569941162
725 0.472786985347 0.963508263452 0.0812837938907 0.191688752497
726 0.461397269259 0.980135129013 0.0812250361808 0.191718013337
727 0.45266143352 0.989884430831 0.0812907965221 0.19170539916
728 0.466907615166 0.991427503749 0.081282032434 0.191687841546
729 0.446867853138 0.991141586298 0.0812798078066 0.191810778445
730 0.435544471744 0.99275743557 0.0812924738832 0.191661473067
731 0.412367479711 0.992825180655 0.0812250392219 0.191614741163
732 0.408098143506 0.994042856983 0.0812163973691 0.191752024857
733 0.435173542732 0.995850273559 0.0812896476587 0.191664709498
734 0.43838803749 0.993623287066 0.0813144961174 0.191639141393
735 0.465986880566 0.992798177443 0.0813304191888 0.191560882417
736 0.464487407395 0.992683770308 0.0812370947384 0.191534015992
737 0.465460373637 0.994230890301 0.08126987737 0.191528547596
738 0.491639831249 0.99378453541 0.0811459138414 0.191688637118
739 0.507952034562 0.99309753317 0.0811617177357 0.191679250531
740 0.510166330898 0.991824919813 0.0812309582018 0.191655357488
741 0.511482890309 0.991886472252 0.0812436907479 0.191724757094
742 0.483589157327 0.990886305049 0.0813253182766 0.19177132831
743 0.50068326019 0.989976886275 0.081330299161 0.191707558546
744 0.492231878441 0.994131066024 0.0812322603069 0.191734087765
745 0.485385559089 0.995909937058 0.0812018895356 0.191791146671
746 0.483192377648 0.996037067191 0.0812108732544 0.191808058466
747 0.49405246496 0.996262474428 0.0812711630457 0.191732145225
748 0.511653762528 0.996660627948 0.0812407231077 0.191583499951
749 0.543705406119 0.996422165195 0.0811423649393 0.191721865532
750 0.582132804249 0.994145003321 0.0813194773172 0.191706204236
751 0.577414277447 0.995873468115 0.0812508752222 0.191602327646
752 0.600131482557 0.995320855436 0.0813125519625 0.191765057282
753 0.593666109392 0.995124126928 0.0814006094851 0.19177846523
754 0.599347270089 0.991686052738 0.0813391848488 0.191654339117
755 0.604955500812 0.986182883985 0.0812636395391 0.191762753377
756 0.591300863822 0.984665091712 0.0811846375672 0.191712828621
757 0.586579072313 0.99327358303 0.0811229833448 0.191705875985
758 0.579783438577 0.994807698376 0.0812176598646 0.191713648092
759 0.579618739371 0.994854835516 0.0812021634039 0.191855704408
760 0.594324443191 0.997176389034 0.0811700833223 0.19169904276
761 0.607311944544 0.997761595704 0.0812022798164 0.191675003794
762 0.60968449043 0.998390687666 0.0811466209649 0.19174867234
763 0.624522813248 0.995857730818 0.0810328646722 0.191587072392
764 0.631125871025 0.993855616011 0.081159191246 0.191601551169
765 0.643358521754 0.993291307412 0.0813042598385 0.19159973482
766 0.633303681456 0.992455730634 0.0812688198351 0.191572463392
767 0.626313642104 0.993617385117 0.0811557586276 0.191672011788
768 0.628423159267 0.994730937204 0.0812324628004 0.191697534331
769 0.640875286846 0.992941439642 0.081176543696 0.19167805088
770 0.645211881523 0.993386152693 0.0811795555733 0.191714733951
771 0.634814334055 0.992338836931 0.0812482405516 0.191581194818
772 0.639918336522 0.994415267401 0.0813300617759 0.191759174554
773 0.625892865747 0.993822693224 0.0813045552775 0.191787063297
774 0.619723847393 0.995602779147 0.0813795422687 0.191702291391
775 0.649937931574 0.995789797755 0.0813737316071 0.191654855377
776 0.645769194914 0.995210898359 0.081402962119 0.191637407804
777 0.65648012577 0.993534785195 0.081239159948 0.191562699894
778 0.657251056604 0.997410181596 0.0812686071492 0.191826811047
779 0.65053604702 0.996251280356 0.0813107552375 0.191848782292
780 0.650237964496 0.997715786203 0.0812568051974 0.19160741623
781 0.643481241202 0.997884860725 0.0812060862859 0.19159622659
782 0.639354779511 0.99620193769 0.081140166629 0.191657206097
783 0.638333007935 0.995079512543 0.0810316890374 0.191595800962
784 0.632361135551 0.993796695732 0.0811633450869 0.191589716324
785 0.620569586904 0.997629523093 0.0812011566689 0.191518918636
786 0.633798220275 0.997258087645 0.0812488490151 0.191523761773
787 0.613433616313 0.996420214573 0.0812110104641 0.191561548869
788 0.6022300406 0.998974836599 0.0812429715228 0.191769104509
789 0.609829243388 0.998109994653 0.0812845086881 0.191791836181
790 0.608597197176 0.996024984692 0.0812335787325 0.191642083354
791 0.593040730355 0.99603509342 0.0812488284012 0.191773920235
792 0.58326221488 0.997213442811 0.0811417669896 0.191648441385
793 0.590960684316 0.997840352227 0.0812475491445 0.191695186761
794 0.579293174339 0.996763411318 0.0811847306284 0.191795665264
795 0.560572002102 0.998291127418 0.0812099365856 0.191663443029
796 0.545295326547 0.997045097814 0.0812543015927 0.191673492719
797 0.537666286635 0.997671520339 0.0812365095047 0.191631775816
798 0.514055568548 0.997873914058 0.0812712312928 0.191670912949
799 0.51129071043 0.99900794902 0.0812384134916 0.191522052721
800 0.498044442443 0.999092894785 0.0812138814892 0.191689316244
801 0.515753118614 0.99876488947 0.0812646299898 0.19158123867
802 0.520878902001 0.99889245339 0.0813381257845 0.191504146503
803 0.497792008709 0.998483651542 0.081244377686 0.191619661301
804 0.514759223669 0.998541973609 0.081228389599 0.191675153868
805 0.507288619309 0.997980908307 0.081131257676 0.19156487363
806 0.499540099424 0.997050521643 0.0811576153721 0.191496716355
807 0.502642698861 0.998375586567 0.0811856605199 0.191627266648
808 0.486657245265 0.99842496473 0.0812791315238 0.191661996889
809 0.488936444115 0.998219588289 0.0812407998011 0.191640559559
810 0.487375548931 0.998358409752 0.0811803966945 0.191570137848
811 0.481569260706 0.996878425379 0.0812638229134 0.19161259298
812 0.488183169237 0.998176341195 0.081333268448 0.191508474396
813 0.485919609824 0.997329584216 0.0811918765424 0.191543058622
814 0.487500651879 0.997246003389 0.0812530468013 0.191743984399
815 0.512111014803 0.997428727438 0.0812577338111 0.191642440923
816 0.522531161907 0.997840855568 0.0812778398034 0.191659235756
817 0.515036340595 0.998568379712 0.0812478326303 0.191628358683
818 0.547678196175 0.998599366358 0.0811875603721 0.191584215866
819 0.532420532959 0.998479500253 0.0812264118398 0.191658239235
820 0.529246430667 0.998700340448 0.081244642396 0.191803324069
821 0.533553283054 0.998774810627 0.0813944498471 0.191886513611
822 0.548067115652 0.998600547813 0.0812477234297 0.191825811758
823 0.571113457065 0.998662785682 0.0811528803909 0.191911351238
824 0.585586949611 0.998412969116 0.081191116944 0.191723594184
825 0.556625637756 0.998628393384 0.081274450698 0.191678242532
826 0.535879341535 0.996803592143 0.0812607148149 0.191599296927
827 0.533130552182 0.998409354588 0.081244919289 0.191597968087
828 0.528026925492 0.997222235409 0.0812912397826 0.191578309211
829 0.501131784223 0.997873912523 0.0812117385222 0.191709741141
830 0.512702075684 0.998400041164 0.0812688683086 0.191556549759
831 0.538681915728 0.99530113555 0.0812312344473 0.191622718444
832 0.570586791697 0.99574992852 0.0812868944087 0.191678083097
833 0.583811315109 0.997481664936 0.0812039289911 0.191681374747
834 0.587015724015 0.998987814922 0.0812187696402 0.191664654034
835 0.584722679645 0.999208395476 0.0811560898067 0.191562308297
836 0.572588833851 0.998979105474 0.0812194872723 0.191743507669
837 0.600197973303 0.998263004493 0.0811489789559 0.191787117067
838 0.600454407993 0.997854687972 0.0811556735225 0.191658672739
839 0.615898632254 0.996344155036 0.0812389192118 0.191646613608
840 0.629640710819 0.997021145749 0.0813104565917 0.191708632265
841 0.622105504058 0.996748225215 0.0813474970487 0.191697520428
842 0.608781664672 0.993388671471 0.0812443889323 0.191604592265
843 0.57851790217 0.993141420366 0.0812862949725 0.191487000146
844 0.579351014872 0.996819297164 0.081275580011 0.191596375636
845 0.592118782253 0.996041986139 0.0812551307535 0.191620936973
846 0.623506193919 0.996832302372 0.0812900700898 0.191555826562
847 0.584347942567 0.998168987475 0.0813587897908 0.191748079756
848 0.574357138876 0.996795229651 0.0814222254905 0.191619055196
849 0.573158820464 0.99429182875 0.0812522799196 0.191673602203
850 0.55976893534 0.995369197137 0.0811819983089 0.191744262492
851 0.558803563114 0.995270813272 0.0812870414819 0.191614450204
852 0.591791542279 0.997628182674 0.0812654210935 0.191687559428
853 0.602274730579 0.997405189458 0.0812337604078 0.191667066426
854 0.615971398405 0.997368198818 0.0812602489741 0.191713181022
855 0.605821612469 0.997586882626 0.0811494589048 0.191593064371
856 0.612192101521 0.996978362788 0.0812214206541 0.191633281859
857 0.631095052155 0.996913365381 0.0813326421139 0.191739530768
858 0.618144826819 0.995004776285 0.0812116999641 0.191779215574
859 0.615880617842 0.99677994643 0.0813088094464 0.191550942957
860 0.619916189771 0.998732904852 0.0812870087168 0.191536452522
861 0.618540738917 0.99905599994 0.0812805590482 0.191533664972
862 0.629582540545 0.999331845224 0.0811504599022 0.191676885336
863 0.625295432747 0.999353335427 0.0810581428618 0.191850411428
864 0.598273359547 0.997310844234 0.0811561689992 0.191869805508
865 0.584224721812 0.996993900186 0.0812579649807 0.191814625437
866 0.576468075314 0.990679525928 0.0813350589634 0.191740463008
867 0.571626830382 0.993210278285 0.0812844601085 0.191721397995
868 0.580187915107 0.99740398545 0.081344513352 0.19163413409
869 0.584927957261 0.997374810815 0.0812794195702 0.19165563841
870 0.582341522788 0.998271594709 0.0812231819771 0.191609336078
871 0.60406825028 0.998139254892 0.0812014570666 0.191582247097
872 0.613745141118 0.998460065002 0.0811643936717 0.191719891653
873 0.623544017901 0.999101452563 0.0811148818573 0.191659740181
874 0.628090334966 0.999443060053 0.0811948744759 0.191673651326
875 0.650679476861 0.998300223071 0.0811818124686 0.191656471514
876 0.659146605684 0.998317126818 0.0811662553022 0.191612530365
877 0.655003819268 0.99821948374 0.0812967447293 0.191846637649
878 0.652406749238 0.996098244535 0.0812266951704 0.191861916082
879 0.657475330236 0.992119572008 0.0813020433878 0.19181600045
880 0.668604893939 0.997764983757 0.0812853466434 0.191781971375
881 0.660706778774 0.997362579074 0.0813069854188 0.19165505948
882 0.676765003927 0.997383749234 0.0812659821102 0.191632296893
883 0.668030607921 0.996934578072 0.0813304562907 0.191804314247
884 0.696879310943 0.993984581169 0.0812679513424 0.191668922881
885 0.708466751625 0.990434077403 0.0814869393502 0.191721674156
886 0.71395190573 0.988118300676 0.0814175894355 0.19174102644
887 0.720182007039 0.989007614092 0.0813743897211 0.191670292056
888 0.727477667236 0.992060755299 0.0814044169384 0.19175993195
889 0.723235577878 0.994153638455 0.0813890076514 0.19168139764
890 0.71912382057 0.972143274205 0.0814051261766 0.191421302707
891 0.716816826227 0.973246431016 0.081313163162 0.191528683933
892 0.705919895523 0.985645774 0.0811297354627 0.191627313306
893 0.692658694288 0.990561169213 0.0812028373116 0.191573840437
894 0.68103767414 0.993778893236 0.0812930306719 0.191570280322
895 0.687860274902 0.994220318086 0.0813428743405 0.191617545016
896 0.698875649935 0.995764515355 0.0812535034611 0.191723287756
897 0.718022262632 0.994496440279 0.0812716548615 0.191711473164
898 0.72094732089 0.995384186573 0.0811595846565 0.191720119831
899 0.681015213941 0.996356787301 0.0811074543955 0.191660565943
900 0.682983735008 0.994318398295 0.0811069290481 0.191650734968
901 0.670164547353 0.99473568414 0.0811359985818 0.191607794432
902 0.681870681346 0.994580886659 0.0812400452669 0.191515749285
903 0.706620267616 0.995931122904 0.0812841576349 0.191446795971
904 0.716882053009 0.997851222801 0.0812403802308 0.191518216911
905 0.72424961994 0.996675297445 0.0811167977075 0.191756313748
906 0.728999732422 0.997552042361 0.0811672586698 0.191694264328
907 0.731354639776 0.997677609394 0.0812245445696 0.19158893124
908 0.735259084476 0.99882134043 0.0811541673795 0.19156380775
909 0.741247740823 0.998056501294 0.0811839105775 0.19149277182
910 0.741267156335 0.998214893735 0.0812559622008 0.191572003765
911 0.734713825938 0.997839912191 0.0813899129549 0.191466834143
912 0.721322657035 0.996169090907 0.0812667556714 0.191547249318
913 0.72017826535 0.994136752575 0.0812440397865 0.191669510379
914 0.713629883137 0.997142736108 0.0812564091478 0.191626406236
915 0.723182361749 0.996582484217 0.0812232995424 0.191678847348
916 0.709683031387 0.994603765837 0.0813629146612 0.191788458697
917 0.727862908035 0.994630776369 0.0811310290275 0.191640973976
918 0.726282835592 0.993990989977 0.0812370157215 0.191702011772
919 0.733118908952 0.992319331187 0.0812310498246 0.191796839351
920 0.736630112686 0.993849393405 0.0812806329722 0.191750537298
921 0.741376738616 0.99454854738 0.0812888407469 0.191681177829
922 0.749884631066 0.995643325215 0.0813049690049 0.191594405483
923 0.765257570036 0.993839956904 0.0812929769087 0.191682514611
924 0.763317776335 0.996403996917 0.0814043780394 0.191708459844
925 0.775213129501 0.996586577063 0.0815270064351 0.191752637423
926 0.779854714983 0.996060399175 0.0813621224629 0.191797460932
927 0.791885215345 0.996106054697 0.0812272757394 0.191784616368
928 0.79305061386 0.995862407005 0.0811247565547 0.19192557019
929 0.797982309689 0.996207386418 0.0812241528261 0.191728652719
930 0.807859578456 0.996910494174 0.0814154531108 0.191572638612
931 0.825983290699 0.996041653572 0.081429604344 0.191634801271
932 0.827416468386 0.997634300461 0.0812603152645 0.191506640799
933 0.820620125605 0.9968356967 0.0812498898971 0.191591642419
934 0.834483029189 0.997005563654 0.0813933999432 0.191687452625
935 0.841778237603 0.998455294074 0.0812408966811 0.191926796791
936 0.844371315525 0.998127835555 0.0811513462878 0.191949708966
937 0.842416552475 0.997946583402 0.0812051868967 0.191589693216
938 0.845084087811 0.997997468934 0.081248874155 0.191538593317
939 0.833646034386 0.99685834174 0.0812362147505 0.191722917194
940 0.814461827613 0.996003902799 0.0813460661246 0.191730975
941 0.814646227864 0.993894019127 0.0813280917635 0.191626721215
942 0.817195668263 0.99596957933 0.081320291072 0.19155060944
943 0.807964513242 0.994442601102 0.0812864200065 0.191535535726
944 0.79502165011 0.996909463422 0.0812417741481 0.191592052823
945 0.786455672857 0.997244611988 0.0811423347374 0.191531982032
946 0.794548833079 0.997146616906 0.0813655896197 0.191614497877
947 0.797297223676 0.994083184661 0.0814386877281 0.191703637552
948 0.798674812513 0.997034595698 0.081333160839 0.191563194962
949 0.808794286367 0.995826859536 0.081191904401 0.191537161965
950 0.815593237658 0.996173168387 0.0812461713323 0.191656557657
951 0.822738284873 0.992921382293 0.0813133863877 0.191522311932
952 0.838567990719 0.992343768074 0.0811324728828 0.191635341591
953 0.841558313314 0.988513530427 0.0811951810167 0.191595314983
954 0.843840495779 0.990520676415 0.081361383468 0.191668113467
955 0.844302842158 0.99326283941 0.0813175822227 0.191722230846
956 0.861146103289 0.994191286364 0.0813721586612 0.191701599056
957 0.8531108927 0.99179641581 0.081253059593 0.191641201398
958 0.857768761219 0.992826947506 0.081265171535 0.191763055396
959 0.862504446974 0.994237615802 0.081176832429 0.1917324254
960 0.853271581352 0.997110596396 0.0812125041965 0.191580627413
961 0.846104861973 0.995914581321 0.0812642448262 0.191681818368
962 0.832749761488 0.991457209819 0.0812840788527 0.191568855694
963 0.840900562833 0.994324171275 0.0811048570099 0.191414536002
964 0.848094096012 0.971748070253 0.0811962307178 0.191560995906
965 0.839959671566 0.976002399432 0.0812532158569 0.191610352312
966 0.858375257 0.848511617892 0.0812907537393 0.192072276043
967 0.859321069709 0.908496147375 0.0812805903639 0.192226711701
968 0.869097840836 0.751621090503 0.0810470659507 0.192414592725
969 0.869864349399 0.723799992796 0.0812953285654 0.192185638336
970 0.883947915492 0.712701921914 0.0810636454035 0.191942504877
971 0.89338869039 0.696309539916 0.0812372228154 0.192053427617
972 0.879107865854 0.730641338687 0.081166720615 0.191581512525
973 0.869505706804 0.718015947632 0.0813466886436 0.191790256964
974 0.881626795088 0.698213714794 0.0812637362305 0.19172709775
975 0.89243423054 0.695436229534 0.0812659963055 0.191748432768
976 0.922541146969 0.678300976391 0.0812575944931 0.191715811568
977 0.887906141164 0.687125502713 0.0811835443933 0.191711761827
978 0.891561798244 0.682055142385 0.081105552074 0.191766609351
979 0.909468154291 0.68436198584 0.0812722216805 0.192028793631
980 0.929347025814 0.700254534155 0.0812755094838 0.191832899605
981 0.947865784587 0.702308794395 0.081201304398 0.191712859738
982 0.967636241145 0.684017225305 0.0813041909481 0.191873331928
983 0.978800355125 0.685558753165 0.081303993746 0.191698087024
984 0.987226646771 0.700201054314 0.0812766193432 0.191627401429
985 0.991490436429 0.67487543131 0.0812763259779 0.191810461151
986 0.991342064353 0.686479659299 0.0812776584541 0.191821525547
987 0.990823254267 0.685554000753 0.0812022616429 0.191723227691
988 0.993321841592 0.755655481057 0.0811736646902 0.192156217989
989 0.995866102705 0.769034951507 0.0812713973393 0.191842803868
990 0.996478772388 0.736866516374 0.0814356998775 0.191606574955
991 0.997386148366 0.73559046029 0.0814737228405 0.19174292323
992 0.995946270869 0.71990659589 0.0813276502783 0.19158908423
993 0.995851405684 0.736653339 0.0812648301956 0.191630436755
994 0.994394941234 0.723812562404 0.0811590569118 0.191460901385
995 0.995313653328 0.725013681809 0.0812223188315 0.191489115042
996 0.99525026795 0.744977382572 0.081256371334 0.191573853995
997 0.994210509127 0.720338142526 0.081203503313 0.191541147846
998 0.994130905398 0.713823514906 0.0812489922209 0.191494975425
999 0.994171793275 0.695065391378 0.0812359068746 0.19177795984
1000 0.992389242272 0.680594243996 0.081304491305 0.19157778043
1001 0.989215701256 0.675768693477 0.0813528143194 0.191628282732
1002 0.989337570422 0.650692299734 0.0812954254972 0.191612325972
1003 0.992262815418 0.626048037063 0.0811332697026 0.191615548727
1004 0.991853649603 0.617266250984 0.0812425633013 0.19181227917
1005 0.991226452904 0.604377482996 0.0811641532852 0.191792055551
1006 0.993558416688 0.578196970607 0.081121466075 0.19175064067
1007 0.99343407121 0.576580633093 0.0812425897446 0.19172285937
1008 0.993522759505 0.585846443792 0.08125283996 0.191770855015
1009 0.992146984589 0.557339643866 0.081250403964 0.191811858299
1010 0.99734116978 0.536984656066 0.081291236666 0.191605299563
1011 0.997114150979 0.508653613429 0.0812347401079 0.191728152394
1012 0.996129134553 0.511732689942 0.0812035024819 0.191737805399
1013 0.996565415594 0.513534089761 0.0812199902392 0.191794741898
1014 0.994262889875 0.507389257154 0.0812690696956 0.191733669069
1015 0.991509575682 0.524684241494 0.0813224927129 0.191703692653
1016 0.987907050867 0.51803139231 0.0813971613064 0.191562446927
1017 0.977376474912 0.527449990031 0.0812841968847 0.191771632474
1018 0.929727049293 0.519799528014 0.0813214712624 0.191959327379
1019 0.873936258015 0.490119900621 0.0813912822385 0.191766389577
1020 0.863374122607 0.502367332336 0.0813824418016 0.191636370453
1021 0.854496136297 0.494430336472 0.0813761727942 0.191637235359
1022 0.851299809131 0.48357739876 0.0814252001849 0.191831229401
1023 0.834763409823 0.489384816242 0.0812013672587 0.191750557147
1024 0.814332857572 0.478607437377 0.0812666714847 0.191834469709
1025 0.811793825965 0.47043497363 0.0811283898926 0.191882897695
1026 0.827041279032 0.487064749204 0.0811148565073 0.191841135761
1027 0.827193547058 0.473536410343 0.0814593973666 0.19155949182
1028 0.817221990141 0.471573174354 0.0814715993176 0.191449727894
1029 0.818697257578 0.483726999559 0.0813603153294 0.191491503204
1030 0.828527783068 0.470238498594 0.0815589963306 0.191602661981
1031 0.813627629555 0.465957282426 0.0814093431903 0.191676679137
1032 0.822732549463 0.510822928025 0.0816068305412 0.19151540826
1033 0.826147345438 0.499296136798 0.081708235532 0.191382614787
1034 0.824939505355 0.49246590331 0.0815223023443 0.191570988703
1035 0.824085687947 0.498234663323 0.0813599359566 0.19163751563
1036 0.831167006812 0.506718641757 0.0813821710619 0.19160873231
1037 0.830554678045 0.510725164255 0.0813750521353 0.191733584952
1038 0.828605753032 0.545926316921 0.0814243901907 0.191588785769
1039 0.833089390859 0.553872363794 0.0814420232354 0.191367906084
1040 0.837195367759 0.556248033283 0.0814097546124 0.191472597452
1041 0.83338463012 0.574063599713 0.0813796460552 0.19135610004
1042 0.82842349836 0.564626285549 0.0814124062598 0.191456028777
1043 0.845695094709 0.579327354592 0.0813996267972 0.191584169491
1044 0.832515991003 0.577882412637 0.0814503987506 0.191683070207
1045 0.83679767063 0.552156311543 0.0812452102433 0.191572604439
1046 0.853866572288 0.544827752668 0.0810925295971 0.19175615464
1047 0.850707904481 0.537703903626 0.0812494719764 0.191829458602
1048 0.840394801513 0.546905767386 0.0813231633818 0.191960891143
1049 0.830623876568 0.557992523014 0.0813701414326 0.191853224027
1050 0.814432067679 0.552808422661 0.0813035994556 0.191752918681
1051 0.815776682839 0.564514384993 0.0813359756576 0.191554826203
1052 0.818749297266 0.562198727889 0.0812851915761 0.19163679705
1053 0.814969028337 0.55858837189 0.0813471425837 0.191251138752
1054 0.815109193219 0.56247930311 0.0813015001217 0.191577512721
1055 0.820783734805 0.547568530425 0.0812612809649 0.191441762501
1056 0.816446130304 0.541802750037 0.0811439663801 0.191537462203
1057 0.824787023216 0.531940014585 0.08110488225 0.191474180902
1058 0.827734052619 0.535197365338 0.0812301628944 0.191623948802
1059 0.823440962879 0.527017565402 0.0811878046632 0.191965486386
1060 0.820760508825 0.518501108766 0.0811959828531 0.191635380595
1061 0.824782014122 0.527969718839 0.0812073183528 0.19182763651
1062 0.82976774709 0.544748174051 0.0813080501693 0.191847118449
1063 0.820270826328 0.531722039626 0.081080110701 0.191552933697
1064 0.826971583567 0.542377626062 0.0812341108893 0.191610085773
1065 0.842307463787 0.544428571201 0.0812086652724 0.191948886758
1066 0.834482758652 0.528735593859 0.08113290198 0.191658481495
1067 0.837078267746 0.540707579655 0.081017609102 0.191362674023
1068 0.835658454178 0.553142357088 0.0810850894547 0.191461792189
1069 0.838560391155 0.547128418126 0.0812176742444 0.191281795095
1070 0.823925705091 0.530390127074 0.0812917624543 0.191485193878
1071 0.81787812056 0.524546431791 0.0811289521679 0.191566688852
1072 0.820734779742 0.525608027261 0.0810733611056 0.191650274834
1073 0.795752462073 0.507288747439 0.0812616242134 0.191683947379
1074 0.795876151558 0.503615849709 0.0810759637214 0.191174547434
1075 0.79587122603 0.516099017045 0.0810568204057 0.191438105433
1076 0.806011686978 0.533538956507 0.0809520348114 0.191516649622
1077 0.801935324843 0.530739005821 0.0810720890355 0.191511341683
1078 0.815642509582 0.526190329396 0.0813777021428 0.191589111853
1079 0.794301201153 0.521798827045 0.0814497940175 0.191407618732
1080 0.806666479846 0.546515500298 0.0809978642408 0.191300437686
1081 0.777897739659 0.547822899278 0.0810771352012 0.191390503359
1082 0.764477839296 0.547982267414 0.080996008168 0.191803425611
1083 0.766990951253 0.549294114643 0.0810770088026 0.191747550198
1084 0.758250961179 0.582849944306 0.080927729084 0.191847031298
1085 0.741266580963 0.57344950229 0.080873269273 0.19140968393
1086 0.733548366331 0.589320413767 0.0808714280155 0.191521430713
1087 0.730953371839 0.608684108998 0.0808963691135 0.191913877507
1088 0.731359009293 0.626522581355 0.0809978060657 0.191525442662
1089 0.731600749861 0.625593316163 0.0808220921956 0.191006635551
1090 0.722923338837 0.61678931578 0.0811739587417 0.191161820556
1091 0.725708109383 0.613398805662 0.081245285976 0.191652709962
1092 0.723151011349 0.612769062563 0.0810316366452 0.192121051241
1093 0.734415589929 0.631761129131 0.0811598262787 0.191801478175
1094 0.732031460929 0.621170624414 0.0811526035758 0.191868927235
1095 0.707110892293 0.603358487437 0.0809207277024 0.192162737308
1096 0.685724746718 0.58826427306 0.0811027321508 0.192008369606
1097 0.695063492794 0.582607967204 0.0811415734459 0.19253888447
1098 0.710227131805 0.57485881194 0.0811758741398 0.192145805388
1099 0.730320003474 0.580868372164 0.0813379686375 0.191248386926
1100 0.733065300121 0.576399637204 0.0813895572239 0.191118834901
1101 0.736775248073 0.566052831662 0.0813701223404 0.19191901091
1102 0.73378562734 0.566268949009 0.0815447189187 0.191563875154
1103 0.726680612443 0.539719095946 0.0812431047202 0.191486582683
1104 0.762133644052 0.549488201847 0.0812237522601 0.191515550022
1105 0.777748403023 0.552810006692 0.0809372440297 0.192460669513
1106 0.788085094861 0.563420827086 0.0811885664547 0.192576615268
1107 0.786064170112 0.555752103703 0.081220738164 0.192234454519
1108 0.783443623502 0.560244162008 0.081214910978 0.191734051407
1109 0.777576579833 0.555214888336 0.0812057518361 0.191198043545
1110 0.771185672507 0.565637354163 0.0810999784498 0.191271794255
1111 0.792521820864 0.587810453598 0.0811433712215 0.190737647959
1112 0.809912308726 0.599246822939 0.0812668691037 0.191038135065
1113 0.776179273106 0.578883368075 0.0816806153055 0.191562979632
1114 0.756797033699 0.580677959719 0.0813292694484 0.191802753421
1115 0.741652443361 0.57270230313 0.0811280441972 0.191802828232
1116 0.731462865533 0.559791987017 0.0810412955001 0.191348767289
1117 0.739614048369 0.580520468334 0.0815631230878 0.191445802326
1118 0.743192109812 0.592483918402 0.0818868361196 0.191459607164
1119 0.739989074664 0.587463737244 0.0815902360761 0.191924643148
1120 0.747033843316 0.59613057556 0.0813830273547 0.192115093725
1121 0.750649023541 0.595825864251 0.0813749589865 0.192080954
1122 0.758157302328 0.601109539924 0.0807992186616 0.192029227034
1123 0.750754748193 0.607467900109 0.0806534153238 0.191851238688
1124 0.756509532116 0.607380572752 0.0805789080096 0.191389701726
1125 0.764987657892 0.616870165313 0.0811795649671 0.191656845982
1126 0.75845486218 0.618010987901 0.0807516049615 0.191813785171
1127 0.75614471346 0.612084334214 0.0810426929462 0.192097275226
1128 0.749879277795 0.610553407648 0.0808834103239 0.191373315764
1129 0.744522932047 0.591497590734 0.0808464001283 0.191480771831
1130 0.742990637395 0.582281579376 0.081010201379 0.191566125401
1131 0.725933169928 0.552162763232 0.0811592888092 0.191276054057
1132 0.730444037692 0.549346282935 0.0816124930677 0.191742528874
1133 0.732505320334 0.529484441372 0.0814563640585 0.191840113836
1134 0.735599397022 0.516326588221 0.0811546708314 0.192204314164
1135 0.741686010637 0.504524311739 0.0816389061823 0.192119585056
1136 0.747984632903 0.492513360599 0.0814465246541 0.192428731094
1137 0.750544467852 0.489001655731 0.0813505973896 0.192115375971
1138 0.758562992027 0.494027024242 0.0811362099714 0.191760049041
1139 0.76889108921 0.495761206298 0.0816999306481 0.191426679014
1140 0.772623836766 0.496558203022 0.0813561085547 0.191953318059
1141 0.763613968123 0.480533377921 0.0819225598355 0.192042497659
1142 0.778582579528 0.467841079954 0.0814828689212 0.192905184628
1143 0.780137201936 0.46259218519 0.0812003400146 0.192063564381
1144 0.773793977421 0.45360333457 0.0812180308828 0.19187130315
1145 0.782961593001 0.458948256064 0.0810134591065 0.191736723313
1146 0.784149918318 0.462748114746 0.0808487719743 0.191722790213
1147 0.79135465079 0.459532750032 0.0809919629039 0.191371157252
1148 0.805660415328 0.456446599751 0.0813444676006 0.191545666962
1149 0.82338225976 0.460455919599 0.0813728579353 0.191691507283
1150 0.84323253699 0.465192094547 0.0812823531559 0.191406009162
1151 0.842129944145 0.465827157134 0.0813431395991 0.191455351757
1152 0.841052905785 0.470502832878 0.0813144790849 0.191936425223
1153 0.852557607278 0.481234464927 0.0810707675648 0.191972479312
1154 0.858728530181 0.440252855488 0.0818126617388 0.192209861825
1155 0.875921302765 0.410750590627 0.0809313652784 0.191289143918
1156 0.895458207501 0.397302071293 0.0809149746378 0.191204988966
1157 0.877894070434 0.367061613539 0.0804752918159 0.192433538046
1158 0.870088537874 0.353248241483 0.0807050250516 0.192165260491
1159 0.863156372103 0.338900144122 0.0806574939293 0.192095913294
1160 0.851148718046 0.324807254012 0.0813026792498 0.191463985352
1161 0.823867828358 0.304156910321 0.0814253291846 0.191594804187
1162 0.809317732739 0.276181070198 0.0814736974421 0.191474259026
1163 0.793815669046 0.248639151656 0.0815541786447 0.191670082245
1164 0.789764239413 0.239265675782 0.0816230548752 0.191317851664
1165 0.77780503031 0.232882838933 0.0818912735099 0.191467846576
1166 0.765139372758 0.226791332568 0.0814002556638 0.19132226243
1167 0.762744716844 0.232905687035 0.0813494112314 0.191782463346
1168 0.734312705228 0.240935634102 0.0812495220597 0.191684584242
1169 0.726424995977 0.241100443148 0.0809641091126 0.191789393604
1170 0.714634153237 0.239568780625 0.081049417169 0.191786852231
1171 0.713001943666 0.251223615503 0.0814412557192 0.191412231484
1172 0.704950139321 0.258652267275 0.0818448325594 0.191794814955
1173 0.699037180229 0.254771838719 0.0813765408825 0.191675372048
1174 0.698510011165 0.270841969538 0.0813994473238 0.191536728568
1175 0.695744941754 0.268057274527 0.08120237991 0.19176162457
1176 0.682362300067 0.262693655748 0.0811991022058 0.192281370903
1177 0.686989244153 0.250042105332 0.0815811037341 0.192248891705
1178 0.681251280211 0.26435407766 0.0807787214112 0.192208631938
1179 0.668970327109 0.264232996741 0.0806821471309 0.190805881888
1180 0.666774117524 0.250789262001 0.0804088126317 0.191048548591
1181 0.637540320875 0.259316157451 0.0808411036683 0.191783124536
1182 0.633961770897 0.263525093397 0.0811768711073 0.192058758906
1183 0.639939698564 0.273363259445 0.0814332593109 0.191591196809
1184 0.629374023048 0.264378803048 0.081493616895 0.191661092148
1185 0.62887529878 0.255432086826 0.0813626290806 0.191806103521
1186 0.630406238897 0.252421596443 0.0812515682241 0.191674946306
1187 0.632173970117 0.266214011561 0.0811313150995 0.191714546418
1188 0.643920595381 0.295644730821 0.0809308214461 0.191523904261
1189 0.641447441673 0.308881766041 0.0809146878197 0.191695205405
1190 0.646342580185 0.320533642127 0.0813848208721 0.192378053956
1191 0.646647787244 0.325165299304 0.0811823277721 0.192104037234
1192 0.648766839555 0.327086655098 0.081350522659 0.192041299733
1193 0.661716724703 0.340455050377 0.0813665900661 0.191856979425
1194 0.665620699299 0.337325909425 0.0812604238375 0.191179240696
1195 0.665020824865 0.327914094958 0.0814124049194 0.190795946298
1196 0.666435421358 0.312772806501 0.0811419046767 0.19160302531
1197 0.675178089181 0.315892518933 0.0815914424045 0.191022179155
1198 0.687624007523 0.316494730838 0.0815174955781 0.191496717901
1199 0.687459174774 0.3070394559 0.0813890158364 0.191585812251
1200 0.680269442588 0.29514122123 0.0804294357033 0.191852909522
1201 0.678864057883 0.288872061885 0.0808955188989 0.1915349083
1202 0.691379791233 0.289325324541 0.0812235503216 0.192514862335
1203 0.701059512731 0.293667863725 0.0811265095764 0.192051949056
1204 0.730725326081 0.294683049749 0.0812934072517 0.191688911797
1205 0.731698144329 0.294186303345 0.0813878783554 0.191801794311
1206 0.736776446796 0.297413363035 0.0810514073548 0.191585588196
1207 0.725058152603 0.285710621392 0.0804371387645 0.19276345906
1208 0.727110704533 0.278010808144 0.0809414742539 0.192165659271
1209 0.724065232197 0.271526955388 0.0811936792495 0.192041444422
1210 0.724373485886 0.273971565759 0.0808793052247 0.192378730793
1211 0.724115430228 0.27992440645 0.0809836908966 0.192124157175
1212 0.732094142949 0.293277972206 0.081256614604 0.191693125523
1213 0.693345480886 0.289916845183 0.0809679314835 0.191485288666
1214 0.690432387942 0.308362887983 0.081223289356 0.191805876477
1215 0.664588724265 0.313368435844 0.0812769470646 0.191942658549
1216 0.643610052916 0.323250930685 0.0814605400315 0.191660857771
1217 0.608647353942 0.311784183351 0.0811626761109 0.192320664551
1218 0.589498555892 0.299386170459 0.080985641103 0.192047182084
1219 0.568041255518 0.30445913162 0.0812900662147 0.192084051343
1220 0.560319742652 0.326186414811 0.0811805976149 0.192135031028
1221 0.529151163088 0.327501107381 0.0808083255192 0.192567533914
1222 0.545776082757 0.343619558915 0.0808672808996 0.192931065701
1223 0.562757696478 0.356773339601 0.0806524749659 0.192629872776
1224 0.543184931376 0.346661251547 0.0810025684129 0.191821935894
1225 0.550175120957 0.346916905306 0.081400600138 0.192116549897
1226 0.539567811856 0.334344757222 0.0817552246904 0.191291498039
1227 0.542103882793 0.332366727648 0.081472424437 0.191543598367
1228 0.542160454949 0.337966794695 0.08111400247 0.191273345307
1229 0.52402082477 0.341431297732 0.0814427158201 0.191457158795
1230 0.493990280603 0.338908063397 0.0814064823683 0.191188936457
1231 0.514268581768 0.349439476741 0.0812051366241 0.191042978602
1232 0.527158432002 0.368637399461 0.0810371506343 0.190881400197
1233 0.521865059875 0.372554289635 0.0813507654366 0.191236127402
1234 0.509627645022 0.380160077573 0.0812565058401 0.19138993893
1235 0.473335898171 0.371107051292 0.081519470613 0.191633992315
1236 0.490505687133 0.371143039446 0.0812809650385 0.191215336724
1237 0.510548750589 0.374475617615 0.0814268583697 0.19129905532
1238 0.491018901319 0.369639190731 0.0815239205846 0.19108338473
1239 0.48277113455 0.376373739614 0.0818273642039 0.191192225785
1240 0.479871519023 0.376518448357 0.0815746782183 0.191426660708
1241 0.484885496743 0.380459381434 0.081509944834 0.191621816595
1242 0.471234754864 0.386040154514 0.0814360906404 0.191771916848
1243 0.488114435078 0.388743133608 0.0815557143249 0.191902089124
1244 0.468696004585 0.375692843624 0.0817752050552 0.191434144337
1245 0.431377156205 0.358766648935 0.0815399171839 0.191310321209
1246 0.438765377997 0.355668522274 0.0810847570574 0.191610611549
1247 0.428880182518 0.349494574841 0.08146633218 0.192301262092
1248 0.423904234033 0.342609463781 0.0811232169443 0.192822318603
1249 0.428534960975 0.335749437784 0.0812293353825 0.192285562137
1250 0.454810465951 0.332096758856 0.0813714988566 0.191523190969
1251 0.458362046474 0.326179881952 0.081320393198 0.191991250927
1252 0.456122676786 0.314337114708 0.0809059847469 0.19219001179
1253 0.465905557074 0.314619126315 0.08128361661 0.191967205102
1254 0.454422682109 0.315835291563 0.0813501564816 0.190974938778
1255 0.471609228251 0.310799546876 0.0815233181853 0.191361903588
1256 0.440740284766 0.307594219922 0.0814165993695 0.19133237769
1257 0.443364206264 0.300354157293 0.081411193897 0.191087413265
1258 0.462665675988 0.302155135707 0.0817108834523 0.191959936126
1259 0.469555469221 0.321829992691 0.081581343421 0.191421731609
1260 0.455330331765 0.314462268393 0.0815005621314 0.191326043578
1261 0.466289948793 0.326518917417 0.0816520634201 0.191265660546
1262 0.464270439335 0.3350505419 0.0814082459177 0.191529135643
1263 0.466024762254 0.340299422036 0.0812794601881 0.191766489721
1264 0.461610540239 0.346195410376 0.0812656048691 0.19106567046
1265 0.475392938862 0.348344858793 0.081281920375 0.191534538216
1266 0.458962660421 0.349392560335 0.0808585278954 0.191931244016
1267 0.447569179795 0.349995126762 0.0811270664811 0.191599580215
1268 0.453363080366 0.359226029118 0.0813911289992 0.191867331444
1269 0.444363464713 0.353917640025 0.081764065678 0.192313483867
1270 0.434545606698 0.36814550375 0.0819237674464 0.192175921452
1271 0.44492146581 0.373734606837 0.0814009065396 0.191940642212
1272 0.437086600384 0.368882441311 0.0820991081015 0.191215000232
1273 0.444450235115 0.368998976559 0.081214398547 0.191101115531
1274 0.442863265551 0.370918746475 0.0810043912168 0.19201456177
1275 0.448757786842 0.357487430898 0.0814065928085 0.191581906981
1276 0.467857680487 0.360819369925 0.081241173809 0.191431489942
1277 0.469041137998 0.353183714377 0.0816856620854 0.191767569489
1278 0.464191318192 0.336739088834 0.0812851260186 0.191319354363
1279 0.462369607214 0.316456367624 0.0811952505223 0.191712659699
1280 0.469310008681 0.31048112928 0.0808407933308 0.191841053477
1281 0.458407500955 0.293739138052 0.080977909683 0.191981340024
1282 0.459368915153 0.291583780781 0.0806875799786 0.192786333889
1283 0.4538695008 0.289673521348 0.0807675356718 0.192089980546
1284 0.459564405622 0.273986398198 0.0814002727055 0.191417703111
1285 0.463370828322 0.277941981564 0.0814222071882 0.191922391015
1286 0.463003547307 0.278826477964 0.0812432305552 0.1912496536
1287 0.465969280902 0.277008752312 0.0806877443649 0.191035109059
1288 0.460744059837 0.278148104515 0.0809316062374 0.191801410785
1289 0.450745466238 0.282227512104 0.0810873406856 0.1922971736
1290 0.451023427329 0.29510323886 0.0812246348855 0.19176478632
1291 0.457622920688 0.30057782786 0.0813629965914 0.192857048529
1292 0.45725052608 0.314025141344 0.0817688556546 0.193061805976
1293 0.460646789375 0.320401314636 0.081703710072 0.193168248721
1294 0.448447743542 0.326180469379 0.0814848307666 0.191996886734
1295 0.446759358494 0.335290957983 0.0806011147999 0.191899304298
1296 0.441580085979 0.352719699336 0.08069063955 0.192347617715
1297 0.441784974067 0.345594573974 0.0811985352397 0.191774594702
1298 0.444081054515 0.352847323735 0.0813694646752 0.191906797288
1299 0.451320057085 0.355137363612 0.0817808100452 0.192460527513
1300 0.447775597836 0.358853656807 0.0814914410945 0.19223980026
1301 0.445710815502 0.365738387788 0.0811345866846 0.192013766161
1302 0.448612042555 0.36373869201 0.0811723628799 0.192240296754
1303 0.450129493925 0.368019000825 0.0809698619477 0.191938891425
1304 0.450090495213 0.361681124708 0.080970083497 0.192372033039
1305 0.446186754776 0.357965777159 0.0811869922091 0.192135308843
1306 0.448043486193 0.360607832379 0.0812645804314 0.192224978388
1307 0.447825310179 0.364736999292 0.0808729448404 0.192301178461
