./../data/Vid_C_juice.avi.avi
0 0.410029 0.208388 0.114061 0.373526
1 0.409096043094 0.321639628016 0.114061 0.373526
2 0.405993771646 0.323427177049 0.114061 0.373526
3 0.404329518927 0.309597373149 0.114061 0.373526
4 0.412709471665 0.318922917308 0.114061 0.373526
5 0.424263396327 0.308545911758 0.114061 0.373526
6 0.416160026055 0.32270136954 0.114061 0.373526
7 0.413158755214 0.336621659715 0.114061 0.373526
8 0.411481728984 0.33934447261 0.114061 0.373526
9 0.409419296666 0.339202650585 0.114061 0.373526
10 0.408681729358 0.346657688493 0.114061 0.373526
11 0.405233104534 0.360362941226 0.114061 0.373526
12 0.408425382031 0.370833333333 0.114061 0.373526
13 0.409362604362 0.380212465213 0.114061 0.373526
14 0.40877912807 0.381870722314 0.114061 0.373526
15 0.425 0.4125 0.114061 0.373526
16 0.434375 0.433333333333 0.114061 0.373526
17 0.44375 0.45 0.114061 0.373526
18 0.4625 0.470833333333 0.114061 0.373526
19 0.48125 0.487916176002 0.114061 0.373526
20 0.505610973118 0.496259351255 0.114061 0.373526
21 0.525 0.508333333333 0.114061 0.373526
22 0.546255674716 0.529166666667 0.114061 0.373526
23 0.562190285123 0.533333333333 0.114061 0.373526
24 0.588698016998 0.542951322002 0.114061 0.373526
25 0.616831416991 0.54456811387 0.114061 0.373526
26 0.639305638632 0.547911128857 0.114061 0.373526
27 0.661551132918 0.553316012066 0.114061 0.373526
28 0.677482043871 0.559565674086 0.114061 0.373526
29 0.693167319111 0.564120514159 0.114061 0.373526
30 0.7 0.565109080587 0.114061 0.373526
31 0.70625 0.56299344833 0.114061 0.373526
32 0.70625 0.55661437729 0.114061 0.373526
33 0.690625 0.55 0.114061 0.373526
34 0.672534880589 0.550338493522 0.114061 0.373526
35 0.662660453285 0.523507246032 0.114061 0.373526
36 0.633732556365 0.535739753018 0.114061 0.373526
37 0.599248403795 0.542309312744 0.114061 0.373526
38 0.570575757613 0.544689681595 0.114061 0.373526
39 0.547635577076 0.548640433811 0.114061 0.373526
40 0.524700514597 0.514155576591 0.114061 0.373526
41 0.47752113676 0.559640576999 0.114061 0.373526
42 0.444348668877 0.566491125845 0.114061 0.373526
43 0.421262050683 0.564551257557 0.114061 0.373526
44 0.399240685022 0.555976862399 0.114061 0.373526
45 0.37605479613 0.54770299276 0.114061 0.373526
46 0.344690374556 0.566980705216 0.114061 0.373526
47 0.321357521499 0.577762625995 0.114061 0.373526
48 0.300007106402 0.583333333333 0.114061 0.373526
49 0.286363051003 0.588871558728 0.114061 0.373526
50 0.270519471989 0.589792689925 0.114061 0.373526
51 0.253967992245 0.587761218461 0.114061 0.373526
52 0.249659895451 0.570223573607 0.114061 0.373526
53 0.247592967191 0.556408755498 0.114061 0.373526
54 0.243284472592 0.536243410838 0.114061 0.373526
55 0.230596700173 0.486065110996 0.114061 0.373526
56 0.246193088793 0.457630101891 0.114061 0.373526
57 0.260939027784 0.454166666667 0.114061 0.373526
58 0.275985016725 0.418296827254 0.114061 0.373526
59 0.280011137289 0.397198422672 0.114061 0.373526
60 0.291610230462 0.371512999373 0.114061 0.373526
61 0.307796555307 0.344376391761 0.114061 0.373526
62 0.324693512398 0.327025143694 0.114061 0.373526
63 0.342833325521 0.318296722852 0.114061 0.373526
64 0.371221357422 0.310031490669 0.114061 0.373526
65 0.39472371117 0.292875468165 0.114061 0.373526
66 0.421565287019 0.279579617308 0.114061 0.373526
67 0.443128417841 0.295833333333 0.114061 0.373526
68 0.474689055652 0.299575808987 0.114061 0.373526
69 0.5 0.304166666667 0.114061 0.373526
70 0.521875 0.316666666667 0.114061 0.373526
71 0.543740624398 0.327092411748 0.114061 0.373526
72 0.569074322369 0.334578078947 0.114061 0.373526
73 0.596214973186 0.335015567473 0.114061 0.373526
74 0.621256505524 0.345833333333 0.114061 0.373526
75 0.64593041134 0.350424999942 0.114061 0.373526
76 0.668082330802 0.35 0.114061 0.373526
77 0.68125 0.354166666667 0.114061 0.373526
78 0.690625 0.358333333333 0.114061 0.373526
79 0.694362946987 0.354166666667 0.114061 0.373526
80 0.6875 0.354166666667 0.114061 0.373526
81 0.672514706248 0.348703672648 0.114061 0.373526
82 0.650311707181 0.341666666667 0.114061 0.373526
83 0.6227971717 0.329166666667 0.114061 0.373526
84 0.595851864955 0.312096452679 0.114061 0.373526
85 0.559375 0.301695351681 0.114061 0.373526
86 0.533151324593 0.291666666667 0.114061 0.373526
87 0.495663286175 0.285074538072 0.114061 0.373526
88 0.468477422152 0.279166666667 0.114061 0.373526
89 0.437568982592 0.277129321728 0.114061 0.373526
90 0.407347009105 0.27755472645 0.114061 0.373526
91 0.377676538974 0.279577387801 0.114061 0.373526
92 0.354987556051 0.257472067648 0.114061 0.373526
93 0.324132191177 0.293754061988 0.114061 0.373526
94 0.294457781766 0.310857453789 0.114061 0.373526
95 0.270053361567 0.308298243355 0.114061 0.373526
96 0.257512606515 0.313131084778 0.114061 0.373526
97 0.249154867132 0.315549355802 0.114061 0.373526
98 0.229504749459 0.331950019359 0.114061 0.373526
99 0.233017606424 0.370668795512 0.114061 0.373526
100 0.246566337916 0.396244882778 0.114061 0.373526
101 0.2560618815 0.425250824667 0.114061 0.373526
102 0.264426938472 0.442871001302 0.114061 0.373526
103 0.28196755121 0.461228613067 0.114061 0.373526
104 0.29834551391 0.464919829169 0.114061 0.373526
105 0.303223828306 0.49416016935 0.114061 0.373526
106 0.307071327346 0.532168311512 0.114061 0.373526
107 0.313152084535 0.555724995195 0.114061 0.373526
108 0.318435925173 0.579166666667 0.114061 0.373526
109 0.333477720153 0.578651762472 0.114061 0.373526
110 0.339683436758 0.607501547902 0.114061 0.373526
111 0.358411672722 0.613784436371 0.114061 0.373526
112 0.374387107678 0.616666666667 0.114061 0.373526
113 0.395949179969 0.605401093374 0.114061 0.373526
114 0.418230568405 0.59556892594 0.114061 0.373526
115 0.438103723965 0.588350751923 0.114061 0.373526
116 0.455637701839 0.578336777418 0.114061 0.373526
117 0.476161296973 0.561825232881 0.114061 0.373526
118 0.503824948885 0.542850826663 0.114061 0.373526
119 0.524491042412 0.526580788491 0.114061 0.373526
120 0.546183429525 0.514463395003 0.114061 0.373526
121 0.563115602375 0.505018795249 0.114061 0.373526
122 0.574495794029 0.492002803981 0.114061 0.373526
123 0.59375 0.483333333333 0.114061 0.373526
124 0.614727700532 0.466666666667 0.114061 0.373526
125 0.63125 0.452840412932 0.114061 0.373526
126 0.646560722566 0.445833333333 0.114061 0.373526
127 0.664761183234 0.430318422355 0.114061 0.373526
128 0.674686005501 0.420833333333 0.114061 0.373526
129 0.6875 0.408333333333 0.114061 0.373526
130 0.695461350392 0.391269732289 0.114061 0.373526
131 0.699257574134 0.382205390812 0.114061 0.373526
132 0.702173809538 0.344362617151 0.114061 0.373526
133 0.721247097994 0.261955704843 0.114061 0.373526
134 0.682216803879 0.319383211725 0.114061 0.373526
135 0.671229978225 0.297778911713 0.114061 0.373526
136 0.636600829262 0.317395243573 0.114061 0.373526
137 0.607031097115 0.311581584753 0.114061 0.373526
138 0.581374586966 0.307360425863 0.114061 0.373526
139 0.55501499668 0.294546409859 0.114061 0.373526
140 0.519695604461 0.291012954502 0.114061 0.373526
141 0.492619077012 0.285935026717 0.114061 0.373526
142 0.461781824357 0.28465933888 0.114061 0.373526
143 0.42976307221 0.275842833078 0.114061 0.373526
144 0.407185607705 0.265659598062 0.114061 0.373526
145 0.378360661798 0.265852286244 0.114061 0.373526
146 0.351872777569 0.26083835417 0.114061 0.373526
147 0.328018278631 0.257927468589 0.114061 0.373526
148 0.312744346022 0.249100779667 0.114061 0.373526
149 0.277523121036 0.24283677173 0.114061 0.373526
150 0.24099694081 0.199405428302 0.114061 0.373526
151 0.256334989246 0.236893501985 0.114061 0.373526
152 0.271875 0.266666666667 0.114061 0.373526
153 0.26914526025 0.275397083754 0.114061 0.373526
154 0.282161139659 0.28311573864 0.114061 0.373526
155 0.299364633142 0.290342623954 0.114061 0.373526
156 0.297129896938 0.276220960029 0.114061 0.373526
157 0.309533500313 0.288485092486 0.114061 0.373526
158 0.322951517624 0.316167921005 0.114061 0.373526
159 0.342323291898 0.333713788827 0.114061 0.373526
160 0.345739317986 0.35 0.114061 0.373526
161 0.352493426384 0.358333333333 0.114061 0.373526
162 0.3625 0.358333333333 0.114061 0.373526
163 0.365625 0.367083333333 0.114061 0.373526
164 0.37434504634 0.367539938214 0.114061 0.373526
165 0.379483484818 0.356750765154 0.114061 0.373526
166 0.382943058953 0.354034072116 0.114061 0.373526
167 0.38669627651 0.359853456215 0.114061 0.373526
168 0.399975105535 0.352542232362 0.114061 0.373526
169 0.42691119803 0.336875352175 0.114061 0.373526
170 0.444296753507 0.341761151995 0.114061 0.373526
171 0.466134680175 0.326228322167 0.114061 0.373526
172 0.481391188304 0.333681611928 0.114061 0.373526
173 0.487205023376 0.351742955087 0.114061 0.373526
174 0.497079524924 0.339634564001 0.114061 0.373526
175 0.503456474666 0.341224700446 0.114061 0.373526
176 0.525322194494 0.308710914576 0.114061 0.373526
177 0.534790976607 0.2900403308 0.114061 0.373526
178 0.547919276663 0.289721526132 0.114061 0.373526
179 0.549865941246 0.312139133746 0.114061 0.373526
180 0.553864784001 0.331340079004 0.114061 0.373526
181 0.571566019423 0.334997877124 0.114061 0.373526
182 0.589635524328 0.337986873457 0.114061 0.373526
183 0.609905533163 0.329208885151 0.114061 0.373526
184 0.614811932742 0.343093185478 0.114061 0.373526
185 0.629589897416 0.320074565956 0.114061 0.373526
186 0.648209615198 0.307703055658 0.114061 0.373526
187 0.644119117703 0.300953271869 0.114061 0.373526
188 0.645030514533 0.31079264729 0.114061 0.373526
189 0.648644520957 0.303406825598 0.114061 0.373526
190 0.652904238317 0.298808966887 0.114061 0.373526
191 0.673536209702 0.289077231439 0.114061 0.373526
192 0.679849629014 0.30288619622 0.114061 0.373526
193 0.680604990964 0.346554426081 0.114061 0.373526
194 0.674314798467 0.409502274592 0.114061 0.373526
195 0.674556973483 0.44304074682 0.114061 0.373526
196 0.690611590623 0.462199207446 0.114061 0.373526
197 0.688667689368 0.487915032745 0.114061 0.373526
198 0.685053175412 0.522776469611 0.114061 0.373526
199 0.679280876584 0.53735762378 0.114061 0.373526
200 0.662140797078 0.549066004223 0.114061 0.373526
201 0.652482283642 0.545648342257 0.114061 0.373526
202 0.634929352389 0.549754666535 0.114061 0.373526
203 0.627314508968 0.556361632711 0.114061 0.373526
204 0.598177096849 0.558727701056 0.114061 0.373526
205 0.567866518909 0.572254371451 0.114061 0.373526
206 0.535334662276 0.567496612358 0.114061 0.373526
207 0.509441684806 0.548922494209 0.114061 0.373526
208 0.471555746108 0.533296919082 0.114061 0.373526
209 0.444658326134 0.512648271433 0.114061 0.373526
210 0.39397860953 0.509823140124 0.114061 0.373526
211 0.352451789228 0.504390089078 0.114061 0.373526
212 0.332567428253 0.524390461869 0.114061 0.373526
213 0.305870170268 0.524127142626 0.114061 0.373526
214 0.265720142178 0.484797442536 0.114061 0.373526
215 0.236231573797 0.468850683653 0.114061 0.373526
216 0.215078478793 0.463344759809 0.114061 0.373526
217 0.197313451437 0.455997908147 0.114061 0.373526
218 0.190311654151 0.449467403139 0.114061 0.373526
219 0.168588845388 0.439058208444 0.114061 0.373526
220 0.168543530278 0.4253424341 0.114061 0.373526
221 0.184349367497 0.392621864319 0.114061 0.373526
222 0.17469004233 0.40165631597 0.114061 0.373526
223 0.221402308696 0.321583347784 0.114061 0.373526
224 0.233883238745 0.284533706889 0.114061 0.373526
225 0.245593814095 0.266414011516 0.114061 0.373526
226 0.253199552166 0.24863602991 0.114061 0.373526
227 0.280028805438 0.223929418656 0.114061 0.373526
228 0.310645896259 0.158413827844 0.114061 0.373526
229 0.301301619897 0.136906474366 0.114061 0.373526
230 0.324368802758 0.103305737917 0.114061 0.373526
231 0.338466011122 0.0842150762016 0.114061 0.373526
232 0.35625 0.0708333333333 0.114061 0.373526
233 0.371875 0.0724505059979 0.114061 0.373526
234 0.389672165529 0.0791635244897 0.114061 0.373526
235 0.4112071395 0.101721553793 0.114061 0.373526
236 0.427618940567 0.12665147863 0.114061 0.373526
237 0.436958229731 0.168766508119 0.114061 0.373526
238 0.471273746239 0.171635005014 0.114061 0.373526
239 0.491110295081 0.18553153701 0.114061 0.373526
240 0.500484144715 0.216843587158 0.114061 0.373526
241 0.529198353481 0.212671533163 0.114061 0.373526
242 0.556611925434 0.214877042472 0.114061 0.373526
243 0.586709560602 0.257929907424 0.114061 0.373526
244 0.607844862117 0.267071779693 0.114061 0.373526
245 0.624648354388 0.310519883885 0.114061 0.373526
246 0.654790298703 0.340354602569 0.114061 0.373526
247 0.676102773922 0.344577382718 0.114061 0.373526
248 0.713182021779 0.355795318814 0.114061 0.373526
249 0.730937838645 0.370833333333 0.114061 0.373526
250 0.740829560821 0.406365008186 0.114061 0.373526
251 0.755064302918 0.417777110538 0.114061 0.373526
252 0.76746363265 0.44604303133 0.114061 0.373526
253 0.78261757938 0.455049719725 0.114061 0.373526
254 0.784671018231 0.449430374977 0.114061 0.373526
255 0.780011985102 0.452438751301 0.114061 0.373526
256 0.76829658249 0.45261842923 0.114061 0.373526
257 0.750841984992 0.42352200991 0.114061 0.373526
258 0.727238238727 0.46906092661 0.114061 0.373526
259 0.695723163269 0.475685655903 0.114061 0.373526
260 0.667066959447 0.48195931318 0.114061 0.373526
261 0.623083909926 0.477174970836 0.114061 0.373526
262 0.611854496641 0.442677614698 0.114061 0.373526
263 0.56728970233 0.476445514948 0.114061 0.373526
264 0.544648431492 0.492127293251 0.114061 0.373526
265 0.512296955052 0.478981030581 0.114061 0.373526
266 0.488109627146 0.502065022949 0.114061 0.373526
267 0.469636182642 0.489194259262 0.114061 0.373526
268 0.440139539792 0.500991549096 0.114061 0.373526
269 0.390355675492 0.486389361618 0.114061 0.373526
270 0.352091480395 0.533769069162 0.114061 0.373526
271 0.337501010057 0.521732404515 0.114061 0.373526
272 0.320727712375 0.521763647491 0.114061 0.373526
273 0.302257744571 0.498907310833 0.114061 0.373526
274 0.285899799919 0.482303310922 0.114061 0.373526
275 0.272478364221 0.470833333333 0.114061 0.373526
276 0.251523566593 0.461257595634 0.114061 0.373526
277 0.242200743703 0.442432704641 0.114061 0.373526
278 0.233008837921 0.425910774719 0.114061 0.373526
279 0.219784785462 0.402275627151 0.114061 0.373526
280 0.20859678298 0.36003030484 0.114061 0.373526
281 0.198614089438 0.360936789517 0.114061 0.373526
282 0.197249262469 0.332008761742 0.114061 0.373526
283 0.184206029937 0.322752869962 0.114061 0.373526
284 0.173481072063 0.30400993893 0.114061 0.373526
285 0.168494360098 0.310796425273 0.114061 0.373526
286 0.159119426774 0.328556417488 0.114061 0.373526
287 0.176964047381 0.237931243694 0.114061 0.373526
288 0.179902901532 0.193906722238 0.114061 0.373526
289 0.182597528854 0.176970388132 0.114061 0.373526
290 0.186788009059 0.144863221827 0.114061 0.373526
291 0.188302000532 0.117780559922 0.114061 0.373526
292 0.181125822021 0.10507044821 0.114061 0.373526
293 0.173889396568 0.0736706239191 0.114061 0.373526
294 0.167732534882 0.110288838513 0.114061 0.373526
295 0.160576398237 0.152881754397 0.114061 0.373526
296 0.141882589957 0.192184712776 0.114061 0.373526
297 0.134021795772 0.208870491533 0.114061 0.373526
298 0.135706500328 0.235516678554 0.114061 0.373526
299 0.14587317823 0.234433986591 0.114061 0.373526
300 0.14504830656 0.246206471056 0.114061 0.373526
301 0.152687436315 0.251903439059 0.114061 0.373526
302 0.161592182968 0.239015113315 0.114061 0.373526
303 0.175135432284 0.255670168973 0.114061 0.373526
304 0.186974036093 0.268799474023 0.114061 0.373526
305 0.197013219227 0.302068145156 0.114061 0.373526
306 0.206359447069 0.330414744834 0.114061 0.373526
307 0.217264171481 0.324624107645 0.114061 0.373526
308 0.235298464906 0.36501804213 0.114061 0.373526
309 0.253280109766 0.404955387328 0.114061 0.373526
310 0.275520201217 0.433680639838 0.114061 0.373526
311 0.283780288693 0.44764495207 0.114061 0.373526
312 0.314259728241 0.432238281784 0.114061 0.373526
313 0.330970507002 0.444876522101 0.114061 0.373526
314 0.375120301229 0.427955514101 0.114061 0.373526
315 0.433827229428 0.462956343738 0.114061 0.373526
316 0.46875 0.466666666667 0.114061 0.373526
317 0.50039060701 0.446089261343 0.114061 0.373526
318 0.53125 0.429166666667 0.114061 0.373526
319 0.563783229369 0.403220781865 0.114061 0.373526
320 0.578466854203 0.3687417999 0.114061 0.373526
321 0.597493335455 0.314961768425 0.114061 0.373526
322 0.612623343073 0.3597348149 0.114061 0.373526
323 0.622308029223 0.340908096739 0.114061 0.373526
324 0.634605846146 0.267462918175 0.114061 0.373526
325 0.608970865037 0.3386828598 0.114061 0.373526
326 0.589912692159 0.326157967736 0.114061 0.373526
327 0.573750596818 0.32524699698 0.114061 0.373526
328 0.558063778172 0.339057100592 0.114061 0.373526
329 0.538660462053 0.334479024329 0.114061 0.373526
330 0.504104241323 0.304598931395 0.114061 0.373526
331 0.475914942153 0.309458099201 0.114061 0.373526
332 0.461315491225 0.264656106573 0.114061 0.373526
333 0.465282458198 0.252563037082 0.114061 0.373526
334 0.442286668424 0.269107801741 0.114061 0.373526
335 0.416133660356 0.26024589916 0.114061 0.373526
336 0.400484099249 0.286854534334 0.114061 0.373526
337 0.376224373288 0.314474852902 0.114061 0.373526
338 0.359375 0.350513774166 0.114061 0.373526
339 0.35 0.353898816572 0.114061 0.373526
340 0.338144712051 0.367818948081 0.114061 0.373526
341 0.329103444169 0.392925272593 0.114061 0.373526
342 0.331257537402 0.4 0.114061 0.373526
343 0.358452391831 0.402511176997 0.114061 0.373526
344 0.378040087185 0.413487938246 0.114061 0.373526
345 0.400276430334 0.418067294738 0.114061 0.373526
346 0.41774849656 0.430263997365 0.114061 0.373526
347 0.457720740883 0.380634560332 0.114061 0.373526
348 0.479420978781 0.411003138987 0.114061 0.373526
349 0.514247193392 0.424790435811 0.114061 0.373526
350 0.530612416417 0.440804575618 0.114061 0.373526
351 0.568249227775 0.421788016843 0.114061 0.373526
352 0.591508854302 0.423298339632 0.114061 0.373526
353 0.605871340579 0.430420531659 0.114061 0.373526
354 0.631539836661 0.426681106272 0.114061 0.373526
355 0.649746698996 0.419466457753 0.114061 0.373526
356 0.669695111944 0.4035361165 0.114061 0.373526
357 0.658730878776 0.458191603466 0.114061 0.373526
358 0.635987928978 0.495504928696 0.114061 0.373526
359 0.631075469851 0.5023709468 0.114061 0.373526
360 0.607673947022 0.525395298609 0.114061 0.373526
361 0.588684345726 0.532136718927 0.114061 0.373526
362 0.555629329638 0.549667924616 0.114061 0.373526
363 0.54442966168 0.552655310853 0.114061 0.373526
364 0.521021762069 0.548938836333 0.114061 0.373526
365 0.503708045498 0.530852529188 0.114061 0.373526
366 0.454898004732 0.55751767502 0.114061 0.373526
367 0.417920972137 0.527951532153 0.114061 0.373526
368 0.393983204563 0.498404406678 0.114061 0.373526
369 0.372826822213 0.515717903097 0.114061 0.373526
370 0.313480665419 0.585470444665 0.114061 0.373526
371 0.277723452457 0.505624939229 0.114061 0.373526
372 0.266919612019 0.492621970185 0.114061 0.373526
373 0.250604964581 0.461192119533 0.114061 0.373526
374 0.221742205468 0.43729139842 0.114061 0.373526
375 0.211679111239 0.364295201346 0.114061 0.373526
376 0.196520802447 0.332119658702 0.114061 0.373526
377 0.184297026303 0.320099723196 0.114061 0.373526
378 0.158248134174 0.325057547187 0.114061 0.373526
379 0.147000681337 0.371827643033 0.114061 0.373526
380 0.165055009933 0.303838800186 0.114061 0.373526
381 0.183060316311 0.28580367089 0.114061 0.373526
382 0.207467577814 0.262639324615 0.114061 0.373526
383 0.259233565987 0.171136190342 0.114061 0.373526
384 0.269696255613 0.163327548655 0.114061 0.373526
385 0.288015107486 0.145562109451 0.114061 0.373526
386 0.304475352053 0.123657984765 0.114061 0.373526
387 0.317857023172 0.127512979768 0.114061 0.373526
388 0.322764346503 0.125460297996 0.114061 0.373526
389 0.340625 0.131502373333 0.114061 0.373526
390 0.349833841587 0.138934909862 0.114061 0.373526
391 0.365006451712 0.171658064384 0.114061 0.373526
392 0.374209577215 0.192343705131 0.114061 0.373526
393 0.392516356756 0.197478190993 0.114061 0.373526
394 0.405906024593 0.2125 0.114061 0.373526
395 0.419975746019 0.229101579811 0.114061 0.373526
396 0.418015661811 0.260225334438 0.114061 0.373526
397 0.439900809438 0.255205314485 0.114061 0.373526
398 0.438895502253 0.264535176321 0.114061 0.373526
399 0.439656103564 0.278533530342 0.114061 0.373526
400 0.445261119375 0.306253645886 0.114061 0.373526
401 0.458537396699 0.291121678391 0.114061 0.373526
402 0.470491011198 0.294250668266 0.114061 0.373526
403 0.466304885481 0.278375799829 0.114061 0.373526
