./../data/Vid_I_person_crossing.avi.avi
0 0.337266 0.193971 0.174041 0.650066
1 0.346875 0.35 0.174041 0.650066
2 0.3446875 0.359444444444 0.174041 0.650066
3 0.346875 0.368888888889 0.174041 0.650066
4 0.35 0.384861111111 0.174041 0.650066
5 0.35 0.380416666667 0.174041 0.650066
6 0.346875 0.393333333333 0.174041 0.650066
7 0.346875 0.380694444444 0.174041 0.650066
8 0.346875 0.394861111111 0.174041 0.650066
9 0.346875 0.39125 0.174041 0.650066
10 0.346875 0.388055555556 0.174041 0.650066
11 0.346875 0.400972222222 0.174041 0.650066
12 0.346875 0.402083333333 0.174041 0.650066
13 0.348020833333 0.401666666667 0.174041 0.650066
14 0.35 0.400416666667 0.174041 0.650066
15 0.353125 0.406388888889 0.174041 0.650066
16 0.3525 0.390972222222 0.174041 0.650066
17 0.353333333333 0.378333333333 0.174041 0.650066
18 0.356458333333 0.373888888889 0.174041 0.650066
19 0.3625 0.365277777778 0.174041 0.650066
20 0.359375 0.355972222222 0.174041 0.650066
21 0.365625 0.354583333333 0.174041 0.650066
22 0.365625 0.361944444444 0.174041 0.650066
23 0.36875 0.360833333333 0.174041 0.650066
24 0.36875 0.367916666667 0.174041 0.650066
25 0.371875 0.358472222222 0.174041 0.650066
26 0.371875 0.357083333333 0.174041 0.650066
27 0.375 0.350416666667 0.174041 0.650066
28 0.371875 0.348333333333 0.174041 0.650066
29 0.36875 0.351388888889 0.174041 0.650066
30 0.359375 0.365277777778 0.174041 0.650066
31 0.35625 0.371666666667 0.174041 0.650066
32 0.353125 0.371944444444 0.174041 0.650066
33 0.3490625 0.385277777778 0.174041 0.650066
34 0.340625 0.380138888889 0.174041 0.650066
35 0.340625 0.381527777778 0.174041 0.650066
36 0.33125 0.388611111111 0.174041 0.650066
37 0.328125 0.396388888889 0.174041 0.650066
38 0.326875 0.393333333333 0.174041 0.650066
39 0.325 0.386388888889 0.174041 0.650066
40 0.325 0.396944444444 0.174041 0.650066
41 0.328125 0.394861111111 0.174041 0.650066
42 0.325 0.409305555556 0.174041 0.650066
43 0.325 0.412361111111 0.174041 0.650066
44 0.3253125 0.391388888889 0.174041 0.650066
45 0.32875 0.420694444444 0.174041 0.650066
46 0.3265625 0.420138888889 0.174041 0.650066
47 0.325104166667 0.407777777778 0.174041 0.650066
48 0.325 0.404722222222 0.174041 0.650066
49 0.325 0.394166666667 0.174041 0.650066
50 0.331041666667 0.384305555556 0.174041 0.650066
51 0.334375 0.37375 0.174041 0.650066
52 0.3371875 0.367777777778 0.174041 0.650066
53 0.3375 0.343333333333 0.174041 0.650066
54 0.3375 0.328807975035 0.174041 0.650066
55 0.340625 0.321805555556 0.174041 0.650066
56 0.346354166667 0.3175 0.174041 0.650066
57 0.346875 0.299722222222 0.174041 0.650066
58 0.348431783227 0.298165479463 0.174041 0.650066
59 0.352395833333 0.30875 0.174041 0.650066
60 0.35625 0.341805555556 0.174041 0.650066
61 0.3571875 0.33125 0.174041 0.650066
62 0.3625 0.330694444444 0.174041 0.650066
63 0.367291666667 0.319305555556 0.174041 0.650066
64 0.365625 0.331666666667 0.174041 0.650066
65 0.365927418818 0.304994288609 0.174041 0.650066
66 0.371077585954 0.287432085757 0.174041 0.650066
67 0.371875 0.283333333333 0.174041 0.650066
68 0.375 0.286003410503 0.174041 0.650066
69 0.383958333333 0.308055555556 0.174041 0.650066
70 0.389791666667 0.3025 0.174041 0.650066
71 0.393539517743 0.267936388426 0.174041 0.650066
72 0.396695475677 0.244498521172 0.174041 0.650066
73 0.396875 0.249899228654 0.174041 0.650066
74 0.3875 0.271527777778 0.174041 0.650066
75 0.38375 0.293055555556 0.174041 0.650066
76 0.377708333333 0.285972222222 0.174041 0.650066
77 0.36875 0.282361111111 0.174041 0.650066
78 0.3625 0.264455154658 0.174041 0.650066
79 0.353125 0.254724423913 0.174041 0.650066
80 0.348408966214 0.249801227068 0.174041 0.650066
81 0.340625 0.268068257284 0.174041 0.650066
82 0.3375 0.247658223713 0.174041 0.650066
83 0.33125 0.283333333333 0.174041 0.650066
84 0.325 0.27940926517 0.174041 0.650066
85 0.321875 0.273002937144 0.174041 0.650066
86 0.321875 0.250268280469 0.174041 0.650066
87 0.31875 0.254166666667 0.174041 0.650066
88 0.31875 0.262638888889 0.174041 0.650066
89 0.321875 0.245833333333 0.174041 0.650066
90 0.320854079673 0.264902610915 0.174041 0.650066
91 0.321001190733 0.261129976831 0.174041 0.650066
92 0.31875 0.242361467339 0.174041 0.650066
93 0.31875 0.247361858156 0.174041 0.650066
94 0.315625 0.24280200474 0.174041 0.650066
95 0.315625 0.229166666667 0.174041 0.650066
96 0.317551161018 0.229166666667 0.174041 0.650066
97 0.321603124932 0.22536250009 0.174041 0.650066
98 0.326148352264 0.225 0.174041 0.650066
99 0.32915310987 0.229166666667 0.174041 0.650066
100 0.338448407889 0.241666666667 0.174041 0.650066
101 0.353125 0.219544386992 0.174041 0.650066
102 0.35 0.213598095087 0.174041 0.650066
103 0.361005058694 0.222235073648 0.174041 0.650066
104 0.361726145334 0.227709575844 0.174041 0.650066
105 0.349279683354 0.251394019336 0.174041 0.650066
106 0.346875 0.252777777778 0.174041 0.650066
107 0.34667167014 0.248412418806 0.174041 0.650066
108 0.34375 0.225447753567 0.174041 0.650066
109 0.346875 0.204452532328 0.174041 0.650066
110 0.346577116819 0.225118805025 0.174041 0.650066
111 0.346875 0.225240170589 0.174041 0.650066
112 0.346875 0.237608137013 0.174041 0.650066
113 0.346875 0.235667014589 0.174041 0.650066
114 0.34375 0.225 0.174041 0.650066
115 0.34375 0.2 0.174041 0.650066
116 0.346346723418 0.204166666667 0.174041 0.650066
117 0.346148994745 0.201571052628 0.174041 0.650066
118 0.34375 0.247588627119 0.174041 0.650066
119 0.35 0.207362240587 0.174041 0.650066
120 0.353125 0.270225431125 0.174041 0.650066
121 0.355754704446 0.247157806405 0.174041 0.650066
122 0.35625 0.227222498106 0.174041 0.650066
123 0.364471298008 0.229166666667 0.174041 0.650066
124 0.365204353102 0.228605804136 0.174041 0.650066
125 0.370857822594 0.216131710481 0.174041 0.650066
126 0.37101152878 0.177929250965 0.174041 0.650066
127 0.376557075551 0.182990798116 0.174041 0.650066
128 0.373809693502 0.196248858176 0.174041 0.650066
129 0.361959450249 0.152488105547 0.174041 0.650066
130 0.351128831745 0.110560068378 0.174041 0.650066
131 0.343414876243 0.00723847168389 0.174041 0.650066
132 0.332247142212 0.0 0.174041 0.650066
133 0.313140074861 0.0 0.174041 0.650066
134 0.299480131122 0.0 0.174041 0.650066
135 0.285564923694 0.0 0.174041 0.650066
136 0.332370744462 0.0349271754 0.174041 0.650066
137 0.346801618058 0.0552869055324 0.174041 0.650066
138 0.343418155871 0.0595969740086 0.174041 0.650066
139 0.34174185487 0.0775351364549 0.174041 0.650066
140 0.337869613109 0.100172829158 0.174041 0.650066
141 0.357280057506 0.170210636959 0.174041 0.650066
142 0.371775579785 0.203768985807 0.174041 0.650066
143 0.3625 0.225 0.174041 0.650066
144 0.359375 0.21875 0.174041 0.650066
145 0.35 0.232243808364 0.174041 0.650066
146 0.346875 0.224861111111 0.174041 0.650066
147 0.35018962257 0.199005545079 0.174041 0.650066
148 0.346977040592 0.173776718767 0.174041 0.650066
149 0.347665044028 0.154166666667 0.174041 0.650066
150 0.346875 0.229438840859 0.174041 0.650066
151 0.344939329014 0.222460779193 0.174041 0.650066
152 0.347655295551 0.209942140601 0.174041 0.650066
153 0.34375 0.216666666667 0.174041 0.650066
154 0.344408024854 0.234915448096 0.174041 0.650066
155 0.345627108321 0.206669477761 0.174041 0.650066
156 0.348100270751 0.220222608883 0.174041 0.650066
157 0.353125 0.23889409813 0.174041 0.650066
158 0.354191329449 0.198402314855 0.174041 0.650066
159 0.359375 0.226111111111 0.174041 0.650066
160 0.361150815139 0.202367753519 0.174041 0.650066
161 0.365625 0.234027777778 0.174041 0.650066
162 0.369262064998 0.220833333333 0.174041 0.650066
163 0.365625 0.234305555556 0.174041 0.650066
164 0.365625 0.236111111111 0.174041 0.650066
165 0.36875 0.259750866954 0.174041 0.650066
166 0.366840926151 0.251163376707 0.174041 0.650066
167 0.363622963602 0.24804181948 0.174041 0.650066
168 0.360729859529 0.227228606539 0.174041 0.650066
169 0.360233706757 0.22182974833 0.174041 0.650066
170 0.360240747711 0.222949358127 0.174041 0.650066
171 0.360410158406 0.184713544541 0.174041 0.650066
172 0.361468452549 0.176803734719 0.174041 0.650066
173 0.35843249775 0.161108993757 0.174041 0.650066
174 0.354978467363 0.119561800697 0.174041 0.650066
175 0.345846221571 0.140706473467 0.174041 0.650066
176 0.339386766691 0.153341177794 0.174041 0.650066
177 0.33125 0.158333333333 0.174041 0.650066
178 0.329909601933 0.154866510562 0.174041 0.650066
179 0.334375 0.204731212433 0.174041 0.650066
180 0.335591002209 0.288411859995 0.174041 0.650066
181 0.3375 0.268644566078 0.174041 0.650066
182 0.333143708645 0.244328421677 0.174041 0.650066
183 0.33125 0.220853266047 0.174041 0.650066
184 0.333540099682 0.223189273779 0.174041 0.650066
185 0.330943390217 0.203757853623 0.174041 0.650066
186 0.327816806829 0.198482699017 0.174041 0.650066
187 0.33125 0.191529131738 0.174041 0.650066
188 0.33125 0.169166666667 0.174041 0.650066
189 0.336329191913 0.186628265728 0.174041 0.650066
190 0.339764940142 0.200363213617 0.174041 0.650066
191 0.345826350571 0.173601800761 0.174041 0.650066
192 0.351287534132 0.178262561942 0.174041 0.650066
193 0.35625 0.213333564334 0.174041 0.650066
194 0.356991686479 0.23403194122 0.174041 0.650066
195 0.357299970181 0.267252059389 0.174041 0.650066
196 0.357930209295 0.23233645584 0.174041 0.650066
197 0.357532277162 0.217552907504 0.174041 0.650066
198 0.358783376115 0.202046775067 0.174041 0.650066
199 0.35625 0.182357328791 0.174041 0.650066
200 0.348982668792 0.156163026757 0.174041 0.650066
201 0.341795511876 0.130727349168 0.174041 0.650066
202 0.3375 0.119166666667 0.174041 0.650066
203 0.338658720275 0.129166666667 0.174041 0.650066
204 0.3375 0.0958333333333 0.174041 0.650066
205 0.329444799989 0.0950211487245 0.174041 0.650066
206 0.331882025923 0.115695225103 0.174041 0.650066
207 0.326206087622 0.130481318255 0.174041 0.650066
208 0.329215695107 0.132789779148 0.174041 0.650066
209 0.323840921136 0.160954561515 0.174041 0.650066
210 0.31875 0.225 0.174041 0.650066
211 0.316094725005 0.202994462479 0.174041 0.650066
212 0.3125 0.182224737492 0.174041 0.650066
213 0.30625 0.198169182805 0.174041 0.650066
214 0.298350895989 0.186795338867 0.174041 0.650066
215 0.29375 0.226239663303 0.174041 0.650066
216 0.2875 0.25 0.174041 0.650066
217 0.263244088891 0.18229741083 0.174041 0.650066
218 0.213168112501 0.209123089335 0.174041 0.650066
219 0.194995356897 0.202021914927 0.174041 0.650066
220 0.158609030085 0.139716596654 0.174041 0.650066
221 0.198198333187 0.154343981052 0.174041 0.650066
222 0.243902763163 0.185904682209 0.174041 0.650066
223 0.262159090419 0.131104859742 0.174041 0.650066
224 0.273063509845 0.147816775146 0.174041 0.650066
225 0.289494831139 0.216681290283 0.174041 0.650066
226 0.29459236757 0.21159683609 0.174041 0.650066
227 0.300085292335 0.206078203072 0.174041 0.650066
228 0.303447491034 0.216666666667 0.174041 0.650066
229 0.30685596224 0.211354513791 0.174041 0.650066
230 0.296309582378 0.116164073225 0.174041 0.650066
231 0.296875 0.127361111111 0.174041 0.650066
232 0.3 0.13125 0.174041 0.650066
233 0.30203692949 0.127979680656 0.174041 0.650066
234 0.30625 0.125 0.174041 0.650066
235 0.298639728866 0.134717434404 0.174041 0.650066
236 0.292094830971 0.167502723803 0.174041 0.650066
237 0.290625 0.177498351612 0.174041 0.650066
238 0.288540157186 0.171808531485 0.174041 0.650066
239 0.28614308734 0.176114710927 0.174041 0.650066
240 0.2875 0.177890405932 0.174041 0.650066
241 0.2875 0.198795142856 0.174041 0.650066
242 0.285829639527 0.188403483993 0.174041 0.650066
243 0.286273100134 0.160565822282 0.174041 0.650066
244 0.2875 0.149722222222 0.174041 0.650066
245 0.290625 0.131527777778 0.174041 0.650066
246 0.292287873995 0.134857634495 0.174041 0.650066
247 0.292628096891 0.155844325207 0.174041 0.650066
248 0.2875 0.151532481742 0.174041 0.650066
249 0.285720840574 0.147180045 0.174041 0.650066
250 0.284375 0.16059180566 0.174041 0.650066
251 0.28125 0.120833333333 0.174041 0.650066
252 0.278125 0.133333333333 0.174041 0.650066
253 0.277753526427 0.111439875969 0.174041 0.650066
254 0.271875 0.104166666667 0.174041 0.650066
255 0.267336580677 0.17505561324 0.174041 0.650066
256 0.266794111176 0.149188772325 0.174041 0.650066
257 0.269618992238 0.138125218757 0.174041 0.650066
258 0.275 0.124727508616 0.174041 0.650066
259 0.273634104339 0.106512139118 0.174041 0.650066
260 0.276795334534 0.109631670544 0.174041 0.650066
261 0.277630813264 0.123397236058 0.174041 0.650066
262 0.280660335321 0.152323156669 0.174041 0.650066
263 0.284375 0.175347234247 0.174041 0.650066
264 0.28125 0.156406119434 0.174041 0.650066
265 0.275 0.133333333333 0.174041 0.650066
266 0.271875 0.15125 0.174041 0.650066
267 0.265625 0.159861111111 0.174041 0.650066
268 0.265625 0.1725 0.174041 0.650066
269 0.2625 0.177083333333 0.174041 0.650066
270 0.265625 0.250282130227 0.174041 0.650066
271 0.264535838059 0.230582951905 0.174041 0.650066
272 0.262610543975 0.167819639376 0.174041 0.650066
273 0.26125388564 0.159725100474 0.174041 0.650066
274 0.26875 0.154166666667 0.174041 0.650066
275 0.27919868284 0.150852543037 0.174041 0.650066
276 0.287920867749 0.159307279077 0.174041 0.650066
277 0.296875 0.151666666667 0.174041 0.650066
278 0.303125 0.165833333333 0.174041 0.650066
279 0.307710090562 0.155835341595 0.174041 0.650066
280 0.313727454144 0.184438545619 0.174041 0.650066
281 0.313190667212 0.188701492937 0.174041 0.650066
282 0.30625 0.185139760195 0.174041 0.650066
283 0.30625 0.185136915356 0.174041 0.650066
284 0.303332605646 0.193609880666 0.174041 0.650066
285 0.305297844249 0.237646773624 0.174041 0.650066
286 0.309176139001 0.225630355909 0.174041 0.650066
287 0.30625 0.202931729098 0.174041 0.650066
288 0.310531594993 0.189042126657 0.174041 0.650066
289 0.3125 0.177083333333 0.174041 0.650066
290 0.301976519339 0.166109827558 0.174041 0.650066
291 0.30625 0.164861111111 0.174041 0.650066
292 0.314016588236 0.177022117648 0.174041 0.650066
293 0.313463163436 0.17280384857 0.174041 0.650066
294 0.316854841823 0.180806455765 0.174041 0.650066
295 0.316103889522 0.17107072633 0.174041 0.650066
296 0.310837323047 0.12617778611 0.174041 0.650066
297 0.300609512037 0.115776544136 0.174041 0.650066
298 0.306767697243 0.138190262991 0.174041 0.650066
299 0.309375 0.137916666667 0.174041 0.650066
300 0.302585577663 0.192203336526 0.174041 0.650066
301 0.301445335888 0.17575606699 0.174041 0.650066
302 0.29708357507 0.145695146633 0.174041 0.650066
303 0.298079151275 0.144208763804 0.174041 0.650066
304 0.304384667299 0.126817729191 0.174041 0.650066
305 0.323096529376 0.124465692456 0.174041 0.650066
306 0.335111568918 0.155148758557 0.174041 0.650066
307 0.346875 0.172222222222 0.174041 0.650066
308 0.356924323457 0.227229770247 0.174041 0.650066
309 0.357294459129 0.226394947717 0.174041 0.650066
310 0.362606632429 0.250832653123 0.174041 0.650066
311 0.353125 0.222670929404 0.174041 0.650066
312 0.357033332304 0.242711109738 0.174041 0.650066
313 0.35625 0.225953230813 0.174041 0.650066
314 0.354748286252 0.235106021425 0.174041 0.650066
315 0.360603013656 0.273877668198 0.174041 0.650066
316 0.358035372722 0.206508732689 0.174041 0.650066
317 0.359375 0.216696218713 0.174041 0.650066
318 0.351442337481 0.18067011768 0.174041 0.650066
319 0.346875 0.1675 0.174041 0.650066
320 0.3401801822 0.159681173209 0.174041 0.650066
321 0.329820746601 0.139760995468 0.174041 0.650066
322 0.323386650255 0.100823062971 0.174041 0.650066
323 0.30956621698 0.0559422069187 0.174041 0.650066
324 0.285891698165 0.0249685649242 0.174041 0.650066
325 0.293668561202 0.034315119611 0.174041 0.650066
326 0.323576954044 0.0896454980863 0.174041 0.650066
327 0.315259090629 0.0599134599319 0.174041 0.650066
328 0.278798015869 0.0530188263829 0.174041 0.650066
329 0.309305423859 0.0819063593303 0.174041 0.650066
330 0.30844642989 0.0729190051457 0.174041 0.650066
331 0.327727758874 0.192047010913 0.174041 0.650066
332 0.337854209708 0.191405851692 0.174041 0.650066
333 0.332772800033 0.167695041573 0.174041 0.650066
334 0.335484146725 0.143346684619 0.174041 0.650066
335 0.34375 0.159583333333 0.174041 0.650066
336 0.340625 0.168611111111 0.174041 0.650066
337 0.33560667477 0.17626221682 0.174041 0.650066
338 0.335588548663 0.176537228124 0.174041 0.650066
339 0.332731376366 0.189449410334 0.174041 0.650066
340 0.329645560078 0.168694080104 0.174041 0.650066
341 0.328125 0.1687488668 0.174041 0.650066
342 0.323325642567 0.152073719875 0.174041 0.650066
343 0.325 0.128055555556 0.174041 0.650066
344 0.325 0.125 0.174041 0.650066
345 0.328125 0.216666666667 0.174041 0.650066
346 0.327127465917 0.192042395416 0.174041 0.650066
347 0.326714250605 0.178858488097 0.174041 0.650066
348 0.32639866665 0.179065797421 0.174041 0.650066
349 0.320070434012 0.167811363125 0.174041 0.650066
350 0.323603316917 0.174868790586 0.174041 0.650066
351 0.328781822194 0.20461578833 0.174041 0.650066
352 0.330937354459 0.19804849039 0.174041 0.650066
353 0.328223287129 0.199887158242 0.174041 0.650066
354 0.331755254966 0.234997415571 0.174041 0.650066
355 0.327283079793 0.270286683694 0.174041 0.650066
356 0.328125 0.266866486111 0.174041 0.650066
357 0.325281201653 0.273649340266 0.174041 0.650066
358 0.325276363878 0.279280303773 0.174041 0.650066
359 0.318064022683 0.230415504914 0.174041 0.650066
360 0.321875 0.2768977671 0.174041 0.650066
361 0.318855036921 0.269676248102 0.174041 0.650066
362 0.318140609432 0.254845178828 0.174041 0.650066
363 0.318242883175 0.253765449527 0.174041 0.650066
364 0.315727577371 0.245088794403 0.174041 0.650066
365 0.318444704201 0.232732243631 0.174041 0.650066
366 0.320100074002 0.234852510248 0.174041 0.650066
367 0.32403988294 0.259797448276 0.174041 0.650066
368 0.321518812525 0.223450135724 0.174041 0.650066
369 0.328125 0.2525 0.174041 0.650066
370 0.33125 0.238074770829 0.174041 0.650066
371 0.33043819908 0.205481330738 0.174041 0.650066
372 0.333221640599 0.195046530659 0.174041 0.650066
373 0.334375 0.198889292757 0.174041 0.650066
374 0.334375 0.18375 0.174041 0.650066
375 0.335535465714 0.247936242863 0.174041 0.650066
376 0.333915614676 0.231374224154 0.174041 0.650066
377 0.334375 0.229744507579 0.174041 0.650066
378 0.321875 0.235251108611 0.174041 0.650066
379 0.321875 0.224865222577 0.174041 0.650066
380 0.315625 0.253050757004 0.174041 0.650066
381 0.309375 0.254746291084 0.174041 0.650066
382 0.302831179284 0.249913652747 0.174041 0.650066
383 0.296875 0.271944444444 0.174041 0.650066
384 0.291368435661 0.289512813473 0.174041 0.650066
385 0.290316571024 0.318761725419 0.174041 0.650066
386 0.287059558937 0.293597065954 0.174041 0.650066
387 0.28638181549 0.281358716618 0.174041 0.650066
388 0.284009823861 0.258956909194 0.174041 0.650066
389 0.281156749953 0.278816732644 0.174041 0.650066
390 0.275134158672 0.342850215275 0.174041 0.650066
391 0.272936844512 0.303879477967 0.174041 0.650066
392 0.268719575662 0.304628217284 0.174041 0.650066
393 0.274620684727 0.288932076069 0.174041 0.650066
394 0.271708560082 0.286658608971 0.174041 0.650066
395 0.273393208016 0.29163121007 0.174041 0.650066
396 0.277443040947 0.235779296737 0.174041 0.650066
397 0.282625527689 0.236646728125 0.174041 0.650066
398 0.290325792804 0.178098898865 0.174041 0.650066
399 0.29375 0.183333333333 0.174041 0.650066
400 0.299259319875 0.183605544848 0.174041 0.650066
401 0.3 0.2 0.174041 0.650066
402 0.303125 0.181254811973 0.174041 0.650066
403 0.302244409457 0.151840484111 0.174041 0.650066
404 0.301769418665 0.123835625678 0.174041 0.650066
405 0.31019662704 0.206838990905 0.174041 0.650066
406 0.310913556549 0.199242834446 0.174041 0.650066
407 0.314961157907 0.195697576628 0.174041 0.650066
408 0.3125 0.184483939019 0.174041 0.650066
409 0.311067468314 0.186251617938 0.174041 0.650066
410 0.303125 0.165001493806 0.174041 0.650066
411 0.297664199573 0.170833333333 0.174041 0.650066
412 0.29805154567 0.186343320232 0.174041 0.650066
413 0.291756942292 0.199890171855 0.174041 0.650066
414 0.2875 0.22881819709 0.174041 0.650066
415 0.2875 0.227369549452 0.174041 0.650066
416 0.283000130345 0.214852024517 0.174041 0.650066
417 0.281544323994 0.190775297487 0.174041 0.650066
418 0.278394139554 0.225717181684 0.174041 0.650066
419 0.274863364041 0.22923571492 0.174041 0.650066
420 0.270114050786 0.288102975507 0.174041 0.650066
421 0.273477750863 0.291175693703 0.174041 0.650066
422 0.270417807762 0.284519266348 0.174041 0.650066
423 0.271903090632 0.296423587866 0.174041 0.650066
424 0.244505547067 0.305983406048 0.174041 0.650066
425 0.244942356771 0.326974704979 0.174041 0.650066
426 0.261714727535 0.333230544076 0.174041 0.650066
427 0.246810118393 0.333733829195 0.174041 0.650066
428 0.25959518557 0.335582279069 0.174041 0.650066
429 0.269814090783 0.338721916188 0.174041 0.650066
430 0.281243083093 0.348750114636 0.174041 0.650066
431 0.286725355186 0.353566374065 0.174041 0.650066
432 0.292108830997 0.349382531904 0.174041 0.650066
433 0.309153138838 0.356858657351 0.174041 0.650066
434 0.318416251375 0.377318417975 0.174041 0.650066
435 0.321997935056 0.354726062764 0.174041 0.650066
436 0.318799953667 0.324762515987 0.174041 0.650066
437 0.315625 0.321552842053 0.174041 0.650066
438 0.315198504345 0.299034291415 0.174041 0.650066
439 0.315745511833 0.30155901615 0.174041 0.650066
440 0.307285859621 0.271917525343 0.174041 0.650066
441 0.301454487358 0.257975408955 0.174041 0.650066
442 0.289764533278 0.249121077928 0.174041 0.650066
443 0.280470287571 0.265219225833 0.174041 0.650066
444 0.277050307425 0.262031949154 0.174041 0.650066
445 0.264670138462 0.241742599263 0.174041 0.650066
446 0.248947586971 0.177863797242 0.174041 0.650066
447 0.243391390678 0.184734026574 0.174041 0.650066
448 0.233658976353 0.135172452235 0.174041 0.650066
449 0.228125 0.132638888889 0.174041 0.650066
450 0.230729012983 0.243820729819 0.174041 0.650066
451 0.22986562764 0.23769070911 0.174041 0.650066
452 0.233562913629 0.214097382576 0.174041 0.650066
453 0.241491395876 0.170841889173 0.174041 0.650066
454 0.243900441825 0.146273410712 0.174041 0.650066
455 0.254927706977 0.143954227086 0.174041 0.650066
456 0.249161011533 0.173245777339 0.174041 0.650066
457 0.265323489843 0.173094702023 0.174041 0.650066
458 0.272522582864 0.171186693917 0.174041 0.650066
459 0.271573798942 0.140438751363 0.174041 0.650066
460 0.27427373078 0.0830609785198 0.174041 0.650066
461 0.280006429122 0.0877787302403 0.174041 0.650066
462 0.283448316331 0.067240993421 0.174041 0.650066
463 0.286470150808 0.0735108259718 0.174041 0.650066
464 0.292528802057 0.11731746925 0.174041 0.650066
465 0.296283678925 0.223379178053 0.174041 0.650066
466 0.290625 0.200943518366 0.174041 0.650066
467 0.289523141237 0.185120907596 0.174041 0.650066
468 0.2875 0.162643284598 0.174041 0.650066
469 0.284375 0.14 0.174041 0.650066
470 0.271875 0.17615695949 0.174041 0.650066
471 0.26875 0.182628534113 0.174041 0.650066
472 0.26875 0.176269055867 0.174041 0.650066
473 0.267719975134 0.142923651747 0.174041 0.650066
474 0.263864300103 0.139737017344 0.174041 0.650066
475 0.2625 0.152361111111 0.174041 0.650066
476 0.257352761281 0.127009612033 0.174041 0.650066
477 0.258387567391 0.136183423188 0.174041 0.650066
478 0.259277444474 0.171132705961 0.174041 0.650066
479 0.261902769349 0.19733426555 0.174041 0.650066
480 0.252083710316 0.248481728355 0.174041 0.650066
481 0.249336238891 0.203080226772 0.174041 0.650066
482 0.250343717879 0.188196619248 0.174041 0.650066
483 0.25625 0.18909850804 0.174041 0.650066
484 0.25870229118 0.190519989783 0.174041 0.650066
485 0.25331746429 0.177074502558 0.174041 0.650066
486 0.265375682294 0.154237128395 0.174041 0.650066
487 0.264073784743 0.153778529273 0.174041 0.650066
488 0.268983733913 0.131579662035 0.174041 0.650066
489 0.273898309948 0.11408209718 0.174041 0.650066
490 0.274246512622 0.107866888766 0.174041 0.650066
491 0.274512555784 0.119437321433 0.174041 0.650066
492 0.275 0.170833333333 0.174041 0.650066
493 0.274380352735 0.170833333333 0.174041 0.650066
494 0.275 0.154166666667 0.174041 0.650066
495 0.270730993369 0.224366493112 0.174041 0.650066
496 0.271026854486 0.196969719298 0.174041 0.650066
497 0.272862000803 0.158627909022 0.174041 0.650066
498 0.274514436701 0.162122663867 0.174041 0.650066
499 0.265350239375 0.133670748642 0.174041 0.650066
500 0.252937096595 0.11654139773 0.174041 0.650066
501 0.246032572894 0.123876763858 0.174041 0.650066
502 0.236758659388 0.121398164276 0.174041 0.650066
503 0.233204690524 0.131066842774 0.174041 0.650066
504 0.239503787514 0.173443108504 0.174041 0.650066
505 0.237119053396 0.19298771272 0.174041 0.650066
506 0.225335862015 0.171853752181 0.174041 0.650066
507 0.226783909798 0.148349158309 0.174041 0.650066
508 0.212391572648 0.0923444518453 0.174041 0.650066
509 0.213936195469 0.120520240391 0.174041 0.650066
510 0.223858143861 0.254953815672 0.174041 0.650066
511 0.227723658181 0.171849587173 0.174041 0.650066
512 0.240525220754 0.179612838071 0.174041 0.650066
513 0.253125 0.182230562458 0.174041 0.650066
514 0.258400050407 0.14683669019 0.174041 0.650066
515 0.25625 0.114861111111 0.174041 0.650066
516 0.260205666569 0.0975459631762 0.174041 0.650066
517 0.271228187119 0.0941225589453 0.174041 0.650066
518 0.271778680016 0.111814574732 0.174041 0.650066
519 0.280922580519 0.128315650985 0.174041 0.650066
520 0.283955279531 0.188982133499 0.174041 0.650066
521 0.288505137597 0.188178762834 0.174041 0.650066
522 0.284375 0.155416666667 0.174041 0.650066
523 0.296006939409 0.133333333333 0.174041 0.650066
524 0.307703687314 0.121992457335 0.174041 0.650066
525 0.320729096545 0.223423700699 0.174041 0.650066
526 0.324109837808 0.212635436587 0.174041 0.650066
527 0.326851441769 0.180847582697 0.174041 0.650066
528 0.330136285708 0.147085177489 0.174041 0.650066
529 0.323729358856 0.11831498565 0.174041 0.650066
530 0.325532004547 0.0858647693016 0.174041 0.650066
531 0.327718454364 0.115255656007 0.174041 0.650066
532 0.325233724204 0.184189358808 0.174041 0.650066
533 0.32752321682 0.193502875569 0.174041 0.650066
534 0.325 0.206412233115 0.174041 0.650066
535 0.326251638604 0.171940438967 0.174041 0.650066
536 0.320278282838 0.15652983159 0.174041 0.650066
537 0.325343979207 0.170267442889 0.174041 0.650066
538 0.336545941151 0.222475605875 0.174041 0.650066
539 0.328822978808 0.18524763818 0.174041 0.650066
540 0.318186182126 0.179139593482 0.174041 0.650066
541 0.310143256619 0.163705343564 0.174041 0.650066
542 0.318933232552 0.179908695513 0.174041 0.650066
543 0.321819403323 0.169052877899 0.174041 0.650066
544 0.250014626681 0.0629221734399 0.174041 0.650066
545 0.215463041398 0.0893803057089 0.174041 0.650066
546 0.219901727808 0.0339895948619 0.174041 0.650066
547 0.19635483404 0.0228103778324 0.174041 0.650066
548 0.157862800565 0.0119546783622 0.174041 0.650066
549 0.154332923864 0.0 0.174041 0.650066
550 0.152324944368 0.0 0.174041 0.650066
551 0.152613599412 0.0 0.174041 0.650066
552 0.158096790789 0.0 0.174041 0.650066
553 0.145403436822 0.0 0.174041 0.650066
554 0.157576449208 0.0 0.174041 0.650066
555 0.161216697983 0.00401598670624 0.174041 0.650066
556 0.159823828468 0.00281141167667 0.174041 0.650066
557 0.165994120439 0.0 0.174041 0.650066
558 0.16411631821 0.0 0.174041 0.650066
559 0.164192776024 0.0104770670057 0.174041 0.650066
560 0.157091416409 0.0797091457773 0.174041 0.650066
561 0.135168238089 0.0410773283079 0.174041 0.650066
562 0.124329777093 0.0698922539409 0.174041 0.650066
563 0.113694108952 0.0179983004605 0.174041 0.650066
564 0.124979757457 0.100772240361 0.174041 0.650066
565 0.139810884488 0.0698419777714 0.174041 0.650066
566 0.150894311983 0.0664673996284 0.174041 0.650066
567 0.1409863567 0.0129796778672 0.174041 0.650066
568 0.144900093873 0.00116031892961 0.174041 0.650066
569 0.154400413824 0.00982425357494 0.174041 0.650066
570 0.134387125802 0.0671091770519 0.174041 0.650066
571 0.127951540872 0.059941438634 0.174041 0.650066
572 0.13355584529 0.0231189982538 0.174041 0.650066
573 0.138522138134 0.0113709025651 0.174041 0.650066
574 0.136604163175 0.0108921945754 0.174041 0.650066
575 0.139311415793 0.0 0.174041 0.650066
576 0.1375 0.0 0.174041 0.650066
577 0.14220308954 0.0 0.174041 0.650066
578 0.135533711605 0.0 0.174041 0.650066
579 0.135917487002 0.0052342142544 0.174041 0.650066
580 0.135589423257 0.00348551032375 0.174041 0.650066
581 0.144625740501 0.0 0.174041 0.650066
582 0.147375437518 0.0 0.174041 0.650066
583 0.143471598398 0.0 0.174041 0.650066
584 0.152191288351 0.0 0.174041 0.650066
585 0.150807696374 0.0 0.174041 0.650066
586 0.14595804988 0.0 0.174041 0.650066
587 0.138330115764 0.0 0.174041 0.650066
588 0.119932537344 0.0 0.174041 0.650066
589 0.107823693346 0.0 0.174041 0.650066
590 0.101049752989 0.0 0.174041 0.650066
591 0.0945386614833 0.0 0.174041 0.650066
592 0.0804349005175 0.0 0.174041 0.650066
593 0.076905188002 0.0 0.174041 0.650066
594 0.0731861204829 0.000671807228551 0.174041 0.650066
595 0.0634158878922 0.0 0.174041 0.650066
596 0.0585622871346 0.0 0.174041 0.650066
597 0.0549149225745 0.0 0.174041 0.650066
598 0.0458563832179 0.0 0.174041 0.650066
599 0.0427334160586 0.0 0.174041 0.650066
600 0.045273331543 0.0 0.174041 0.650066
601 0.0398132824659 0.0 0.174041 0.650066
602 0.0551224499355 0.0 0.174041 0.650066
603 0.0630069945736 0.0 0.174041 0.650066
604 0.0672289223314 0.00106721071377 0.174041 0.650066
605 0.0764809906524 0.00219201246348 0.174041 0.650066
606 0.07892487528 0.0157418142141 0.174041 0.650066
607 0.08241509988 0.0231714597923 0.174041 0.650066
608 0.0800271814881 0.0153985456746 0.174041 0.650066
609 0.084375 0.0 0.174041 0.650066
610 0.0797404234173 0.00964174025842 0.174041 0.650066
611 0.078125 0.0 0.174041 0.650066
612 0.071875 0.0 0.174041 0.650066
613 0.0585802358254 0.00834381373393 0.174041 0.650066
614 0.0532739697742 0.00316712334708 0.174041 0.650066
615 0.0466623396924 0.0142295667936 0.174041 0.650066
616 0.0340596543561 0.00306288084311 0.174041 0.650066
617 0.0306222787616 0.00445873747221 0.174041 0.650066
618 0.0151950688531 0.0514071215886 0.174041 0.650066
619 0.0223988627246 0.0 0.174041 0.650066
620 0.0188678242041 0.0 0.174041 0.650066
621 0.0148771998264 0.0 0.174041 0.650066
622 0.00936238697654 0.0 0.174041 0.650066
623 0.00158729660238 0.0302428128848 0.174041 0.650066
624 0.00156343812003 0.0166666666667 0.174041 0.650066
625 0.0 0.0166666666667 0.174041 0.650066
626 0.0 0.0068039148882 0.174041 0.650066
627 0.00219622531762 0.0 0.174041 0.650066
628 0.0 0.0 0.174041 0.650066
629 0.00219924682319 0.0 0.174041 0.650066
630 0.00147313554653 0.0 0.174041 0.650066
631 0.00188019643342 0.0 0.174041 0.650066
632 0.0 0.0 0.174041 0.650066
633 0.00472880409065 0.0 0.174041 0.650066
634 0.00734532520522 0.00272548326272 0.174041 0.650066
635 0.0135666168454 0.0 0.174041 0.650066
636 0.0271574697795 0.000771261730015 0.174041 0.650066
637 0.0457861147179 0.0145050721372 0.174041 0.650066
638 0.256623305509 0.181037998264 0.174041 0.650066
639 0.272079021749 0.187544602598 0.174041 0.650066
640 0.278125 0.200694444444 0.174041 0.650066
641 0.26875 0.1625 0.174041 0.650066
642 0.265625 0.1625 0.174041 0.650066
643 0.268452846554 0.159869447511 0.174041 0.650066
644 0.271360086541 0.165144887694 0.174041 0.650066
645 0.27157160683 0.171519547032 0.174041 0.650066
646 0.269816335921 0.196539290096 0.174041 0.650066
647 0.26209996019 0.196106050706 0.174041 0.650066
648 0.265298972587 0.161525773717 0.174041 0.650066
649 0.262402101615 0.147503458363 0.174041 0.650066
650 0.259279827264 0.155001090648 0.174041 0.650066
651 0.249899394679 0.120699192905 0.174041 0.650066
652 0.24375 0.155414622057 0.174041 0.650066
653 0.24917102938 0.11360529416 0.174041 0.650066
654 0.259801465364 0.0313256202945 0.174041 0.650066
655 0.275220026608 0.000596285015272 0.174041 0.650066
656 0.268938131508 0.0106172650678 0.174041 0.650066
657 0.273415522707 0.00266113464478 0.174041 0.650066
658 0.254847889939 0.0304074658557 0.174041 0.650066
659 0.261349259576 0.0287163345024 0.174041 0.650066
660 0.262664855086 0.0130935706241 0.174041 0.650066
661 0.244434549557 0.125074082126 0.174041 0.650066
662 0.252483754288 0.115592435874 0.174041 0.650066
663 0.269757890542 0.0996783438161 0.174041 0.650066
664 0.269508992422 0.0477391604151 0.174041 0.650066
665 0.318315890343 0.0171298127563 0.174041 0.650066
666 0.338133931926 0.0138491292017 0.174041 0.650066
667 0.351216807008 0.00390167604861 0.174041 0.650066
668 0.3625 0.0 0.174041 0.650066
669 0.371627383128 0.0 0.174041 0.650066
670 0.363540812845 0.0 0.174041 0.650066
671 0.371539826205 0.0 0.174041 0.650066
672 0.386764337979 0.0 0.174041 0.650066
673 0.396443457005 0.0 0.174041 0.650066
674 0.391127759093 0.0 0.174041 0.650066
675 0.384865275661 0.0 0.174041 0.650066
676 0.364454974858 0.0 0.174041 0.650066
677 0.36727190132 0.0 0.174041 0.650066
678 0.367887814001 0.0 0.174041 0.650066
679 0.374356381814 0.0 0.174041 0.650066
680 0.368004823972 0.0 0.174041 0.650066
681 0.374025448056 0.0 0.174041 0.650066
682 0.38014390408 0.0 0.174041 0.650066
683 0.380414316709 0.0 0.174041 0.650066
684 0.386453800753 0.0 0.174041 0.650066
685 0.396822892113 0.0 0.174041 0.650066
686 0.401264835203 0.0 0.174041 0.650066
687 0.401406598167 0.0 0.174041 0.650066
688 0.216773465653 0.0 0.174041 0.650066
689 0.0211741041241 0.0 0.174041 0.650066
690 0.0 0.0 0.174041 0.650066
691 0.0 0.0 0.174041 0.650066
692 0.0 0.0 0.174041 0.650066
693 0.0 0.0 0.174041 0.650066
694 0.0 0.0 0.174041 0.650066
695 0.0 0.0 0.174041 0.650066
696 0.0 0.0 0.174041 0.650066
697 0.00355309945534 0.0 0.174041 0.650066
698 0.000549862375984 0.0 0.174041 0.650066
699 0.00657689161639 0.0 0.174041 0.650066
700 0.00668872208028 0.0 0.174041 0.650066
701 0.0130429331504 0.0 0.174041 0.650066
702 0.0100455029785 0.0 0.174041 0.650066
703 0.0191855455367 0.0 0.174041 0.650066
704 0.01649621462 0.0 0.174041 0.650066
705 0.015625 0.0 0.174041 0.650066
706 0.0127180159782 0.0 0.174041 0.650066
707 0.0037758565863 0.0 0.174041 0.650066
708 0.0 0.0 0.174041 0.650066
709 0.0 0.0 0.174041 0.650066
710 0.0 0.0 0.174041 0.650066
711 0.0 0.0 0.174041 0.650066
712 0.0 0.0 0.174041 0.650066
713 0.0 0.0 0.174041 0.650066
714 0.0 0.0 0.174041 0.650066
715 0.0 0.0 0.174041 0.650066
716 0.0 0.0 0.174041 0.650066
717 0.0 0.0 0.174041 0.650066
718 0.0 0.0 0.174041 0.650066
719 0.0 0.0 0.174041 0.650066
720 0.0 0.0 0.174041 0.650066
721 0.0 0.0 0.174041 0.650066
722 0.0 0.0 0.174041 0.650066
723 0.0 0.0 0.174041 0.650066
724 0.0 0.0 0.174041 0.650066
725 0.0 0.0 0.174041 0.650066
726 0.0 0.0 0.174041 0.650066
727 0.0 0.0 0.174041 0.650066
728 0.0 0.0 0.174041 0.650066
729 0.0 0.0 0.174041 0.650066
730 0.0 0.0 0.174041 0.650066
731 0.0 0.0 0.174041 0.650066
732 0.0 0.0 0.174041 0.650066
733 0.0 0.0 0.174041 0.650066
734 0.0 0.0 0.174041 0.650066
735 0.0 0.0 0.174041 0.650066
736 0.0 0.0 0.174041 0.650066
737 0.0 0.0 0.174041 0.650066
738 0.0 0.0 0.174041 0.650066
739 0.0 0.0 0.174041 0.650066
740 0.0 0.0 0.174041 0.650066
741 0.0 0.0 0.174041 0.650066
742 0.00842454350757 0.0 0.174041 0.650066
743 0.00707794630041 0.0 0.174041 0.650066
744 0.00311629486923 0.0 0.174041 0.650066
745 0.00411624654457 0.0 0.174041 0.650066
746 0.000863443831704 0.0 0.174041 0.650066
747 0.00195657682908 0.0 0.174041 0.650066
748 0.00138735252711 0.0 0.174041 0.650066
749 0.0 0.0 0.174041 0.650066
750 0.0 0.0 0.174041 0.650066
751 0.0 0.0 0.174041 0.650066
752 0.0 0.0 0.174041 0.650066
753 0.0 0.0 0.174041 0.650066
754 0.0 0.0 0.174041 0.650066
755 0.0 0.0 0.174041 0.650066
756 0.00144118635943 0.0 0.174041 0.650066
757 0.00138084737884 0.0 0.174041 0.650066
758 0.0 0.0 0.174041 0.650066
759 0.0 0.0 0.174041 0.650066
760 0.0 0.0 0.174041 0.650066
761 0.0 0.0 0.174041 0.650066
762 0.00226774674452 0.0 0.174041 0.650066
763 0.00212879596834 0.0 0.174041 0.650066
764 0.0 0.0 0.174041 0.650066
765 0.0 0.0 0.174041 0.650066
766 0.0 0.0 0.174041 0.650066
767 0.000866901649287 0.0 0.174041 0.650066
768 0.000621973429301 0.0 0.174041 0.650066
769 0.0 0.0 0.174041 0.650066
770 0.0 0.0 0.174041 0.650066
771 0.0 0.0 0.174041 0.650066
772 0.0 0.0 0.174041 0.650066
773 0.0 0.0 0.174041 0.650066
774 0.0 0.0 0.174041 0.650066
775 0.00142773149614 0.0 0.174041 0.650066
776 0.000957970606381 0.0 0.174041 0.650066
777 0.00109288336683 0.0 0.174041 0.650066
778 0.00145631427009 0.0 0.174041 0.650066
779 0.00170484221781 0.0 0.174041 0.650066
780 0.0 0.0 0.174041 0.650066
781 0.000990709873117 0.0 0.174041 0.650066
782 0.0 0.0 0.174041 0.650066
783 0.0 0.0 0.174041 0.650066
784 0.0 0.0 0.174041 0.650066
785 0.00192149500627 0.0 0.174041 0.650066
786 0.0 0.0 0.174041 0.650066
787 0.00150918579836 0.0 0.174041 0.650066
788 0.0 0.0 0.174041 0.650066
789 0.0 0.0 0.174041 0.650066
790 0.00127181568804 0.0 0.174041 0.650066
791 0.00274693858613 0.0 0.174041 0.650066
792 0.00458133371709 0.0 0.174041 0.650066
793 0.00389573178386 0.0 0.174041 0.650066
794 0.00442378865779 0.0 0.174041 0.650066
795 0.00765998636577 0.0 0.174041 0.650066
796 0.00660235912334 0.0 0.174041 0.650066
797 0.00763726294547 0.0 0.174041 0.650066
798 0.000403354575333 0.0 0.174041 0.650066
799 0.0 0.0 0.174041 0.650066
800 0.0 0.0 0.174041 0.650066
801 0.0 0.0 0.174041 0.650066
802 0.0 0.0 0.174041 0.650066
803 0.0 0.0 0.174041 0.650066
804 0.0 0.0 0.174041 0.650066
805 0.0 0.0 0.174041 0.650066
806 0.0 0.0 0.174041 0.650066
807 0.0 0.0 0.174041 0.650066
808 0.0 0.0 0.174041 0.650066
809 0.00145246141045 0.0 0.174041 0.650066
810 0.0244933936968 0.0 0.174041 0.650066
811 0.208714234575 0.24359839684 0.174041 0.650066
812 0.283107896175 0.268334651045 0.174041 0.650066
813 0.27643021986 0.255964404823 0.174041 0.650066
814 0.28125 0.227211871897 0.174041 0.650066
815 0.287385452242 0.204466372643 0.174041 0.650066
816 0.281028295957 0.175439437519 0.174041 0.650066
817 0.271875 0.191666666667 0.174041 0.650066
818 0.265625 0.195833333333 0.174041 0.650066
819 0.2625 0.216666666667 0.174041 0.650066
820 0.249051778812 0.229166666667 0.174041 0.650066
821 0.24375 0.245833333333 0.174041 0.650066
822 0.2375 0.2375 0.174041 0.650066
823 0.227228292757 0.248001907008 0.174041 0.650066
824 0.215625 0.24254899823 0.174041 0.650066
825 0.211592799745 0.28384384808 0.174041 0.650066
826 0.2117994559 0.25874705482 0.174041 0.650066
827 0.20625 0.237901970155 0.174041 0.650066
828 0.198764141628 0.220833333333 0.174041 0.650066
829 0.195729748272 0.215307042916 0.174041 0.650066
830 0.19272426599 0.220833333333 0.174041 0.650066
831 0.190625 0.220568483345 0.174041 0.650066
832 0.186223477433 0.207671704922 0.174041 0.650066
833 0.18125 0.195833333333 0.174041 0.650066
834 0.190519276742 0.229166666667 0.174041 0.650066
835 0.1875 0.2125 0.174041 0.650066
836 0.189997358291 0.220833333333 0.174041 0.650066
837 0.195413659681 0.245572636162 0.174041 0.650066
838 0.190625 0.2125 0.174041 0.650066
839 0.192621500266 0.253236258827 0.174041 0.650066
840 0.192955566369 0.291479724533 0.174041 0.650066
841 0.19404873968 0.313337045468 0.174041 0.650066
842 0.197960134638 0.313553699657 0.174041 0.650066
843 0.196048508499 0.289642543019 0.174041 0.650066
844 0.204782578162 0.270882850385 0.174041 0.650066
845 0.213591141193 0.269346068193 0.174041 0.650066
846 0.222158492509 0.249804606892 0.174041 0.650066
847 0.227972918522 0.242783102904 0.174041 0.650066
848 0.229547740365 0.257554550719 0.174041 0.650066
849 0.221875 0.272244111928 0.174041 0.650066
850 0.217879837832 0.276284100315 0.174041 0.650066
851 0.225849651377 0.261387096825 0.174041 0.650066
852 0.229278915909 0.261592041108 0.174041 0.650066
853 0.229701741898 0.24931552496 0.174041 0.650066
854 0.225938261471 0.251421685715 0.174041 0.650066
855 0.225163200232 0.289015057134 0.174041 0.650066
856 0.231796958526 0.257357596846 0.174041 0.650066
857 0.231417189194 0.268515190803 0.174041 0.650066
858 0.253308461109 0.232557310985 0.174041 0.650066
859 0.265923216824 0.220573558035 0.174041 0.650066
860 0.278317820132 0.208076239824 0.174041 0.650066
861 0.28760168902 0.191666666667 0.174041 0.650066
862 0.309375 0.204166666667 0.174041 0.650066
863 0.315730180536 0.204031976156 0.174041 0.650066
864 0.33125 0.175 0.174041 0.650066
865 0.325316958243 0.191388542554 0.174041 0.650066
866 0.328125 0.225 0.174041 0.650066
867 0.331802613822 0.232010674898 0.174041 0.650066
868 0.34375 0.258333333333 0.174041 0.650066
869 0.350942757464 0.264102419475 0.174041 0.650066
870 0.353125 0.276749396775 0.174041 0.650066
871 0.3625 0.257036582072 0.174041 0.650066
872 0.36875 0.269027370733 0.174041 0.650066
873 0.375 0.251858141501 0.174041 0.650066
874 0.378125 0.247183516205 0.174041 0.650066
875 0.381459989697 0.227563301642 0.174041 0.650066
876 0.390843022888 0.212790697184 0.174041 0.650066
877 0.391279070313 0.236066022101 0.174041 0.650066
878 0.373536231024 0.2 0.174041 0.650066
879 0.375962252031 0.222260321563 0.174041 0.650066
880 0.370204130249 0.23343638583 0.174041 0.650066
881 0.384406107368 0.270952230552 0.174041 0.650066
882 0.364338489212 0.24580488728 0.174041 0.650066
883 0.372936254586 0.261996688268 0.174041 0.650066
884 0.357899861442 0.270409581594 0.174041 0.650066
885 0.34828229107 0.264149534966 0.174041 0.650066
886 0.406124640189 0.304667854792 0.174041 0.650066
887 0.435778112486 0.215136576172 0.174041 0.650066
888 0.446500964748 0.150318343875 0.174041 0.650066
889 0.475084059649 0.0456595962863 0.174041 0.650066
890 0.462692897878 0.0716907440274 0.174041 0.650066
891 0.469648774186 0.0426718858054 0.174041 0.650066
892 0.454717497511 0.0982703944406 0.174041 0.650066
893 0.453585619626 0.110063697363 0.174041 0.650066
894 0.442390174185 0.191620578213 0.174041 0.650066
895 0.437400567249 0.283727906574 0.174041 0.650066
896 0.439664868965 0.351527110824 0.174041 0.650066
897 0.43765955129 0.382204175091 0.174041 0.650066
898 0.431842274875 0.390080042801 0.174041 0.650066
899 0.431538143222 0.426511621266 0.174041 0.650066
900 0.42694488405 0.47894681773 0.174041 0.650066
901 0.4339851853 0.465887649624 0.174041 0.650066
902 0.416321517413 0.491905926656 0.174041 0.650066
903 0.428942626224 0.500549484676 0.174041 0.650066
904 0.422518285325 0.540170802276 0.174041 0.650066
905 0.429424979093 0.595924829556 0.174041 0.650066
906 0.444376260608 0.592893944438 0.174041 0.650066
907 0.461267230953 0.59867438906 0.174041 0.650066
908 0.443892145741 0.650189632235 0.174041 0.650066
909 0.475296842022 0.678130420053 0.174041 0.650066
910 0.485799048754 0.724880946135 0.174041 0.650066
911 0.522065243659 0.780650998893 0.174041 0.650066
912 0.518198029888 0.781771644582 0.174041 0.650066
913 0.506181893073 0.725958673348 0.174041 0.650066
914 0.523042154806 0.71679176729 0.174041 0.650066
915 0.539416866967 0.723369481048 0.174041 0.650066
916 0.554964591624 0.705187202834 0.174041 0.650066
917 0.588327719892 0.686420157495 0.174041 0.650066
918 0.561749352165 0.697159047596 0.174041 0.650066
919 0.578945550087 0.699945933239 0.174041 0.650066
920 0.508503330963 0.453337052818 0.174041 0.650066
921 0.449464096157 0.284043360836 0.174041 0.650066
922 0.444055605579 0.226579991453 0.174041 0.650066
923 0.45 0.254587532297 0.174041 0.650066
924 0.45625 0.275 0.174041 0.650066
925 0.460730209654 0.2920799545 0.174041 0.650066
926 0.465625 0.314405933859 0.174041 0.650066
927 0.472490532946 0.319657309655 0.174041 0.650066
928 0.478482707382 0.334590185404 0.174041 0.650066
929 0.485028382328 0.336021692518 0.174041 0.650066
930 0.496875 0.416529172921 0.174041 0.650066
931 0.506642226282 0.431655113152 0.174041 0.650066
932 0.519179482072 0.395329490939 0.174041 0.650066
933 0.53274141634 0.371996281051 0.174041 0.650066
934 0.556335267802 0.373492999619 0.174041 0.650066
935 0.560949241796 0.37774525991 0.174041 0.650066
936 0.557173649161 0.382534041548 0.174041 0.650066
937 0.560974386503 0.368227278053 0.174041 0.650066
938 0.562674485826 0.387132922049 0.174041 0.650066
939 0.549676616504 0.397911295382 0.174041 0.650066
940 0.537246556156 0.383909450254 0.174041 0.650066
941 0.526984717903 0.382958037029 0.174041 0.650066
942 0.534906633263 0.367645166625 0.174041 0.650066
943 0.545427575716 0.366015247441 0.174041 0.650066
944 0.542574549719 0.364712016528 0.174041 0.650066
945 0.529755850187 0.380135738951 0.174041 0.650066
946 0.524809020399 0.361751632811 0.174041 0.650066
947 0.523898974502 0.312946482716 0.174041 0.650066
948 0.532370663014 0.29365124931 0.174041 0.650066
949 0.532334358763 0.311676213566 0.174041 0.650066
950 0.53125 0.2875 0.174041 0.650066
951 0.532093867772 0.291666666667 0.174041 0.650066
952 0.5375 0.3125 0.174041 0.650066
953 0.5375 0.306690324003 0.174041 0.650066
954 0.534794092088 0.332007935548 0.174041 0.650066
955 0.535654122779 0.331814634435 0.174041 0.650066
956 0.540625 0.32287227731 0.174041 0.650066
957 0.539637706628 0.297864733506 0.174041 0.650066
958 0.539528487462 0.313225106736 0.174041 0.650066
959 0.539685368371 0.29831375884 0.174041 0.650066
960 0.533853911161 0.322115532932 0.174041 0.650066
961 0.532827681181 0.3039003257 0.174041 0.650066
962 0.515625 0.307274704273 0.174041 0.650066
963 0.5 0.298304225861 0.174041 0.650066
964 0.479776980433 0.325283654577 0.174041 0.650066
965 0.457574838758 0.334277192748 0.174041 0.650066
966 0.43874250994 0.348343979691 0.174041 0.650066
967 0.428974065858 0.355118791812 0.174041 0.650066
968 0.40625 0.352216446436 0.174041 0.650066
969 0.396875 0.353147697562 0.174041 0.650066
970 0.391985662944 0.353161389763 0.174041 0.650066
971 0.393955035374 0.34233681222 0.174041 0.650066
972 0.390733646713 0.336522826382 0.174041 0.650066
973 0.3875 0.326659123251 0.174041 0.650066
974 0.3875 0.34114149977 0.174041 0.650066
975 0.390625 0.34111707111 0.174041 0.650066
976 0.3875 0.334632708864 0.174041 0.650066
977 0.381561979871 0.362063221681 0.174041 0.650066
978 0.378641180705 0.352078669654 0.174041 0.650066
979 0.377913182569 0.363070990384 0.174041 0.650066
980 0.371875 0.383310566724 0.174041 0.650066
981 0.36875 0.39730115431 0.174041 0.650066
982 0.365656013624 0.391863569598 0.174041 0.650066
983 0.3625 0.39242477651 0.174041 0.650066
984 0.353125 0.416108861947 0.174041 0.650066
985 0.344017268572 0.434063924364 0.174041 0.650066
986 0.338166969995 0.395887235014 0.174041 0.650066
987 0.3375 0.382777167489 0.174041 0.650066
988 0.328295397649 0.363489428624 0.174041 0.650066
989 0.319180172277 0.34580790212 0.174041 0.650066
990 0.312698343914 0.358198215101 0.174041 0.650066
991 0.303125 0.356111111111 0.174041 0.650066
992 0.2940625 0.35875 0.174041 0.650066
993 0.277810511836 0.366956180743 0.174041 0.650066
994 0.261875 0.3725 0.174041 0.650066
995 0.246875 0.378611111111 0.174041 0.650066
996 0.236770833333 0.380694444444 0.174041 0.650066
997 0.2190625 0.371527777778 0.174041 0.650066
998 0.207809982404 0.367673638496 0.174041 0.650066
999 0.207703815103 0.36203840836 0.174041 0.650066
1000 0.209795877888 0.337287417822 0.174041 0.650066
1001 0.20625 0.312062692495 0.174041 0.650066
1002 0.21875 0.29963686641 0.174041 0.650066
1003 0.221875 0.272060748916 0.174041 0.650066
1004 0.241238817643 0.261364719483 0.174041 0.650066
1005 0.24375 0.271531506482 0.174041 0.650066
1006 0.25 0.283888888889 0.174041 0.650066
1007 0.25625 0.289583678686 0.174041 0.650066
1008 0.256372152695 0.308075552919 0.174041 0.650066
1009 0.256367231029 0.323864096792 0.174041 0.650066
1010 0.256722323112 0.356511354405 0.174041 0.650066
1011 0.253453732329 0.363630657336 0.174041 0.650066
1012 0.246350830946 0.370588981295 0.174041 0.650066
1013 0.24020411652 0.361403656187 0.174041 0.650066
1014 0.243645672495 0.356602666863 0.174041 0.650066
1015 0.245414651598 0.334883642086 0.174041 0.650066
1016 0.24405256298 0.328901679476 0.174041 0.650066
