./../data/Vid_F_person_fully_occluded.avi.avi
0 0.316017 0.176923 0.122655 0.634615
1 0.396875 0.3 0.121875 0.633333333333
2 0.396875 0.3 0.121875 0.633333333333
3 0.396875 0.2625 0.121875 0.633333333333
4 0.39375 0.2625 0.121875 0.633333333333
5 0.39375 0.304166666667 0.121875 0.633333333333
6 0.4 0.3 0.121875 0.633333333333
7 0.4 0.2875 0.121875 0.633333333333
8 0.4 0.2625 0.121875 0.633333333333
9 0.4 0.295833333333 0.121875 0.633333333333
10 0.4 0.3125 0.121875 0.633333333333
11 0.4 0.295833333333 0.121875 0.633333333333
12 0.4 0.2875 0.121875 0.633333333333
13 0.4 0.291666666667 0.121875 0.633333333333
14 0.4 0.291666666667 0.121875 0.633333333333
15 0.4 0.3 0.121875 0.633333333333
16 0.4 0.283333333333 0.121875 0.633333333333
17 0.4 0.3 0.121875 0.633333333333
18 0.4 0.291666666667 0.121875 0.633333333333
19 0.4 0.291666666667 0.121875 0.633333333333
20 0.4 0.2875 0.121875 0.633333333333
21 0.4 0.295833333333 0.121875 0.633333333333
22 0.4 0.3 0.121875 0.633333333333
23 0.396875 0.279166666667 0.121875 0.633333333333
24 0.396875 0.3 0.121875 0.633333333333
25 0.396875 0.279166666667 0.121875 0.633333333333
26 0.396875 0.279166666667 0.121875 0.633333333333
27 0.396875 0.295833333333 0.121875 0.633333333333
28 0.396875 0.295833333333 0.121875 0.633333333333
29 0.396875 0.308333333333 0.121875 0.633333333333
30 0.396875 0.304166666667 0.121875 0.633333333333
31 0.396875 0.291666666667 0.121875 0.633333333333
32 0.396875 0.295833333333 0.121875 0.633333333333
33 0.396875 0.291666666667 0.121875 0.633333333333
34 0.396875 0.279166666667 0.121875 0.633333333333
35 0.396875 0.279166666667 0.121875 0.633333333333
36 0.396875 0.304166666667 0.121875 0.633333333333
37 0.4 0.304166666667 0.121875 0.633333333333
38 0.4 0.304166666667 0.121875 0.633333333333
39 0.4 0.3 0.121875 0.633333333333
40 0.4 0.3 0.121875 0.633333333333
41 0.4 0.308333333333 0.121875 0.633333333333
42 0.4 0.308333333333 0.121875 0.633333333333
43 0.4 0.295833333333 0.121875 0.633333333333
44 0.4 0.308333333333 0.121875 0.633333333333
45 0.403125 0.3125 0.121875 0.633333333333
46 0.403125 0.283333333333 0.121875 0.633333333333
47 0.403125 0.291666666667 0.121875 0.633333333333
48 0.403125 0.2875 0.121875 0.633333333333
49 0.409375 0.2875 0.121875 0.633333333333
50 0.409375 0.291666666667 0.121875 0.633333333333
51 0.409375 0.295833333333 0.121875 0.633333333333
52 0.409375 0.295833333333 0.121875 0.633333333333
53 0.409375 0.333333333333 0.121875 0.633333333333
54 0.4125 0.325 0.121875 0.633333333333
55 0.415625 0.320833333333 0.121875 0.633333333333
56 0.41875 0.320833333333 0.121875 0.633333333333
57 0.421875 0.291666666667 0.121875 0.633333333333
58 0.421875 0.3 0.121875 0.633333333333
59 0.425 0.3 0.121875 0.633333333333
60 0.43125 0.320833333333 0.121875 0.633333333333
61 0.43125 0.320833333333 0.121875 0.633333333333
62 0.4375 0.3125 0.121875 0.633333333333
63 0.45 0.320833333333 0.121875 0.633333333333
64 0.45 0.320833333333 0.121875 0.633333333333
65 0.453125 0.320833333333 0.121875 0.633333333333
66 0.453125 0.316666666667 0.121875 0.633333333333
67 0.475 0.316666666667 0.121875 0.633333333333
68 0.475 0.316666666667 0.121875 0.633333333333
69 0.475 0.329166666667 0.121875 0.633333333333
70 0.475 0.329166666667 0.121875 0.633333333333
71 0.475 0.316666666667 0.121875 0.633333333333
72 0.475 0.316666666667 0.121875 0.633333333333
73 0.475 0.308333333333 0.121875 0.633333333333
74 0.475 0.308333333333 0.121875 0.633333333333
75 0.475 0.283333333333 0.121875 0.633333333333
76 0.475 0.283333333333 0.121875 0.633333333333
77 0.475 0.283333333333 0.121875 0.633333333333
78 0.475 0.275 0.121875 0.633333333333
79 0.475 0.275 0.121875 0.633333333333
80 0.478125 0.2375 0.121875 0.633333333333
81 0.478125 0.229166666667 0.121875 0.633333333333
82 0.478125 0.229166666667 0.121875 0.633333333333
83 0.478125 0.241666666667 0.121875 0.633333333333
84 0.478125 0.241666666667 0.121875 0.633333333333
85 0.478125 0.229166666667 0.121875 0.633333333333
86 0.478125 0.175 0.121875 0.633333333333
87 0.478125 0.175 0.121875 0.633333333333
88 0.478125 0.175 0.121875 0.633333333333
89 0.478125 0.2 0.121875 0.633333333333
90 0.478125 0.220833333333 0.121875 0.633333333333
91 0.46875 0.258333333333 0.121875 0.633333333333
92 0.446875 0.258333333333 0.121875 0.633333333333
93 0.4375 0.275 0.121875 0.633333333333
94 0.428125 0.295833333333 0.121875 0.633333333333
95 0.428125 0.3 0.121875 0.633333333333
96 0.428125 0.341666666667 0.121875 0.633333333333
97 0.428125 0.329166666667 0.121875 0.633333333333
98 0.428125 0.333333333333 0.121875 0.633333333333
99 0.428125 0.341666666667 0.121875 0.633333333333
100 0.43125 0.3375 0.121875 0.633333333333
101 0.44375 0.329166666667 0.121875 0.633333333333
102 0.46875 0.325 0.121875 0.633333333333
103 0.48125 0.283333333333 0.121875 0.633333333333
104 0.5 0.254166666667 0.121875 0.633333333333
105 0.50625 0.241666666667 0.121875 0.633333333333
106 0.50625 0.233333333333 0.121875 0.633333333333
107 0.509375 0.2375 0.121875 0.633333333333
108 0.509375 0.233333333333 0.121875 0.633333333333
109 0.50625 0.25 0.121875 0.633333333333
110 0.478125 0.254166666667 0.121875 0.633333333333
111 0.471875 0.270833333333 0.121875 0.633333333333
112 0.471875 0.266666666667 0.121875 0.633333333333
113 0.471875 0.270833333333 0.121875 0.633333333333
114 0.471875 0.270833333333 0.121875 0.633333333333
115 0.471875 0.2125 0.121875 0.633333333333
116 0.471875 0.2125 0.121875 0.633333333333
117 0.471875 0.191666666667 0.121875 0.633333333333
118 0.471875 0.179166666667 0.121875 0.633333333333
119 0.5125 0.316666666667 0.121875 0.633333333333
120 0.51875 0.325 0.121875 0.633333333333
121 0.521875 0.3125 0.121875 0.633333333333
122 0.525 0.329166666667 0.121875 0.633333333333
123 0.525 0.35 0.121875 0.633333333333
124 0.56875 0.325 0.121875 0.633333333333
125 0.56875 0.333333333333 0.121875 0.633333333333
126 0.56875 0.333333333333 0.121875 0.633333333333
127 0.56875 0.329166666667 0.121875 0.633333333333
128 0.56875 0.333333333333 0.121875 0.633333333333
129 0.54375 0.366666666667 0.121875 0.633333333333
130 0.54375 0.354166666667 0.121875 0.633333333333
131 0.51875 0.358333333333 0.121875 0.633333333333
132 0.51875 0.358333333333 0.121875 0.633333333333
133 0.503125 0.341666666667 0.121875 0.633333333333
134 0.4875 0.354166666667 0.121875 0.633333333333
135 0.475 0.341666666667 0.121875 0.633333333333
136 0.459375 0.316666666667 0.121875 0.633333333333
137 0.4375 0.304166666667 0.121875 0.633333333333
138 0.4125 0.225 0.121875 0.633333333333
139 0.3875 0.133333333333 0.121875 0.633333333333
140 0.25 0.341666666667 0.121875 0.633333333333
141 0.196875 0.295833333333 0.121875 0.633333333333
142 0.1625 0.295833333333 0.121875 0.633333333333
143 0.134375 0.266666666667 0.121875 0.633333333333
144 0.121875 0.295833333333 0.121875 0.633333333333
145 0.115625 0.275 0.121875 0.633333333333
146 0.10625 0.258333333333 0.121875 0.633333333333
147 0.0875 0.2625 0.121875 0.633333333333
148 0.059375 0.308333333333 0.121875 0.633333333333
149 0.0 0.329166666667 0.121875 0.633333333333
150 0.0 0.3375 0.121875 0.633333333333
151 0.0 0.354166666667 0.121875 0.633333333333
152 0.0 0.366666666667 0.121875 0.633333333333
153 0.0 0.366666666667 0.121875 0.633333333333
154 0.0 0.366666666667 0.121875 0.633333333333
155 0.0 0.366666666667 0.121875 0.633333333333
156 0.0 0.366666666667 0.121875 0.633333333333
157 0.03125 0.366666666667 0.121875 0.633333333333
158 0.06875 0.366666666667 0.121875 0.633333333333
159 0.06875 0.366666666667 0.121875 0.633333333333
160 0.209375 0.245833333333 0.121875 0.633333333333
161 0.225 0.275 0.121875 0.633333333333
162 0.21875 0.295833333333 0.121875 0.633333333333
163 0.20625 0.325 0.121875 0.633333333333
164 0.159375 0.316666666667 0.121875 0.633333333333
165 0.128125 0.191666666667 0.121875 0.633333333333
166 0.11875 0.183333333333 0.121875 0.633333333333
167 0.10625 0.233333333333 0.121875 0.633333333333
168 0.090625 0.258333333333 0.121875 0.633333333333
169 0.0875 0.258333333333 0.121875 0.633333333333
170 0.059375 0.308333333333 0.121875 0.633333333333
171 0.028125 0.325 0.121875 0.633333333333
172 0.021875 0.329166666667 0.121875 0.633333333333
173 0.021875 0.308333333333 0.121875 0.633333333333
174 0.021875 0.304166666667 0.121875 0.633333333333
175 0.021875 0.304166666667 0.121875 0.633333333333
176 0.021875 0.325 0.121875 0.633333333333
177 0.003125 0.316666666667 0.121875 0.633333333333
178 0.0 0.325 0.121875 0.633333333333
179 0.0 0.35 0.121875 0.633333333333
180 0.0 0.316666666667 0.121875 0.633333333333
181 0.0 0.329166666667 0.121875 0.633333333333
182 0.0 0.3125 0.121875 0.633333333333
183 0.0 0.333333333333 0.121875 0.633333333333
184 0.0 0.325 0.121875 0.633333333333
185 0.0 0.333333333333 0.121875 0.633333333333
186 0.0 0.325 0.121875 0.633333333333
187 0.0 0.333333333333 0.121875 0.633333333333
188 0.0 0.333333333333 0.121875 0.633333333333
189 0.0 0.35 0.121875 0.633333333333
190 0.0 0.354166666667 0.121875 0.633333333333
191 0.0 0.333333333333 0.121875 0.633333333333
192 0.0 0.329166666667 0.121875 0.633333333333
193 0.0 0.329166666667 0.121875 0.633333333333
194 0.0 0.3375 0.121875 0.633333333333
195 0.0 0.341666666667 0.121875 0.633333333333
196 0.0 0.333333333333 0.121875 0.633333333333
197 0.0 0.333333333333 0.121875 0.633333333333
198 0.0 0.333333333333 0.121875 0.633333333333
199 0.0 0.354166666667 0.121875 0.633333333333
200 0.0 0.366666666667 0.121875 0.633333333333
201 0.0 0.358333333333 0.121875 0.633333333333
202 0.0 0.358333333333 0.121875 0.633333333333
203 0.0 0.320833333333 0.121875 0.633333333333
204 0.0 0.329166666667 0.121875 0.633333333333
205 0.0 0.3375 0.121875 0.633333333333
206 0.0 0.341666666667 0.121875 0.633333333333
207 0.0 0.3375 0.121875 0.633333333333
208 0.0 0.3375 0.121875 0.633333333333
209 0.0 0.3375 0.121875 0.633333333333
210 0.0 0.3375 0.121875 0.633333333333
211 0.0 0.3375 0.121875 0.633333333333
212 0.0 0.329166666667 0.121875 0.633333333333
213 0.0 0.325 0.121875 0.633333333333
214 0.0 0.329166666667 0.121875 0.633333333333
215 0.0 0.320833333333 0.121875 0.633333333333
216 0.0 0.304166666667 0.121875 0.633333333333
217 0.0 0.304166666667 0.121875 0.633333333333
218 0.028125 0.279166666667 0.121875 0.633333333333
219 0.01875 0.270833333333 0.121875 0.633333333333
220 0.015625 0.270833333333 0.121875 0.633333333333
221 0.0125 0.2625 0.121875 0.633333333333
222 0.0 0.25 0.121875 0.633333333333
223 0.0 0.25 0.121875 0.633333333333
224 0.0 0.25 0.121875 0.633333333333
225 0.0 0.258333333333 0.121875 0.633333333333
226 0.0 0.254166666667 0.121875 0.633333333333
227 0.0 0.295833333333 0.121875 0.633333333333
228 0.0 0.295833333333 0.121875 0.633333333333
229 0.0 0.304166666667 0.121875 0.633333333333
230 0.0 0.25 0.121875 0.633333333333
231 0.0 0.270833333333 0.121875 0.633333333333
232 0.0 0.329166666667 0.121875 0.633333333333
233 0.0 0.270833333333 0.121875 0.633333333333
234 0.0 0.333333333333 0.121875 0.633333333333
235 0.0 0.366666666667 0.121875 0.633333333333
236 0.0 0.366666666667 0.121875 0.633333333333
237 0.0 0.366666666667 0.121875 0.633333333333
238 0.0 0.304166666667 0.121875 0.633333333333
239 0.0 0.366666666667 0.121875 0.633333333333
240 0.0 0.366666666667 0.121875 0.633333333333
241 0.009375 0.366666666667 0.121875 0.633333333333
242 0.0 0.366666666667 0.121875 0.633333333333
243 0.0 0.366666666667 0.121875 0.633333333333
244 0.0 0.366666666667 0.121875 0.633333333333
245 0.121875 0.270833333333 0.121875 0.633333333333
246 0.125 0.0791666666667 0.121875 0.633333333333
247 0.11875 0.0708333333333 0.121875 0.633333333333
248 0.103125 0.0 0.121875 0.633333333333
249 0.09375 0.0291666666667 0.121875 0.633333333333
250 0.071875 0.00833333333333 0.121875 0.633333333333
251 0.059375 0.0 0.121875 0.633333333333
252 0.05 0.0125 0.121875 0.633333333333
253 0.0375 0.0 0.121875 0.633333333333
254 0.028125 0.0 0.121875 0.633333333333
255 0.015625 0.0 0.121875 0.633333333333
256 0.0 0.0166666666667 0.121875 0.633333333333
257 0.0 0.133333333333 0.121875 0.633333333333
258 0.0 0.341666666667 0.121875 0.633333333333
259 0.0 0.366666666667 0.121875 0.633333333333
260 0.0 0.366666666667 0.121875 0.633333333333
261 0.0 0.195833333333 0.121875 0.633333333333
262 0.0 0.220833333333 0.121875 0.633333333333
263 0.0 0.258333333333 0.121875 0.633333333333
264 0.0 0.241666666667 0.121875 0.633333333333
265 0.0 0.295833333333 0.121875 0.633333333333
266 0.0 0.120833333333 0.121875 0.633333333333
267 0.00625 0.120833333333 0.121875 0.633333333333
268 0.128125 0.0 0.121875 0.633333333333
269 0.1125 0.0 0.121875 0.633333333333
270 0.071875 0.0 0.121875 0.633333333333
271 0.05 0.0 0.121875 0.633333333333
272 0.03125 0.0 0.121875 0.633333333333
273 0.00625 0.0 0.121875 0.633333333333
274 0.0 0.0 0.121875 0.633333333333
275 0.0 0.0 0.121875 0.633333333333
276 0.0 0.0 0.121875 0.633333333333
277 0.0 0.0 0.121875 0.633333333333
278 0.0 0.0 0.121875 0.633333333333
279 0.0 0.366666666667 0.121875 0.633333333333
280 0.0 0.366666666667 0.121875 0.633333333333
281 0.0 0.366666666667 0.121875 0.633333333333
282 0.0 0.366666666667 0.121875 0.633333333333
283 0.0 0.366666666667 0.121875 0.633333333333
284 0.0 0.366666666667 0.121875 0.633333333333
285 0.0 0.366666666667 0.121875 0.633333333333
286 0.0 0.366666666667 0.121875 0.633333333333
287 0.0 0.366666666667 0.121875 0.633333333333
288 0.0 0.366666666667 0.121875 0.633333333333
289 0.0 0.366666666667 0.121875 0.633333333333
290 0.0 0.366666666667 0.121875 0.633333333333
291 0.0 0.366666666667 0.121875 0.633333333333
292 0.0 0.366666666667 0.121875 0.633333333333
293 0.0 0.366666666667 0.121875 0.633333333333
294 0.0 0.366666666667 0.121875 0.633333333333
295 0.0 0.366666666667 0.121875 0.633333333333
296 0.0 0.366666666667 0.121875 0.633333333333
297 0.0 0.366666666667 0.121875 0.633333333333
298 0.0 0.366666666667 0.121875 0.633333333333
299 0.0 0.366666666667 0.121875 0.633333333333
300 0.0 0.366666666667 0.121875 0.633333333333
301 0.0 0.366666666667 0.121875 0.633333333333
302 0.0 0.366666666667 0.121875 0.633333333333
303 0.0 0.366666666667 0.121875 0.633333333333
304 0.0 0.366666666667 0.121875 0.633333333333
305 0.0 0.366666666667 0.121875 0.633333333333
306 0.0 0.366666666667 0.121875 0.633333333333
307 0.0 0.366666666667 0.121875 0.633333333333
308 0.0 0.366666666667 0.121875 0.633333333333
309 0.0 0.366666666667 0.121875 0.633333333333
310 0.0 0.366666666667 0.121875 0.633333333333
311 0.0 0.366666666667 0.121875 0.633333333333
312 0.0 0.366666666667 0.121875 0.633333333333
313 0.0 0.366666666667 0.121875 0.633333333333
314 0.0 0.366666666667 0.121875 0.633333333333
315 0.0 0.366666666667 0.121875 0.633333333333
316 0.0125 0.366666666667 0.121875 0.633333333333
317 0.021875 0.366666666667 0.121875 0.633333333333
318 0.021875 0.366666666667 0.121875 0.633333333333
319 0.021875 0.366666666667 0.121875 0.633333333333
320 0.021875 0.366666666667 0.121875 0.633333333333
321 0.021875 0.366666666667 0.121875 0.633333333333
322 0.084375 0.204166666667 0.121875 0.633333333333
323 0.0875 0.0958333333333 0.121875 0.633333333333
324 0.084375 0.0 0.121875 0.633333333333
325 0.071875 0.0 0.121875 0.633333333333
326 0.065625 0.0 0.121875 0.633333333333
327 0.05625 0.0 0.121875 0.633333333333
328 0.040625 0.0 0.121875 0.633333333333
329 0.028125 0.00833333333333 0.121875 0.633333333333
330 0.021875 0.0 0.121875 0.633333333333
331 0.01875 0.0 0.121875 0.633333333333
332 0.0 0.0166666666667 0.121875 0.633333333333
333 0.0 0.0625 0.121875 0.633333333333
334 0.0 0.0625 0.121875 0.633333333333
335 0.0 0.154166666667 0.121875 0.633333333333
336 0.0 0.141666666667 0.121875 0.633333333333
337 0.0 0.154166666667 0.121875 0.633333333333
338 0.0 0.154166666667 0.121875 0.633333333333
339 0.0 0.183333333333 0.121875 0.633333333333
340 0.0 0.3125 0.121875 0.633333333333
341 0.0 0.366666666667 0.121875 0.633333333333
342 0.0 0.366666666667 0.121875 0.633333333333
343 0.0 0.366666666667 0.121875 0.633333333333
344 0.0 0.366666666667 0.121875 0.633333333333
345 0.0 0.366666666667 0.121875 0.633333333333
346 0.01875 0.366666666667 0.121875 0.633333333333
347 0.01875 0.366666666667 0.121875 0.633333333333
348 0.01875 0.366666666667 0.121875 0.633333333333
349 0.01875 0.366666666667 0.121875 0.633333333333
350 0.06875 0.366666666667 0.121875 0.633333333333
351 0.1 0.129166666667 0.121875 0.633333333333
352 0.096875 0.0791666666667 0.121875 0.633333333333
353 0.090625 0.0833333333333 0.121875 0.633333333333
354 0.084375 0.0333333333333 0.121875 0.633333333333
355 0.078125 0.0 0.121875 0.633333333333
356 0.071875 0.0 0.121875 0.633333333333
357 0.065625 0.0 0.121875 0.633333333333
358 0.0625 0.0 0.121875 0.633333333333
359 0.053125 0.0 0.121875 0.633333333333
360 0.05 0.0 0.121875 0.633333333333
361 0.040625 0.0125 0.121875 0.633333333333
362 0.0375 0.0125 0.121875 0.633333333333
363 0.01875 0.0166666666667 0.121875 0.633333333333
364 0.0 0.1125 0.121875 0.633333333333
365 0.0 0.1125 0.121875 0.633333333333
366 0.0 0.366666666667 0.121875 0.633333333333
367 0.0 0.366666666667 0.121875 0.633333333333
368 0.0 0.366666666667 0.121875 0.633333333333
369 0.053125 0.366666666667 0.121875 0.633333333333
370 0.028125 0.366666666667 0.121875 0.633333333333
371 0.00625 0.366666666667 0.121875 0.633333333333
372 0.00625 0.366666666667 0.121875 0.633333333333
373 0.0 0.366666666667 0.121875 0.633333333333
374 0.0125 0.366666666667 0.121875 0.633333333333
375 0.190625 0.116666666667 0.121875 0.633333333333
376 0.215625 0.233333333333 0.121875 0.633333333333
377 0.215625 0.320833333333 0.121875 0.633333333333
378 0.215625 0.283333333333 0.121875 0.633333333333
379 0.190625 0.3125 0.121875 0.633333333333
380 0.190625 0.3125 0.121875 0.633333333333
381 0.190625 0.204166666667 0.121875 0.633333333333
382 0.190625 0.1625 0.121875 0.633333333333
383 0.153125 0.2 0.121875 0.633333333333
384 0.153125 0.2 0.121875 0.633333333333
385 0.153125 0.2 0.121875 0.633333333333
386 0.14375 0.154166666667 0.121875 0.633333333333
387 0.13125 0.183333333333 0.121875 0.633333333333
388 0.13125 0.216666666667 0.121875 0.633333333333
389 0.11875 0.325 0.121875 0.633333333333
390 0.11875 0.325 0.121875 0.633333333333
391 0.11875 0.325 0.121875 0.633333333333
392 0.103125 0.35 0.121875 0.633333333333
393 0.09375 0.35 0.121875 0.633333333333
394 0.090625 0.366666666667 0.121875 0.633333333333
395 0.075 0.354166666667 0.121875 0.633333333333
396 0.075 0.3 0.121875 0.633333333333
397 0.053125 0.270833333333 0.121875 0.633333333333
398 0.053125 0.270833333333 0.121875 0.633333333333
399 0.046875 0.3 0.121875 0.633333333333
400 0.0375 0.254166666667 0.121875 0.633333333333
401 0.0375 0.2375 0.121875 0.633333333333
402 0.0375 0.2375 0.121875 0.633333333333
403 0.015625 0.3125 0.121875 0.633333333333
404 0.0125 0.304166666667 0.121875 0.633333333333
405 0.0125 0.333333333333 0.121875 0.633333333333
406 0.0125 0.366666666667 0.121875 0.633333333333
407 0.0125 0.3125 0.121875 0.633333333333
408 0.0125 0.233333333333 0.121875 0.633333333333
409 0.0125 0.216666666667 0.121875 0.633333333333
410 0.0125 0.225 0.121875 0.633333333333
411 0.0125 0.220833333333 0.121875 0.633333333333
412 0.0125 0.1875 0.121875 0.633333333333
413 0.0125 0.179166666667 0.121875 0.633333333333
414 0.0125 0.145833333333 0.121875 0.633333333333
415 0.0125 0.05 0.121875 0.633333333333
416 0.0125 0.0583333333333 0.121875 0.633333333333
417 0.0125 0.0583333333333 0.121875 0.633333333333
418 0.009375 0.0583333333333 0.121875 0.633333333333
419 0.009375 0.120833333333 0.121875 0.633333333333
420 0.009375 0.120833333333 0.121875 0.633333333333
421 0.003125 0.0625 0.121875 0.633333333333
422 0.003125 0.0541666666667 0.121875 0.633333333333
423 0.0 0.0 0.121875 0.633333333333
424 0.0 0.0 0.121875 0.633333333333
425 0.0 0.0 0.121875 0.633333333333
426 0.0 0.0916666666667 0.121875 0.633333333333
427 0.0 0.0916666666667 0.121875 0.633333333333
428 0.0 0.0666666666667 0.121875 0.633333333333
429 0.0 0.133333333333 0.121875 0.633333333333
430 0.0 0.170833333333 0.121875 0.633333333333
431 0.0 0.366666666667 0.121875 0.633333333333
432 0.0 0.366666666667 0.121875 0.633333333333
433 0.0 0.366666666667 0.121875 0.633333333333
434 0.0 0.366666666667 0.121875 0.633333333333
435 0.021875 0.366666666667 0.121875 0.633333333333
436 0.021875 0.366666666667 0.121875 0.633333333333
437 0.0 0.366666666667 0.121875 0.633333333333
438 0.0 0.366666666667 0.121875 0.633333333333
439 0.0 0.366666666667 0.121875 0.633333333333
440 0.0 0.366666666667 0.121875 0.633333333333
441 0.0 0.366666666667 0.121875 0.633333333333
442 0.0 0.366666666667 0.121875 0.633333333333
443 0.0 0.366666666667 0.121875 0.633333333333
444 0.0 0.366666666667 0.121875 0.633333333333
445 0.0 0.366666666667 0.121875 0.633333333333
446 0.0 0.366666666667 0.121875 0.633333333333
447 0.0 0.366666666667 0.121875 0.633333333333
448 0.0 0.366666666667 0.121875 0.633333333333
449 0.0 0.366666666667 0.121875 0.633333333333
450 0.0 0.366666666667 0.121875 0.633333333333
451 0.0 0.366666666667 0.121875 0.633333333333
452 0.0 0.366666666667 0.121875 0.633333333333
