./../data/Vid_K_cup_on_table.avi.avi
0 0.435345 0.363985 0.109195 0.136973
1 0.425 0.358333333333 0.10625 0.133333333333
2 0.425 0.358333333333 0.10625 0.133333333333
3 0.425 0.358333333333 0.10625 0.133333333333
4 0.425 0.3625 0.10625 0.133333333333
5 0.425 0.3625 0.10625 0.133333333333
6 0.425 0.3625 0.10625 0.133333333333
7 0.421875 0.3625 0.10625 0.133333333333
8 0.421875 0.3625 0.10625 0.133333333333
9 0.421875 0.3625 0.10625 0.133333333333
10 0.425 0.366666666667 0.10625 0.133333333333
11 0.425 0.366666666667 0.10625 0.133333333333
12 0.425 0.366666666667 0.10625 0.133333333333
13 0.425 0.3625 0.10625 0.133333333333
14 0.425 0.3625 0.10625 0.133333333333
15 0.425 0.3625 0.10625 0.133333333333
16 0.425 0.366666666667 0.10625 0.133333333333
17 0.425 0.366666666667 0.10625 0.133333333333
18 0.421875 0.366666666667 0.10625 0.133333333333
19 0.425 0.366666666667 0.10625 0.133333333333
20 0.425 0.366666666667 0.10625 0.133333333333
21 0.425 0.366666666667 0.10625 0.133333333333
22 0.425 0.366666666667 0.10625 0.133333333333
23 0.425 0.3625 0.10625 0.133333333333
24 0.428125 0.366666666667 0.10625 0.133333333333
25 0.428125 0.366666666667 0.10625 0.133333333333
26 0.428125 0.366666666667 0.10625 0.133333333333
27 0.428125 0.366666666667 0.10625 0.133333333333
28 0.428125 0.3625 0.10625 0.133333333333
29 0.428125 0.3625 0.10625 0.133333333333
30 0.428125 0.3625 0.10625 0.133333333333
31 0.428125 0.3625 0.10625 0.133333333333
32 0.428125 0.3625 0.10625 0.133333333333
33 0.43125 0.3625 0.10625 0.133333333333
34 0.428125 0.366666666667 0.10625 0.133333333333
35 0.428125 0.366666666667 0.10625 0.133333333333
36 0.428125 0.3625 0.10625 0.133333333333
37 0.428125 0.366666666667 0.10625 0.133333333333
38 0.428125 0.366666666667 0.10625 0.133333333333
39 0.428125 0.366666666667 0.10625 0.133333333333
40 0.428125 0.366666666667 0.10625 0.133333333333
41 0.43125 0.370833333333 0.10625 0.133333333333
42 0.43125 0.366666666667 0.10625 0.133333333333
43 0.43125 0.366666666667 0.10625 0.133333333333
44 0.43125 0.366666666667 0.10625 0.133333333333
45 0.434375 0.366666666667 0.10625 0.133333333333
46 0.434375 0.366666666667 0.10625 0.133333333333
47 0.434375 0.366666666667 0.10625 0.133333333333
48 0.4375 0.366666666667 0.10625 0.133333333333
49 0.434375 0.3625 0.10625 0.133333333333
50 0.434375 0.366666666667 0.10625 0.133333333333
51 0.434375 0.366666666667 0.10625 0.133333333333
52 0.434375 0.3625 0.10625 0.133333333333
53 0.434375 0.3625 0.10625 0.133333333333
54 0.434375 0.3625 0.10625 0.133333333333
55 0.434375 0.366666666667 0.10625 0.133333333333
56 0.434375 0.366666666667 0.10625 0.133333333333
57 0.434375 0.366666666667 0.10625 0.133333333333
58 0.43125 0.366666666667 0.10625 0.133333333333
59 0.434375 0.366666666667 0.10625 0.133333333333
60 0.434375 0.366666666667 0.10625 0.133333333333
61 0.43125 0.3625 0.10625 0.133333333333
62 0.43125 0.366666666667 0.10625 0.133333333333
63 0.43125 0.3625 0.10625 0.133333333333
64 0.43125 0.366666666667 0.10625 0.133333333333
65 0.434375 0.3625 0.10625 0.133333333333
66 0.434375 0.366666666667 0.10625 0.133333333333
67 0.434375 0.366666666667 0.10625 0.133333333333
68 0.4375 0.3625 0.10625 0.133333333333
69 0.440625 0.3625 0.10625 0.133333333333
70 0.440625 0.3625 0.10625 0.133333333333
71 0.440625 0.3625 0.10625 0.133333333333
72 0.44375 0.3625 0.10625 0.133333333333
73 0.44375 0.3625 0.10625 0.133333333333
74 0.446875 0.3625 0.10625 0.133333333333
75 0.446875 0.366666666667 0.10625 0.133333333333
76 0.446875 0.366666666667 0.10625 0.133333333333
77 0.45 0.366666666667 0.10625 0.133333333333
78 0.45 0.366666666667 0.10625 0.133333333333
79 0.45 0.366666666667 0.10625 0.133333333333
80 0.45 0.366666666667 0.10625 0.133333333333
81 0.446875 0.366666666667 0.10625 0.133333333333
82 0.453125 0.366666666667 0.10625 0.133333333333
83 0.453125 0.366666666667 0.10625 0.133333333333
84 0.453125 0.366666666667 0.10625 0.133333333333
85 0.45625 0.366666666667 0.10625 0.133333333333
86 0.45625 0.366666666667 0.10625 0.133333333333
87 0.45625 0.3625 0.10625 0.133333333333
88 0.45625 0.366666666667 0.10625 0.133333333333
89 0.45625 0.366666666667 0.10625 0.133333333333
90 0.45625 0.366666666667 0.10625 0.133333333333
91 0.459375 0.3625 0.10625 0.133333333333
92 0.459375 0.3625 0.10625 0.133333333333
93 0.459375 0.3625 0.10625 0.133333333333
94 0.45625 0.3625 0.10625 0.133333333333
95 0.453125 0.3625 0.10625 0.133333333333
96 0.45625 0.3625 0.10625 0.133333333333
97 0.453125 0.358333333333 0.10625 0.133333333333
98 0.453125 0.358333333333 0.10625 0.133333333333
99 0.45 0.3625 0.10625 0.133333333333
100 0.45 0.358333333333 0.10625 0.133333333333
101 0.446875 0.358333333333 0.10625 0.133333333333
102 0.446875 0.358333333333 0.10625 0.133333333333
103 0.446875 0.358333333333 0.10625 0.133333333333
104 0.44375 0.358333333333 0.10625 0.133333333333
105 0.440625 0.358333333333 0.10625 0.133333333333
106 0.440625 0.358333333333 0.10625 0.133333333333
107 0.440625 0.3625 0.10625 0.133333333333
108 0.440625 0.3625 0.10625 0.133333333333
109 0.44375 0.35 0.10625 0.133333333333
110 0.446875 0.35 0.10625 0.133333333333
111 0.45 0.35 0.10625 0.133333333333
112 0.45625 0.341666666667 0.10625 0.133333333333
113 0.459375 0.341666666667 0.10625 0.133333333333
114 0.459375 0.341666666667 0.10625 0.133333333333
115 0.459375 0.341666666667 0.10625 0.133333333333
116 0.45625 0.341666666667 0.10625 0.133333333333
117 0.453125 0.341666666667 0.10625 0.133333333333
118 0.446875 0.341666666667 0.10625 0.133333333333
119 0.44375 0.3375 0.10625 0.133333333333
120 0.44375 0.3375 0.10625 0.133333333333
121 0.44375 0.341666666667 0.10625 0.133333333333
122 0.45 0.345833333333 0.10625 0.133333333333
123 0.45625 0.345833333333 0.10625 0.133333333333
124 0.465625 0.354166666667 0.10625 0.133333333333
125 0.475 0.354166666667 0.10625 0.133333333333
126 0.48125 0.35 0.10625 0.133333333333
127 0.48125 0.35 0.10625 0.133333333333
128 0.484375 0.358333333333 0.10625 0.133333333333
129 0.484375 0.3625 0.10625 0.133333333333
130 0.4875 0.3625 0.10625 0.133333333333
131 0.484375 0.366666666667 0.10625 0.133333333333
132 0.484375 0.366666666667 0.10625 0.133333333333
133 0.478125 0.366666666667 0.10625 0.133333333333
134 0.478125 0.366666666667 0.10625 0.133333333333
135 0.478125 0.366666666667 0.10625 0.133333333333
136 0.478125 0.366666666667 0.10625 0.133333333333
137 0.478125 0.366666666667 0.10625 0.133333333333
138 0.478125 0.366666666667 0.10625 0.133333333333
139 0.48125 0.366666666667 0.10625 0.133333333333
140 0.484375 0.366666666667 0.10625 0.133333333333
141 0.484375 0.366666666667 0.10625 0.133333333333
142 0.484375 0.366666666667 0.10625 0.133333333333
143 0.4875 0.366666666667 0.10625 0.133333333333
144 0.4875 0.366666666667 0.10625 0.133333333333
145 0.478125 0.370833333333 0.10625 0.133333333333
146 0.471875 0.370833333333 0.10625 0.133333333333
147 0.46875 0.370833333333 0.10625 0.133333333333
148 0.459375 0.375 0.10625 0.133333333333
149 0.453125 0.379166666667 0.10625 0.133333333333
150 0.45 0.383333333333 0.10625 0.133333333333
151 0.45 0.383333333333 0.10625 0.133333333333
152 0.446875 0.383333333333 0.10625 0.133333333333
153 0.446875 0.383333333333 0.10625 0.133333333333
154 0.446875 0.383333333333 0.10625 0.133333333333
155 0.45 0.383333333333 0.10625 0.133333333333
156 0.453125 0.383333333333 0.10625 0.133333333333
157 0.453125 0.383333333333 0.10625 0.133333333333
158 0.453125 0.383333333333 0.10625 0.133333333333
159 0.45625 0.383333333333 0.10625 0.133333333333
160 0.459375 0.379166666667 0.10625 0.133333333333
161 0.4625 0.379166666667 0.10625 0.133333333333
162 0.4625 0.370833333333 0.10625 0.133333333333
163 0.4625 0.370833333333 0.10625 0.133333333333
164 0.4625 0.366666666667 0.10625 0.133333333333
165 0.4625 0.366666666667 0.10625 0.133333333333
166 0.4625 0.3625 0.10625 0.133333333333
167 0.4625 0.358333333333 0.10625 0.133333333333
168 0.4625 0.358333333333 0.10625 0.133333333333
169 0.4625 0.358333333333 0.10625 0.133333333333
170 0.4625 0.3625 0.10625 0.133333333333
171 0.4625 0.366666666667 0.10625 0.133333333333
172 0.4625 0.375 0.10625 0.133333333333
173 0.459375 0.383333333333 0.10625 0.133333333333
174 0.4625 0.3875 0.10625 0.133333333333
175 0.465625 0.391666666667 0.10625 0.133333333333
176 0.471875 0.395833333333 0.10625 0.133333333333
177 0.475 0.4 0.10625 0.133333333333
178 0.478125 0.4 0.10625 0.133333333333
179 0.475 0.4 0.10625 0.133333333333
180 0.475 0.395833333333 0.10625 0.133333333333
181 0.471875 0.395833333333 0.10625 0.133333333333
182 0.46875 0.391666666667 0.10625 0.133333333333
183 0.4625 0.391666666667 0.10625 0.133333333333
184 0.4625 0.391666666667 0.10625 0.133333333333
185 0.45625 0.391666666667 0.10625 0.133333333333
186 0.453125 0.3875 0.10625 0.133333333333
187 0.446875 0.383333333333 0.10625 0.133333333333
188 0.44375 0.383333333333 0.10625 0.133333333333
189 0.440625 0.383333333333 0.10625 0.133333333333
190 0.440625 0.391666666667 0.10625 0.133333333333
191 0.44375 0.3875 0.10625 0.133333333333
192 0.44375 0.3875 0.10625 0.133333333333
193 0.45 0.3875 0.10625 0.133333333333
194 0.453125 0.3875 0.10625 0.133333333333
195 0.45625 0.383333333333 0.10625 0.133333333333
196 0.45625 0.383333333333 0.10625 0.133333333333
197 0.45625 0.383333333333 0.10625 0.133333333333
198 0.459375 0.383333333333 0.10625 0.133333333333
199 0.459375 0.379166666667 0.10625 0.133333333333
200 0.45625 0.379166666667 0.10625 0.133333333333
201 0.45625 0.379166666667 0.10625 0.133333333333
202 0.45625 0.379166666667 0.10625 0.133333333333
203 0.45625 0.379166666667 0.10625 0.133333333333
204 0.45625 0.379166666667 0.10625 0.133333333333
205 0.459375 0.379166666667 0.10625 0.133333333333
206 0.4625 0.383333333333 0.10625 0.133333333333
207 0.4625 0.391666666667 0.10625 0.133333333333
208 0.46875 0.391666666667 0.10625 0.133333333333
209 0.46875 0.391666666667 0.10625 0.133333333333
210 0.471875 0.391666666667 0.10625 0.133333333333
211 0.475 0.391666666667 0.10625 0.133333333333
212 0.48125 0.391666666667 0.10625 0.133333333333
213 0.484375 0.395833333333 0.10625 0.133333333333
214 0.4875 0.395833333333 0.10625 0.133333333333
215 0.490625 0.395833333333 0.10625 0.133333333333
216 0.4875 0.395833333333 0.10625 0.133333333333
217 0.4875 0.395833333333 0.10625 0.133333333333
218 0.484375 0.4 0.10625 0.133333333333
219 0.48125 0.4 0.10625 0.133333333333
220 0.475 0.4 0.10625 0.133333333333
221 0.46875 0.4 0.10625 0.133333333333
222 0.471875 0.404166666667 0.10625 0.133333333333
223 0.46875 0.404166666667 0.10625 0.133333333333
224 0.46875 0.404166666667 0.10625 0.133333333333
225 0.46875 0.404166666667 0.10625 0.133333333333
226 0.471875 0.404166666667 0.10625 0.133333333333
227 0.471875 0.404166666667 0.10625 0.133333333333
228 0.475 0.404166666667 0.10625 0.133333333333
229 0.475 0.4 0.10625 0.133333333333
230 0.475 0.4 0.10625 0.133333333333
231 0.471875 0.4 0.10625 0.133333333333
232 0.471875 0.4 0.10625 0.133333333333
233 0.471875 0.4 0.10625 0.133333333333
234 0.471875 0.4 0.10625 0.133333333333
235 0.46875 0.4 0.10625 0.133333333333
236 0.4625 0.4 0.10625 0.133333333333
237 0.459375 0.4 0.10625 0.133333333333
238 0.459375 0.4 0.10625 0.133333333333
239 0.459375 0.4 0.10625 0.133333333333
240 0.45625 0.4 0.10625 0.133333333333
241 0.45625 0.4 0.10625 0.133333333333
242 0.459375 0.404166666667 0.10625 0.133333333333
243 0.459375 0.404166666667 0.10625 0.133333333333
244 0.4625 0.404166666667 0.10625 0.133333333333
245 0.465625 0.404166666667 0.10625 0.133333333333
246 0.46875 0.404166666667 0.10625 0.133333333333
247 0.471875 0.391666666667 0.10625 0.133333333333
248 0.475 0.391666666667 0.10625 0.133333333333
249 0.475 0.391666666667 0.10625 0.133333333333
250 0.478125 0.391666666667 0.10625 0.133333333333
251 0.48125 0.391666666667 0.10625 0.133333333333
252 0.48125 0.391666666667 0.10625 0.133333333333
253 0.48125 0.3875 0.10625 0.133333333333
254 0.478125 0.3875 0.10625 0.133333333333
255 0.475 0.383333333333 0.10625 0.133333333333
256 0.471875 0.383333333333 0.10625 0.133333333333
257 0.46875 0.3875 0.10625 0.133333333333
258 0.4625 0.379166666667 0.10625 0.133333333333
259 0.459375 0.379166666667 0.10625 0.133333333333
260 0.45625 0.383333333333 0.10625 0.133333333333
261 0.45625 0.383333333333 0.10625 0.133333333333
262 0.453125 0.3875 0.10625 0.133333333333
263 0.44375 0.391666666667 0.10625 0.133333333333
264 0.440625 0.391666666667 0.10625 0.133333333333
265 0.440625 0.391666666667 0.10625 0.133333333333
266 0.4375 0.391666666667 0.10625 0.133333333333
267 0.446875 0.391666666667 0.10625 0.133333333333
268 0.453125 0.391666666667 0.10625 0.133333333333
269 0.45625 0.391666666667 0.10625 0.133333333333
270 0.45625 0.391666666667 0.10625 0.133333333333
271 0.45625 0.391666666667 0.10625 0.133333333333
272 0.453125 0.395833333333 0.10625 0.133333333333
273 0.453125 0.395833333333 0.10625 0.133333333333
274 0.446875 0.4 0.10625 0.133333333333
275 0.446875 0.4 0.10625 0.133333333333
276 0.446875 0.4 0.10625 0.133333333333
277 0.45 0.4 0.10625 0.133333333333
278 0.45625 0.4 0.10625 0.133333333333
279 0.465625 0.395833333333 0.10625 0.133333333333
280 0.46875 0.391666666667 0.10625 0.133333333333
281 0.478125 0.391666666667 0.10625 0.133333333333
282 0.48125 0.379166666667 0.10625 0.133333333333
283 0.48125 0.379166666667 0.10625 0.133333333333
284 0.48125 0.370833333333 0.10625 0.133333333333
285 0.484375 0.370833333333 0.10625 0.133333333333
286 0.484375 0.3625 0.10625 0.133333333333
287 0.4875 0.3625 0.10625 0.133333333333
288 0.4875 0.3625 0.10625 0.133333333333
289 0.490625 0.366666666667 0.10625 0.133333333333
290 0.490625 0.370833333333 0.10625 0.133333333333
291 0.49375 0.391666666667 0.10625 0.133333333333
292 0.5 0.391666666667 0.10625 0.133333333333
293 0.5 0.3875 0.10625 0.133333333333
294 0.5 0.3875 0.10625 0.133333333333
295 0.503125 0.3875 0.10625 0.133333333333
296 0.50625 0.395833333333 0.10625 0.133333333333
297 0.515625 0.395833333333 0.10625 0.133333333333
298 0.515625 0.3875 0.10625 0.133333333333
299 0.521875 0.3875 0.10625 0.133333333333
300 0.525 0.383333333333 0.10625 0.133333333333
301 0.528125 0.383333333333 0.10625 0.133333333333
302 0.528125 0.3875 0.10625 0.133333333333
303 0.528125 0.3875 0.10625 0.133333333333
304 0.521875 0.3875 0.10625 0.133333333333
305 0.5125 0.383333333333 0.10625 0.133333333333
306 0.503125 0.375 0.10625 0.133333333333
307 0.496875 0.383333333333 0.10625 0.133333333333
308 0.49375 0.3875 0.10625 0.133333333333
309 0.484375 0.3875 0.10625 0.133333333333
310 0.475 0.383333333333 0.10625 0.133333333333
311 0.46875 0.383333333333 0.10625 0.133333333333
312 0.465625 0.383333333333 0.10625 0.133333333333
313 0.465625 0.383333333333 0.10625 0.133333333333
314 0.4625 0.3875 0.10625 0.133333333333
315 0.45 0.383333333333 0.10625 0.133333333333
316 0.446875 0.383333333333 0.10625 0.133333333333
317 0.446875 0.383333333333 0.10625 0.133333333333
318 0.45 0.383333333333 0.10625 0.133333333333
319 0.446875 0.383333333333 0.10625 0.133333333333
320 0.446875 0.383333333333 0.10625 0.133333333333
321 0.44375 0.383333333333 0.10625 0.133333333333
322 0.44375 0.383333333333 0.10625 0.133333333333
323 0.44375 0.383333333333 0.10625 0.133333333333
324 0.446875 0.3875 0.10625 0.133333333333
325 0.446875 0.383333333333 0.10625 0.133333333333
326 0.446875 0.383333333333 0.10625 0.133333333333
327 0.446875 0.383333333333 0.10625 0.133333333333
328 0.446875 0.383333333333 0.10625 0.133333333333
329 0.446875 0.383333333333 0.10625 0.133333333333
330 0.446875 0.375 0.10625 0.133333333333
331 0.44375 0.379166666667 0.10625 0.133333333333
332 0.4375 0.379166666667 0.10625 0.133333333333
333 0.4375 0.375 0.10625 0.133333333333
334 0.4375 0.375 0.10625 0.133333333333
335 0.4375 0.370833333333 0.10625 0.133333333333
336 0.4375 0.370833333333 0.10625 0.133333333333
337 0.4375 0.370833333333 0.10625 0.133333333333
338 0.4375 0.370833333333 0.10625 0.133333333333
339 0.4375 0.370833333333 0.10625 0.133333333333
340 0.4375 0.370833333333 0.10625 0.133333333333
341 0.4375 0.366666666667 0.10625 0.133333333333
342 0.4375 0.366666666667 0.10625 0.133333333333
343 0.4375 0.366666666667 0.10625 0.133333333333
344 0.4375 0.366666666667 0.10625 0.133333333333
345 0.4375 0.366666666667 0.10625 0.133333333333
346 0.434375 0.366666666667 0.10625 0.133333333333
347 0.43125 0.366666666667 0.10625 0.133333333333
348 0.434375 0.370833333333 0.10625 0.133333333333
349 0.43125 0.370833333333 0.10625 0.133333333333
350 0.428125 0.370833333333 0.10625 0.133333333333
351 0.428125 0.379166666667 0.10625 0.133333333333
352 0.43125 0.3875 0.10625 0.133333333333
353 0.43125 0.3875 0.10625 0.133333333333
354 0.4375 0.391666666667 0.10625 0.133333333333
355 0.44375 0.391666666667 0.10625 0.133333333333
356 0.446875 0.4 0.10625 0.133333333333
357 0.453125 0.4 0.10625 0.133333333333
358 0.459375 0.404166666667 0.10625 0.133333333333
359 0.46875 0.395833333333 0.10625 0.133333333333
360 0.465625 0.404166666667 0.10625 0.133333333333
361 0.46875 0.408333333333 0.10625 0.133333333333
362 0.46875 0.404166666667 0.10625 0.133333333333
363 0.46875 0.404166666667 0.10625 0.133333333333
364 0.46875 0.404166666667 0.10625 0.133333333333
365 0.46875 0.404166666667 0.10625 0.133333333333
366 0.471875 0.404166666667 0.10625 0.133333333333
367 0.471875 0.404166666667 0.10625 0.133333333333
368 0.471875 0.408333333333 0.10625 0.133333333333
369 0.471875 0.408333333333 0.10625 0.133333333333
370 0.46875 0.408333333333 0.10625 0.133333333333
371 0.46875 0.408333333333 0.10625 0.133333333333
372 0.471875 0.408333333333 0.10625 0.133333333333
373 0.471875 0.408333333333 0.10625 0.133333333333
374 0.471875 0.4125 0.10625 0.133333333333
375 0.475 0.416666666667 0.10625 0.133333333333
376 0.471875 0.4125 0.10625 0.133333333333
377 0.471875 0.408333333333 0.10625 0.133333333333
378 0.471875 0.4125 0.10625 0.133333333333
379 0.471875 0.4125 0.10625 0.133333333333
380 0.471875 0.4125 0.10625 0.133333333333
381 0.471875 0.416666666667 0.10625 0.133333333333
382 0.46875 0.416666666667 0.10625 0.133333333333
383 0.465625 0.416666666667 0.10625 0.133333333333
384 0.465625 0.4125 0.10625 0.133333333333
385 0.465625 0.404166666667 0.10625 0.133333333333
386 0.4625 0.408333333333 0.10625 0.133333333333
387 0.465625 0.404166666667 0.10625 0.133333333333
388 0.459375 0.404166666667 0.10625 0.133333333333
389 0.45625 0.4 0.10625 0.133333333333
390 0.45625 0.395833333333 0.10625 0.133333333333
391 0.453125 0.391666666667 0.10625 0.133333333333
392 0.45 0.3875 0.10625 0.133333333333
393 0.446875 0.3875 0.10625 0.133333333333
394 0.446875 0.3875 0.10625 0.133333333333
395 0.44375 0.383333333333 0.10625 0.133333333333
396 0.44375 0.379166666667 0.10625 0.133333333333
397 0.44375 0.379166666667 0.10625 0.133333333333
398 0.446875 0.375 0.10625 0.133333333333
399 0.45 0.375 0.10625 0.133333333333
400 0.453125 0.375 0.10625 0.133333333333
401 0.453125 0.375 0.10625 0.133333333333
402 0.453125 0.375 0.10625 0.133333333333
403 0.453125 0.370833333333 0.10625 0.133333333333
404 0.45 0.370833333333 0.10625 0.133333333333
405 0.446875 0.370833333333 0.10625 0.133333333333
406 0.44375 0.375 0.10625 0.133333333333
407 0.44375 0.370833333333 0.10625 0.133333333333
408 0.440625 0.370833333333 0.10625 0.133333333333
409 0.440625 0.366666666667 0.10625 0.133333333333
410 0.4375 0.3625 0.10625 0.133333333333
411 0.4375 0.3625 0.10625 0.133333333333
412 0.4375 0.35 0.10625 0.133333333333
413 0.434375 0.35 0.10625 0.133333333333
414 0.44375 0.35 0.10625 0.133333333333
415 0.45 0.345833333333 0.10625 0.133333333333
416 0.45 0.345833333333 0.10625 0.133333333333
417 0.45 0.341666666667 0.10625 0.133333333333
418 0.45625 0.341666666667 0.10625 0.133333333333
419 0.459375 0.345833333333 0.10625 0.133333333333
420 0.45625 0.3375 0.10625 0.133333333333
421 0.45 0.3375 0.10625 0.133333333333
422 0.446875 0.333333333333 0.10625 0.133333333333
423 0.440625 0.333333333333 0.10625 0.133333333333
424 0.440625 0.3375 0.10625 0.133333333333
425 0.4375 0.341666666667 0.10625 0.133333333333
426 0.434375 0.341666666667 0.10625 0.133333333333
427 0.428125 0.341666666667 0.10625 0.133333333333
428 0.425 0.35 0.10625 0.133333333333
429 0.415625 0.35 0.10625 0.133333333333
430 0.40625 0.354166666667 0.10625 0.133333333333
431 0.4 0.354166666667 0.10625 0.133333333333
432 0.39375 0.354166666667 0.10625 0.133333333333
433 0.390625 0.354166666667 0.10625 0.133333333333
434 0.3875 0.35 0.10625 0.133333333333
435 0.384375 0.35 0.10625 0.133333333333
436 0.3875 0.35 0.10625 0.133333333333
437 0.390625 0.354166666667 0.10625 0.133333333333
438 0.39375 0.354166666667 0.10625 0.133333333333
439 0.396875 0.35 0.10625 0.133333333333
440 0.403125 0.354166666667 0.10625 0.133333333333
441 0.409375 0.354166666667 0.10625 0.133333333333
442 0.415625 0.358333333333 0.10625 0.133333333333
443 0.415625 0.354166666667 0.10625 0.133333333333
444 0.41875 0.354166666667 0.10625 0.133333333333
445 0.421875 0.3625 0.10625 0.133333333333
446 0.421875 0.3625 0.10625 0.133333333333
447 0.428125 0.3625 0.10625 0.133333333333
448 0.43125 0.3625 0.10625 0.133333333333
449 0.434375 0.3625 0.10625 0.133333333333
450 0.434375 0.370833333333 0.10625 0.133333333333
451 0.4375 0.366666666667 0.10625 0.133333333333
452 0.440625 0.366666666667 0.10625 0.133333333333
453 0.44375 0.366666666667 0.10625 0.133333333333
454 0.446875 0.366666666667 0.10625 0.133333333333
455 0.45 0.370833333333 0.10625 0.133333333333
456 0.453125 0.366666666667 0.10625 0.133333333333
457 0.453125 0.366666666667 0.10625 0.133333333333
458 0.453125 0.366666666667 0.10625 0.133333333333
459 0.453125 0.366666666667 0.10625 0.133333333333
460 0.45 0.3625 0.10625 0.133333333333
461 0.446875 0.358333333333 0.10625 0.133333333333
462 0.440625 0.358333333333 0.10625 0.133333333333
463 0.434375 0.358333333333 0.10625 0.133333333333
464 0.43125 0.358333333333 0.10625 0.133333333333
465 0.43125 0.358333333333 0.10625 0.133333333333
466 0.43125 0.358333333333 0.10625 0.133333333333
467 0.428125 0.358333333333 0.10625 0.133333333333
468 0.428125 0.354166666667 0.10625 0.133333333333
469 0.425 0.358333333333 0.10625 0.133333333333
470 0.421875 0.358333333333 0.10625 0.133333333333
471 0.421875 0.358333333333 0.10625 0.133333333333
472 0.41875 0.366666666667 0.10625 0.133333333333
473 0.421875 0.366666666667 0.10625 0.133333333333
474 0.428125 0.366666666667 0.10625 0.133333333333
475 0.4375 0.3625 0.10625 0.133333333333
476 0.44375 0.375 0.10625 0.133333333333
477 0.446875 0.379166666667 0.10625 0.133333333333
478 0.44375 0.383333333333 0.10625 0.133333333333
479 0.44375 0.383333333333 0.10625 0.133333333333
480 0.44375 0.383333333333 0.10625 0.133333333333
481 0.440625 0.391666666667 0.10625 0.133333333333
482 0.4375 0.391666666667 0.10625 0.133333333333
483 0.434375 0.383333333333 0.10625 0.133333333333
484 0.43125 0.3875 0.10625 0.133333333333
485 0.428125 0.3875 0.10625 0.133333333333
486 0.425 0.3875 0.10625 0.133333333333
487 0.421875 0.3875 0.10625 0.133333333333
488 0.421875 0.383333333333 0.10625 0.133333333333
489 0.41875 0.379166666667 0.10625 0.133333333333
490 0.415625 0.379166666667 0.10625 0.133333333333
491 0.4125 0.379166666667 0.10625 0.133333333333
492 0.415625 0.379166666667 0.10625 0.133333333333
493 0.41875 0.379166666667 0.10625 0.133333333333
494 0.421875 0.379166666667 0.10625 0.133333333333
495 0.425 0.375 0.10625 0.133333333333
496 0.425 0.375 0.10625 0.133333333333
497 0.43125 0.370833333333 0.10625 0.133333333333
498 0.43125 0.358333333333 0.10625 0.133333333333
499 0.434375 0.366666666667 0.10625 0.133333333333
500 0.4375 0.358333333333 0.10625 0.133333333333
501 0.440625 0.35 0.10625 0.133333333333
502 0.446875 0.3375 0.10625 0.133333333333
503 0.45 0.3375 0.10625 0.133333333333
504 0.45625 0.320833333333 0.10625 0.133333333333
505 0.459375 0.316666666667 0.10625 0.133333333333
506 0.4625 0.270833333333 0.10625 0.133333333333
507 0.459375 0.270833333333 0.10625 0.133333333333
508 0.4625 0.208333333333 0.10625 0.133333333333
509 0.4625 0.208333333333 0.10625 0.133333333333
510 0.4625 0.204166666667 0.10625 0.133333333333
511 0.459375 0.204166666667 0.10625 0.133333333333
512 0.459375 0.204166666667 0.10625 0.133333333333
513 0.45625 0.204166666667 0.10625 0.133333333333
514 0.45625 0.2 0.10625 0.133333333333
515 0.453125 0.204166666667 0.10625 0.133333333333
516 0.453125 0.2 0.10625 0.133333333333
517 0.453125 0.2 0.10625 0.133333333333
518 0.45 0.195833333333 0.10625 0.133333333333
519 0.453125 0.195833333333 0.10625 0.133333333333
520 0.453125 0.1875 0.10625 0.133333333333
521 0.45 0.183333333333 0.10625 0.133333333333
522 0.453125 0.183333333333 0.10625 0.133333333333
523 0.45 0.183333333333 0.10625 0.133333333333
524 0.446875 0.179166666667 0.10625 0.133333333333
525 0.44375 0.179166666667 0.10625 0.133333333333
526 0.44375 0.179166666667 0.10625 0.133333333333
527 0.440625 0.183333333333 0.10625 0.133333333333
528 0.440625 0.183333333333 0.10625 0.133333333333
529 0.4375 0.183333333333 0.10625 0.133333333333
530 0.4375 0.183333333333 0.10625 0.133333333333
531 0.434375 0.183333333333 0.10625 0.133333333333
532 0.434375 0.183333333333 0.10625 0.133333333333
533 0.43125 0.183333333333 0.10625 0.133333333333
534 0.428125 0.1875 0.10625 0.133333333333
535 0.43125 0.1875 0.10625 0.133333333333
536 0.428125 0.191666666667 0.10625 0.133333333333
537 0.428125 0.2 0.10625 0.133333333333
538 0.425 0.2 0.10625 0.133333333333
539 0.428125 0.208333333333 0.10625 0.133333333333
540 0.425 0.2125 0.10625 0.133333333333
541 0.425 0.2125 0.10625 0.133333333333
542 0.425 0.216666666667 0.10625 0.133333333333
543 0.425 0.216666666667 0.10625 0.133333333333
544 0.425 0.225 0.10625 0.133333333333
545 0.421875 0.225 0.10625 0.133333333333
546 0.421875 0.225 0.10625 0.133333333333
547 0.425 0.225 0.10625 0.133333333333
548 0.425 0.229166666667 0.10625 0.133333333333
549 0.425 0.233333333333 0.10625 0.133333333333
550 0.425 0.233333333333 0.10625 0.133333333333
551 0.421875 0.2375 0.10625 0.133333333333
552 0.425 0.2375 0.10625 0.133333333333
553 0.421875 0.2375 0.10625 0.133333333333
554 0.421875 0.2375 0.10625 0.133333333333
555 0.41875 0.2375 0.10625 0.133333333333
556 0.41875 0.2375 0.10625 0.133333333333
557 0.41875 0.2375 0.10625 0.133333333333
558 0.421875 0.2375 0.10625 0.133333333333
559 0.41875 0.2375 0.10625 0.133333333333
560 0.41875 0.2375 0.10625 0.133333333333
561 0.415625 0.2375 0.10625 0.133333333333
562 0.41875 0.2375 0.10625 0.133333333333
563 0.415625 0.2375 0.10625 0.133333333333
564 0.41875 0.2375 0.10625 0.133333333333
565 0.415625 0.2375 0.10625 0.133333333333
566 0.415625 0.2375 0.10625 0.133333333333
567 0.41875 0.241666666667 0.10625 0.133333333333
568 0.421875 0.241666666667 0.10625 0.133333333333
569 0.425 0.241666666667 0.10625 0.133333333333
570 0.425 0.2375 0.10625 0.133333333333
571 0.428125 0.2375 0.10625 0.133333333333
572 0.43125 0.2375 0.10625 0.133333333333
573 0.434375 0.2375 0.10625 0.133333333333
574 0.434375 0.233333333333 0.10625 0.133333333333
575 0.4375 0.233333333333 0.10625 0.133333333333
576 0.4375 0.229166666667 0.10625 0.133333333333
577 0.4375 0.229166666667 0.10625 0.133333333333
578 0.440625 0.233333333333 0.10625 0.133333333333
579 0.440625 0.233333333333 0.10625 0.133333333333
580 0.440625 0.233333333333 0.10625 0.133333333333
581 0.440625 0.233333333333 0.10625 0.133333333333
582 0.44375 0.233333333333 0.10625 0.133333333333
583 0.44375 0.233333333333 0.10625 0.133333333333
584 0.44375 0.233333333333 0.10625 0.133333333333
585 0.44375 0.233333333333 0.10625 0.133333333333
586 0.446875 0.233333333333 0.10625 0.133333333333
587 0.446875 0.233333333333 0.10625 0.133333333333
588 0.446875 0.229166666667 0.10625 0.133333333333
589 0.446875 0.233333333333 0.10625 0.133333333333
590 0.446875 0.233333333333 0.10625 0.133333333333
591 0.446875 0.233333333333 0.10625 0.133333333333
592 0.446875 0.233333333333 0.10625 0.133333333333
593 0.44375 0.233333333333 0.10625 0.133333333333
594 0.44375 0.2375 0.10625 0.133333333333
595 0.44375 0.2375 0.10625 0.133333333333
596 0.440625 0.233333333333 0.10625 0.133333333333
597 0.440625 0.2375 0.10625 0.133333333333
598 0.4375 0.2375 0.10625 0.133333333333
599 0.4375 0.241666666667 0.10625 0.133333333333
600 0.434375 0.241666666667 0.10625 0.133333333333
601 0.434375 0.241666666667 0.10625 0.133333333333
602 0.4375 0.245833333333 0.10625 0.133333333333
603 0.440625 0.245833333333 0.10625 0.133333333333
604 0.440625 0.25 0.10625 0.133333333333
605 0.44375 0.25 0.10625 0.133333333333
606 0.45 0.245833333333 0.10625 0.133333333333
607 0.453125 0.245833333333 0.10625 0.133333333333
608 0.459375 0.245833333333 0.10625 0.133333333333
609 0.4625 0.245833333333 0.10625 0.133333333333
610 0.4625 0.241666666667 0.10625 0.133333333333
611 0.465625 0.241666666667 0.10625 0.133333333333
612 0.46875 0.2375 0.10625 0.133333333333
613 0.475 0.233333333333 0.10625 0.133333333333
614 0.478125 0.233333333333 0.10625 0.133333333333
615 0.478125 0.229166666667 0.10625 0.133333333333
616 0.48125 0.229166666667 0.10625 0.133333333333
617 0.484375 0.233333333333 0.10625 0.133333333333
618 0.484375 0.2375 0.10625 0.133333333333
619 0.484375 0.2375 0.10625 0.133333333333
620 0.484375 0.233333333333 0.10625 0.133333333333
621 0.4875 0.229166666667 0.10625 0.133333333333
622 0.4875 0.233333333333 0.10625 0.133333333333
623 0.4875 0.233333333333 0.10625 0.133333333333
624 0.490625 0.233333333333 0.10625 0.133333333333
625 0.49375 0.229166666667 0.10625 0.133333333333
626 0.503125 0.233333333333 0.10625 0.133333333333
627 0.50625 0.229166666667 0.10625 0.133333333333
628 0.503125 0.229166666667 0.10625 0.133333333333
629 0.509375 0.225 0.10625 0.133333333333
630 0.5125 0.225 0.10625 0.133333333333
631 0.515625 0.225 0.10625 0.133333333333
632 0.515625 0.225 0.10625 0.133333333333
633 0.51875 0.225 0.10625 0.133333333333
634 0.515625 0.220833333333 0.10625 0.133333333333
635 0.5125 0.220833333333 0.10625 0.133333333333
636 0.509375 0.220833333333 0.10625 0.133333333333
637 0.50625 0.220833333333 0.10625 0.133333333333
638 0.496875 0.220833333333 0.10625 0.133333333333
639 0.49375 0.225 0.10625 0.133333333333
640 0.4875 0.225 0.10625 0.133333333333
641 0.4875 0.229166666667 0.10625 0.133333333333
642 0.484375 0.229166666667 0.10625 0.133333333333
643 0.48125 0.233333333333 0.10625 0.133333333333
644 0.4875 0.233333333333 0.10625 0.133333333333
645 0.4875 0.2375 0.10625 0.133333333333
646 0.490625 0.2375 0.10625 0.133333333333
647 0.49375 0.2375 0.10625 0.133333333333
648 0.49375 0.2375 0.10625 0.133333333333
649 0.496875 0.241666666667 0.10625 0.133333333333
650 0.496875 0.245833333333 0.10625 0.133333333333
651 0.5 0.245833333333 0.10625 0.133333333333
652 0.503125 0.241666666667 0.10625 0.133333333333
653 0.503125 0.2375 0.10625 0.133333333333
654 0.503125 0.2375 0.10625 0.133333333333
655 0.503125 0.233333333333 0.10625 0.133333333333
656 0.503125 0.2375 0.10625 0.133333333333
657 0.5 0.241666666667 0.10625 0.133333333333
658 0.496875 0.2375 0.10625 0.133333333333
659 0.490625 0.233333333333 0.10625 0.133333333333
660 0.49375 0.229166666667 0.10625 0.133333333333
661 0.5 0.220833333333 0.10625 0.133333333333
662 0.5 0.220833333333 0.10625 0.133333333333
663 0.503125 0.220833333333 0.10625 0.133333333333
664 0.5125 0.216666666667 0.10625 0.133333333333
665 0.521875 0.2125 0.10625 0.133333333333
666 0.534375 0.220833333333 0.10625 0.133333333333
667 0.540625 0.225 0.10625 0.133333333333
668 0.54375 0.225 0.10625 0.133333333333
669 0.546875 0.225 0.10625 0.133333333333
670 0.546875 0.220833333333 0.10625 0.133333333333
671 0.55 0.225 0.10625 0.133333333333
672 0.559375 0.220833333333 0.10625 0.133333333333
673 0.5625 0.225 0.10625 0.133333333333
674 0.575 0.2125 0.10625 0.133333333333
675 0.578125 0.2125 0.10625 0.133333333333
676 0.578125 0.2125 0.10625 0.133333333333
677 0.58125 0.2125 0.10625 0.133333333333
678 0.584375 0.2125 0.10625 0.133333333333
679 0.5875 0.2125 0.10625 0.133333333333
680 0.590625 0.216666666667 0.10625 0.133333333333
681 0.596875 0.208333333333 0.10625 0.133333333333
682 0.596875 0.2125 0.10625 0.133333333333
683 0.59375 0.216666666667 0.10625 0.133333333333
684 0.590625 0.220833333333 0.10625 0.133333333333
685 0.590625 0.225 0.10625 0.133333333333
686 0.590625 0.225 0.10625 0.133333333333
687 0.590625 0.220833333333 0.10625 0.133333333333
688 0.5875 0.220833333333 0.10625 0.133333333333
689 0.59375 0.233333333333 0.10625 0.133333333333
690 0.60625 0.229166666667 0.10625 0.133333333333
691 0.61875 0.220833333333 0.10625 0.133333333333
692 0.621875 0.216666666667 0.10625 0.133333333333
693 0.621875 0.195833333333 0.10625 0.133333333333
694 0.621875 0.191666666667 0.10625 0.133333333333
695 0.63125 0.1875 0.10625 0.133333333333
696 0.63125 0.175 0.10625 0.133333333333
697 0.634375 0.175 0.10625 0.133333333333
698 0.634375 0.170833333333 0.10625 0.133333333333
699 0.63125 0.170833333333 0.10625 0.133333333333
700 0.634375 0.170833333333 0.10625 0.133333333333
701 0.625 0.170833333333 0.10625 0.133333333333
702 0.625 0.166666666667 0.10625 0.133333333333
703 0.621875 0.166666666667 0.10625 0.133333333333
704 0.621875 0.166666666667 0.10625 0.133333333333
705 0.621875 0.170833333333 0.10625 0.133333333333
706 0.615625 0.183333333333 0.10625 0.133333333333
707 0.615625 0.191666666667 0.10625 0.133333333333
708 0.625 0.195833333333 0.10625 0.133333333333
709 0.6375 0.208333333333 0.10625 0.133333333333
710 0.640625 0.208333333333 0.10625 0.133333333333
711 0.653125 0.2125 0.10625 0.133333333333
712 0.659375 0.216666666667 0.10625 0.133333333333
713 0.66875 0.220833333333 0.10625 0.133333333333
714 0.68125 0.229166666667 0.10625 0.133333333333
715 0.690625 0.241666666667 0.10625 0.133333333333
716 0.7 0.2375 0.10625 0.133333333333
717 0.70625 0.2375 0.10625 0.133333333333
718 0.70625 0.241666666667 0.10625 0.133333333333
719 0.703125 0.241666666667 0.10625 0.133333333333
720 0.70625 0.241666666667 0.10625 0.133333333333
721 0.703125 0.241666666667 0.10625 0.133333333333
722 0.703125 0.229166666667 0.10625 0.133333333333
723 0.696875 0.229166666667 0.10625 0.133333333333
724 0.7 0.225 0.10625 0.133333333333
725 0.703125 0.225 0.10625 0.133333333333
726 0.7 0.225 0.10625 0.133333333333
727 0.696875 0.220833333333 0.10625 0.133333333333
728 0.696875 0.225 0.10625 0.133333333333
729 0.703125 0.229166666667 0.10625 0.133333333333
730 0.709375 0.225 0.10625 0.133333333333
731 0.715625 0.225 0.10625 0.133333333333
732 0.725 0.229166666667 0.10625 0.133333333333
733 0.7375 0.2375 0.10625 0.133333333333
734 0.7375 0.241666666667 0.10625 0.133333333333
735 0.74375 0.25 0.10625 0.133333333333
736 0.74375 0.2625 0.10625 0.133333333333
737 0.74375 0.266666666667 0.10625 0.133333333333
738 0.74375 0.275 0.10625 0.133333333333
739 0.74375 0.270833333333 0.10625 0.133333333333
740 0.740625 0.266666666667 0.10625 0.133333333333
741 0.7375 0.279166666667 0.10625 0.133333333333
742 0.734375 0.283333333333 0.10625 0.133333333333
743 0.73125 0.279166666667 0.10625 0.133333333333
744 0.728125 0.275 0.10625 0.133333333333
745 0.721875 0.275 0.10625 0.133333333333
746 0.71875 0.279166666667 0.10625 0.133333333333
747 0.71875 0.279166666667 0.10625 0.133333333333
748 0.715625 0.275 0.10625 0.133333333333
749 0.71875 0.283333333333 0.10625 0.133333333333
750 0.71875 0.283333333333 0.10625 0.133333333333
751 0.71875 0.2875 0.10625 0.133333333333
752 0.721875 0.295833333333 0.10625 0.133333333333
753 0.728125 0.291666666667 0.10625 0.133333333333
754 0.734375 0.291666666667 0.10625 0.133333333333
755 0.7375 0.291666666667 0.10625 0.133333333333
756 0.7375 0.291666666667 0.10625 0.133333333333
757 0.7375 0.291666666667 0.10625 0.133333333333
758 0.73125 0.304166666667 0.10625 0.133333333333
759 0.73125 0.308333333333 0.10625 0.133333333333
760 0.73125 0.316666666667 0.10625 0.133333333333
761 0.73125 0.316666666667 0.10625 0.133333333333
762 0.734375 0.3125 0.10625 0.133333333333
763 0.7375 0.3125 0.10625 0.133333333333
764 0.7375 0.325 0.10625 0.133333333333
765 0.740625 0.325 0.10625 0.133333333333
766 0.746875 0.333333333333 0.10625 0.133333333333
767 0.753125 0.329166666667 0.10625 0.133333333333
768 0.75625 0.329166666667 0.10625 0.133333333333
769 0.7625 0.329166666667 0.10625 0.133333333333
770 0.7625 0.329166666667 0.10625 0.133333333333
771 0.759375 0.341666666667 0.10625 0.133333333333
772 0.7625 0.3375 0.10625 0.133333333333
773 0.7625 0.341666666667 0.10625 0.133333333333
774 0.7625 0.35 0.10625 0.133333333333
775 0.7625 0.35 0.10625 0.133333333333
776 0.75625 0.35 0.10625 0.133333333333
777 0.75625 0.354166666667 0.10625 0.133333333333
778 0.75625 0.354166666667 0.10625 0.133333333333
779 0.753125 0.354166666667 0.10625 0.133333333333
780 0.75 0.354166666667 0.10625 0.133333333333
781 0.746875 0.354166666667 0.10625 0.133333333333
782 0.74375 0.358333333333 0.10625 0.133333333333
783 0.734375 0.3625 0.10625 0.133333333333
784 0.725 0.366666666667 0.10625 0.133333333333
785 0.721875 0.370833333333 0.10625 0.133333333333
786 0.721875 0.375 0.10625 0.133333333333
787 0.721875 0.375 0.10625 0.133333333333
788 0.728125 0.379166666667 0.10625 0.133333333333
789 0.73125 0.3875 0.10625 0.133333333333
790 0.734375 0.3875 0.10625 0.133333333333
791 0.740625 0.3875 0.10625 0.133333333333
792 0.746875 0.3875 0.10625 0.133333333333
793 0.75 0.3875 0.10625 0.133333333333
794 0.75 0.391666666667 0.10625 0.133333333333
795 0.75 0.391666666667 0.10625 0.133333333333
796 0.753125 0.391666666667 0.10625 0.133333333333
797 0.75625 0.391666666667 0.10625 0.133333333333
798 0.75625 0.391666666667 0.10625 0.133333333333
799 0.75625 0.391666666667 0.10625 0.133333333333
800 0.7625 0.3875 0.10625 0.133333333333
801 0.7625 0.3875 0.10625 0.133333333333
802 0.76875 0.379166666667 0.10625 0.133333333333
803 0.778125 0.375 0.10625 0.133333333333
804 0.778125 0.379166666667 0.10625 0.133333333333
805 0.784375 0.375 0.10625 0.133333333333
806 0.7875 0.379166666667 0.10625 0.133333333333
807 0.79375 0.370833333333 0.10625 0.133333333333
808 0.8 0.366666666667 0.10625 0.133333333333
809 0.809375 0.370833333333 0.10625 0.133333333333
810 0.809375 0.366666666667 0.10625 0.133333333333
811 0.809375 0.3625 0.10625 0.133333333333
812 0.815625 0.366666666667 0.10625 0.133333333333
813 0.815625 0.366666666667 0.10625 0.133333333333
814 0.815625 0.366666666667 0.10625 0.133333333333
815 0.815625 0.370833333333 0.10625 0.133333333333
816 0.815625 0.370833333333 0.10625 0.133333333333
817 0.809375 0.370833333333 0.10625 0.133333333333
818 0.8 0.370833333333 0.10625 0.133333333333
819 0.8 0.366666666667 0.10625 0.133333333333
820 0.796875 0.370833333333 0.10625 0.133333333333
821 0.790625 0.370833333333 0.10625 0.133333333333
822 0.790625 0.379166666667 0.10625 0.133333333333
823 0.790625 0.379166666667 0.10625 0.133333333333
824 0.784375 0.383333333333 0.10625 0.133333333333
825 0.784375 0.3875 0.10625 0.133333333333
826 0.784375 0.4 0.10625 0.133333333333
827 0.784375 0.408333333333 0.10625 0.133333333333
828 0.784375 0.416666666667 0.10625 0.133333333333
829 0.784375 0.433333333333 0.10625 0.133333333333
830 0.78125 0.441666666667 0.10625 0.133333333333
831 0.775 0.441666666667 0.10625 0.133333333333
832 0.775 0.445833333333 0.10625 0.133333333333
833 0.771875 0.45 0.10625 0.133333333333
834 0.771875 0.445833333333 0.10625 0.133333333333
835 0.76875 0.441666666667 0.10625 0.133333333333
836 0.76875 0.4375 0.10625 0.133333333333
837 0.771875 0.433333333333 0.10625 0.133333333333
838 0.784375 0.433333333333 0.10625 0.133333333333
839 0.790625 0.429166666667 0.10625 0.133333333333
840 0.796875 0.420833333333 0.10625 0.133333333333
841 0.796875 0.420833333333 0.10625 0.133333333333
842 0.796875 0.416666666667 0.10625 0.133333333333
843 0.796875 0.4125 0.10625 0.133333333333
844 0.79375 0.4125 0.10625 0.133333333333
845 0.790625 0.4125 0.10625 0.133333333333
846 0.79375 0.4125 0.10625 0.133333333333
847 0.79375 0.4125 0.10625 0.133333333333
848 0.79375 0.4125 0.10625 0.133333333333
849 0.790625 0.4125 0.10625 0.133333333333
850 0.790625 0.4125 0.10625 0.133333333333
851 0.79375 0.4125 0.10625 0.133333333333
852 0.796875 0.4125 0.10625 0.133333333333
853 0.796875 0.4125 0.10625 0.133333333333
854 0.803125 0.404166666667 0.10625 0.133333333333
855 0.8 0.4 0.10625 0.133333333333
856 0.8 0.4 0.10625 0.133333333333
857 0.8 0.404166666667 0.10625 0.133333333333
858 0.796875 0.404166666667 0.10625 0.133333333333
859 0.7875 0.4 0.10625 0.133333333333
860 0.7875 0.395833333333 0.10625 0.133333333333
861 0.784375 0.395833333333 0.10625 0.133333333333
862 0.78125 0.391666666667 0.10625 0.133333333333
863 0.778125 0.4 0.10625 0.133333333333
864 0.778125 0.4 0.10625 0.133333333333
865 0.775 0.4 0.10625 0.133333333333
866 0.771875 0.4 0.10625 0.133333333333
867 0.771875 0.4 0.10625 0.133333333333
868 0.765625 0.4 0.10625 0.133333333333
869 0.7625 0.4 0.10625 0.133333333333
870 0.75625 0.4 0.10625 0.133333333333
871 0.746875 0.4 0.10625 0.133333333333
872 0.74375 0.4 0.10625 0.133333333333
873 0.734375 0.4 0.10625 0.133333333333
874 0.73125 0.395833333333 0.10625 0.133333333333
875 0.725 0.395833333333 0.10625 0.133333333333
876 0.71875 0.404166666667 0.10625 0.133333333333
877 0.7125 0.404166666667 0.10625 0.133333333333
878 0.70625 0.391666666667 0.10625 0.133333333333
879 0.7 0.391666666667 0.10625 0.133333333333
880 0.696875 0.3875 0.10625 0.133333333333
881 0.69375 0.3875 0.10625 0.133333333333
882 0.690625 0.383333333333 0.10625 0.133333333333
883 0.6875 0.391666666667 0.10625 0.133333333333
884 0.6875 0.395833333333 0.10625 0.133333333333
885 0.684375 0.395833333333 0.10625 0.133333333333
886 0.68125 0.404166666667 0.10625 0.133333333333
887 0.684375 0.408333333333 0.10625 0.133333333333
888 0.68125 0.408333333333 0.10625 0.133333333333
889 0.678125 0.408333333333 0.10625 0.133333333333
890 0.678125 0.408333333333 0.10625 0.133333333333
891 0.68125 0.420833333333 0.10625 0.133333333333
892 0.68125 0.420833333333 0.10625 0.133333333333
893 0.68125 0.420833333333 0.10625 0.133333333333
894 0.684375 0.425 0.10625 0.133333333333
895 0.684375 0.429166666667 0.10625 0.133333333333
896 0.684375 0.433333333333 0.10625 0.133333333333
897 0.6875 0.441666666667 0.10625 0.133333333333
898 0.6875 0.441666666667 0.10625 0.133333333333
899 0.6875 0.441666666667 0.10625 0.133333333333
900 0.6875 0.45 0.10625 0.133333333333
901 0.690625 0.445833333333 0.10625 0.133333333333
902 0.690625 0.445833333333 0.10625 0.133333333333
903 0.69375 0.458333333333 0.10625 0.133333333333
904 0.690625 0.458333333333 0.10625 0.133333333333
905 0.690625 0.458333333333 0.10625 0.133333333333
906 0.69375 0.466666666667 0.10625 0.133333333333
907 0.69375 0.475 0.10625 0.133333333333
908 0.69375 0.4875 0.10625 0.133333333333
909 0.69375 0.4875 0.10625 0.133333333333
910 0.690625 0.4875 0.10625 0.133333333333
911 0.69375 0.5 0.10625 0.133333333333
912 0.696875 0.504166666667 0.10625 0.133333333333
913 0.696875 0.504166666667 0.10625 0.133333333333
914 0.69375 0.504166666667 0.10625 0.133333333333
915 0.696875 0.508333333333 0.10625 0.133333333333
916 0.7 0.516666666667 0.10625 0.133333333333
917 0.7 0.5125 0.10625 0.133333333333
918 0.7 0.5125 0.10625 0.133333333333
919 0.7 0.516666666667 0.10625 0.133333333333
920 0.7 0.520833333333 0.10625 0.133333333333
921 0.7 0.520833333333 0.10625 0.133333333333
922 0.7 0.520833333333 0.10625 0.133333333333
923 0.7 0.516666666667 0.10625 0.133333333333
924 0.7 0.5125 0.10625 0.133333333333
925 0.7 0.5125 0.10625 0.133333333333
926 0.703125 0.508333333333 0.10625 0.133333333333
927 0.7 0.504166666667 0.10625 0.133333333333
928 0.696875 0.504166666667 0.10625 0.133333333333
929 0.696875 0.504166666667 0.10625 0.133333333333
930 0.69375 0.508333333333 0.10625 0.133333333333
931 0.690625 0.508333333333 0.10625 0.133333333333
932 0.690625 0.508333333333 0.10625 0.133333333333
933 0.690625 0.508333333333 0.10625 0.133333333333
934 0.690625 0.504166666667 0.10625 0.133333333333
935 0.6875 0.5 0.10625 0.133333333333
936 0.6875 0.495833333333 0.10625 0.133333333333
937 0.690625 0.491666666667 0.10625 0.133333333333
938 0.6875 0.491666666667 0.10625 0.133333333333
939 0.6875 0.495833333333 0.10625 0.133333333333
940 0.6875 0.4875 0.10625 0.133333333333
941 0.6875 0.483333333333 0.10625 0.133333333333
942 0.6875 0.479166666667 0.10625 0.133333333333
943 0.690625 0.479166666667 0.10625 0.133333333333
944 0.69375 0.475 0.10625 0.133333333333
945 0.69375 0.470833333333 0.10625 0.133333333333
946 0.696875 0.470833333333 0.10625 0.133333333333
947 0.696875 0.470833333333 0.10625 0.133333333333
948 0.696875 0.470833333333 0.10625 0.133333333333
949 0.696875 0.470833333333 0.10625 0.133333333333
950 0.7 0.470833333333 0.10625 0.133333333333
951 0.703125 0.466666666667 0.10625 0.133333333333
952 0.703125 0.466666666667 0.10625 0.133333333333
953 0.70625 0.475 0.10625 0.133333333333
954 0.70625 0.475 0.10625 0.133333333333
955 0.7125 0.475 0.10625 0.133333333333
956 0.7125 0.470833333333 0.10625 0.133333333333
957 0.7125 0.470833333333 0.10625 0.133333333333
958 0.7125 0.475 0.10625 0.133333333333
959 0.715625 0.475 0.10625 0.133333333333
960 0.71875 0.479166666667 0.10625 0.133333333333
961 0.71875 0.479166666667 0.10625 0.133333333333
962 0.71875 0.479166666667 0.10625 0.133333333333
963 0.71875 0.479166666667 0.10625 0.133333333333
964 0.71875 0.479166666667 0.10625 0.133333333333
965 0.721875 0.479166666667 0.10625 0.133333333333
966 0.725 0.479166666667 0.10625 0.133333333333
967 0.721875 0.479166666667 0.10625 0.133333333333
968 0.725 0.479166666667 0.10625 0.133333333333
969 0.725 0.475 0.10625 0.133333333333
970 0.725 0.475 0.10625 0.133333333333
971 0.73125 0.475 0.10625 0.133333333333
972 0.734375 0.466666666667 0.10625 0.133333333333
973 0.73125 0.458333333333 0.10625 0.133333333333
974 0.73125 0.458333333333 0.10625 0.133333333333
975 0.734375 0.458333333333 0.10625 0.133333333333
976 0.734375 0.458333333333 0.10625 0.133333333333
977 0.734375 0.458333333333 0.10625 0.133333333333
978 0.73125 0.45 0.10625 0.133333333333
979 0.725 0.45 0.10625 0.133333333333
980 0.725 0.45 0.10625 0.133333333333
981 0.721875 0.445833333333 0.10625 0.133333333333
982 0.721875 0.4375 0.10625 0.133333333333
983 0.721875 0.433333333333 0.10625 0.133333333333
984 0.715625 0.420833333333 0.10625 0.133333333333
985 0.725 0.425 0.10625 0.133333333333
986 0.725 0.416666666667 0.10625 0.133333333333
987 0.728125 0.4125 0.10625 0.133333333333
988 0.73125 0.408333333333 0.10625 0.133333333333
989 0.73125 0.4 0.10625 0.133333333333
990 0.734375 0.4 0.10625 0.133333333333
991 0.7375 0.4 0.10625 0.133333333333
992 0.7375 0.4 0.10625 0.133333333333
993 0.74375 0.395833333333 0.10625 0.133333333333
994 0.74375 0.395833333333 0.10625 0.133333333333
995 0.74375 0.391666666667 0.10625 0.133333333333
996 0.7375 0.3875 0.10625 0.133333333333
997 0.7375 0.391666666667 0.10625 0.133333333333
998 0.734375 0.3875 0.10625 0.133333333333
999 0.728125 0.383333333333 0.10625 0.133333333333
1000 0.728125 0.3875 0.10625 0.133333333333
1001 0.73125 0.391666666667 0.10625 0.133333333333
1002 0.728125 0.391666666667 0.10625 0.133333333333
1003 0.725 0.3875 0.10625 0.133333333333
1004 0.725 0.3875 0.10625 0.133333333333
1005 0.728125 0.3875 0.10625 0.133333333333
1006 0.73125 0.3875 0.10625 0.133333333333
1007 0.734375 0.3875 0.10625 0.133333333333
1008 0.740625 0.3875 0.10625 0.133333333333
1009 0.740625 0.3875 0.10625 0.133333333333
1010 0.740625 0.3875 0.10625 0.133333333333
1011 0.734375 0.379166666667 0.10625 0.133333333333
1012 0.734375 0.379166666667 0.10625 0.133333333333
1013 0.740625 0.3875 0.10625 0.133333333333
1014 0.74375 0.383333333333 0.10625 0.133333333333
1015 0.74375 0.3875 0.10625 0.133333333333
1016 0.74375 0.3875 0.10625 0.133333333333
1017 0.740625 0.3875 0.10625 0.133333333333
1018 0.740625 0.395833333333 0.10625 0.133333333333
1019 0.740625 0.395833333333 0.10625 0.133333333333
