./../data/Vid_D_person.avi.avi
0 0.431753 0.240421 0.126437 0.543103
1 0.46875 0.0 0.125 0.541666666667
2 0.46875 0.0 0.125 0.541666666667
3 0.46875 0.0 0.125 0.541666666667
4 0.46875 0.0 0.125 0.541666666667
5 0.46875 0.0 0.125 0.541666666667
6 0.46875 0.0 0.125 0.541666666667
7 0.46875 0.0 0.125 0.541666666667
8 0.46875 0.0 0.125 0.541666666667
9 0.46875 0.0 0.125 0.541666666667
10 0.46875 0.0 0.125 0.541666666667
11 0.465625 0.0 0.125 0.541666666667
12 0.4625 0.00416666666667 0.125 0.541666666667
13 0.4625 0.0166666666667 0.125 0.541666666667
14 0.465625 0.0 0.125 0.541666666667
15 0.465625 0.0 0.125 0.541666666667
16 0.465625 0.0 0.125 0.541666666667
17 0.465625 0.0 0.125 0.541666666667
18 0.465625 0.0 0.125 0.541666666667
19 0.465625 0.0 0.125 0.541666666667
20 0.465625 0.0 0.125 0.541666666667
21 0.465625 0.0 0.125 0.541666666667
22 0.490625 0.0 0.125 0.541666666667
23 0.490625 0.0 0.125 0.541666666667
24 0.490625 0.0 0.125 0.541666666667
25 0.484375 0.0 0.125 0.541666666667
26 0.484375 0.0 0.125 0.541666666667
27 0.4875 0.0 0.125 0.541666666667
28 0.4875 0.0 0.125 0.541666666667
29 0.4875 0.0 0.125 0.541666666667
30 0.475 0.0 0.125 0.541666666667
31 0.46875 0.0 0.125 0.541666666667
32 0.465625 0.0 0.125 0.541666666667
33 0.465625 0.0 0.125 0.541666666667
34 0.465625 0.0 0.125 0.541666666667
35 0.465625 0.0 0.125 0.541666666667
36 0.4625 0.0 0.125 0.541666666667
37 0.4625 0.0 0.125 0.541666666667
38 0.4625 0.0 0.125 0.541666666667
39 0.4625 0.0 0.125 0.541666666667
40 0.4625 0.0 0.125 0.541666666667
41 0.4625 0.0 0.125 0.541666666667
42 0.4625 0.0 0.125 0.541666666667
43 0.4625 0.0 0.125 0.541666666667
44 0.4625 0.0 0.125 0.541666666667
45 0.4625 0.0 0.125 0.541666666667
46 0.4625 0.0 0.125 0.541666666667
47 0.4625 0.0 0.125 0.541666666667
48 0.4625 0.0 0.125 0.541666666667
49 0.4625 0.0 0.125 0.541666666667
50 0.45625 0.0 0.125 0.541666666667
51 0.45625 0.0 0.125 0.541666666667
52 0.45625 0.0 0.125 0.541666666667
53 0.45625 0.0 0.125 0.541666666667
54 0.45625 0.0 0.125 0.541666666667
55 0.45625 0.0 0.125 0.541666666667
56 0.45625 0.0 0.125 0.541666666667
57 0.45625 0.0125 0.125 0.541666666667
58 0.45625 0.0208333333333 0.125 0.541666666667
59 0.459375 0.00416666666667 0.125 0.541666666667
60 0.459375 0.0 0.125 0.541666666667
61 0.459375 0.0 0.125 0.541666666667
62 0.459375 0.0 0.125 0.541666666667
63 0.459375 0.0 0.125 0.541666666667
64 0.459375 0.0 0.125 0.541666666667
65 0.459375 0.0 0.125 0.541666666667
66 0.459375 0.0 0.125 0.541666666667
67 0.45625 0.0 0.125 0.541666666667
68 0.45625 0.0 0.125 0.541666666667
69 0.45625 0.0 0.125 0.541666666667
70 0.45625 0.0 0.125 0.541666666667
71 0.45625 0.0 0.125 0.541666666667
72 0.45625 0.0 0.125 0.541666666667
73 0.45625 0.0 0.125 0.541666666667
74 0.45625 0.0 0.125 0.541666666667
75 0.45625 0.0 0.125 0.541666666667
76 0.45625 0.0 0.125 0.541666666667
77 0.45625 0.0 0.125 0.541666666667
78 0.45625 0.0 0.125 0.541666666667
79 0.45625 0.0 0.125 0.541666666667
80 0.45625 0.0 0.125 0.541666666667
81 0.45625 0.0 0.125 0.541666666667
82 0.45625 0.0 0.125 0.541666666667
83 0.45625 0.0 0.125 0.541666666667
84 0.45625 0.0 0.125 0.541666666667
85 0.45625 0.0 0.125 0.541666666667
86 0.45625 0.0 0.125 0.541666666667
87 0.453125 0.00416666666667 0.125 0.541666666667
88 0.453125 0.00416666666667 0.125 0.541666666667
89 0.453125 0.0 0.125 0.541666666667
90 0.453125 0.0 0.125 0.541666666667
91 0.453125 0.0 0.125 0.541666666667
92 0.4625 0.0 0.125 0.541666666667
93 0.4625 0.0 0.125 0.541666666667
94 0.465625 0.0 0.125 0.541666666667
95 0.465625 0.0 0.125 0.541666666667
96 0.465625 0.0 0.125 0.541666666667
97 0.465625 0.0 0.125 0.541666666667
98 0.465625 0.0 0.125 0.541666666667
99 0.46875 0.0 0.125 0.541666666667
100 0.46875 0.0 0.125 0.541666666667
101 0.46875 0.0 0.125 0.541666666667
102 0.46875 0.0 0.125 0.541666666667
103 0.465625 0.0 0.125 0.541666666667
104 0.465625 0.0 0.125 0.541666666667
105 0.465625 0.0 0.125 0.541666666667
106 0.465625 0.0 0.125 0.541666666667
107 0.465625 0.0 0.125 0.541666666667
108 0.4625 0.0 0.125 0.541666666667
109 0.4625 0.0 0.125 0.541666666667
110 0.4625 0.0 0.125 0.541666666667
111 0.4625 0.0 0.125 0.541666666667
112 0.4625 0.0 0.125 0.541666666667
113 0.4625 0.0 0.125 0.541666666667
114 0.4625 0.0 0.125 0.541666666667
115 0.4625 0.0 0.125 0.541666666667
116 0.4625 0.0 0.125 0.541666666667
117 0.4625 0.0 0.125 0.541666666667
118 0.4625 0.0 0.125 0.541666666667
119 0.4625 0.0 0.125 0.541666666667
120 0.453125 0.0 0.125 0.541666666667
121 0.453125 0.0 0.125 0.541666666667
122 0.453125 0.0 0.125 0.541666666667
123 0.453125 0.0 0.125 0.541666666667
124 0.453125 0.0 0.125 0.541666666667
125 0.453125 0.0 0.125 0.541666666667
126 0.453125 0.0 0.125 0.541666666667
127 0.453125 0.0 0.125 0.541666666667
128 0.453125 0.0 0.125 0.541666666667
129 0.453125 0.0 0.125 0.541666666667
130 0.453125 0.0 0.125 0.541666666667
131 0.465625 0.0 0.125 0.541666666667
132 0.465625 0.0 0.125 0.541666666667
133 0.465625 0.0 0.125 0.541666666667
134 0.465625 0.0 0.125 0.541666666667
135 0.465625 0.0 0.125 0.541666666667
136 0.465625 0.0 0.125 0.541666666667
137 0.4625 0.0 0.125 0.541666666667
138 0.4625 0.0 0.125 0.541666666667
139 0.44375 0.00833333333333 0.125 0.541666666667
140 0.44375 0.075 0.125 0.541666666667
141 0.44375 0.0875 0.125 0.541666666667
142 0.44375 0.0916666666667 0.125 0.541666666667
143 0.44375 0.0916666666667 0.125 0.541666666667
144 0.44375 0.0916666666667 0.125 0.541666666667
145 0.44375 0.0833333333333 0.125 0.541666666667
146 0.44375 0.0916666666667 0.125 0.541666666667
147 0.44375 0.0916666666667 0.125 0.541666666667
148 0.446875 0.0875 0.125 0.541666666667
149 0.446875 0.0916666666667 0.125 0.541666666667
150 0.459375 0.0 0.125 0.541666666667
151 0.459375 0.0 0.125 0.541666666667
152 0.459375 0.0 0.125 0.541666666667
153 0.459375 0.0 0.125 0.541666666667
154 0.459375 0.0 0.125 0.541666666667
155 0.459375 0.0 0.125 0.541666666667
156 0.459375 0.0208333333333 0.125 0.541666666667
157 0.45625 0.0375 0.125 0.541666666667
158 0.45625 0.0125 0.125 0.541666666667
159 0.45625 0.0125 0.125 0.541666666667
160 0.45625 0.0 0.125 0.541666666667
161 0.45625 0.0 0.125 0.541666666667
162 0.45625 0.0208333333333 0.125 0.541666666667
163 0.45625 0.0166666666667 0.125 0.541666666667
164 0.4625 0.0 0.125 0.541666666667
165 0.45625 0.0 0.125 0.541666666667
166 0.45625 0.0 0.125 0.541666666667
167 0.45625 0.0 0.125 0.541666666667
168 0.45625 0.0 0.125 0.541666666667
169 0.45625 0.0 0.125 0.541666666667
170 0.45625 0.0 0.125 0.541666666667
171 0.45625 0.0 0.125 0.541666666667
172 0.45625 0.0 0.125 0.541666666667
173 0.45625 0.0 0.125 0.541666666667
174 0.45 0.0 0.125 0.541666666667
175 0.45 0.0 0.125 0.541666666667
176 0.45 0.0 0.125 0.541666666667
177 0.45 0.0 0.125 0.541666666667
178 0.45 0.0 0.125 0.541666666667
179 0.45 0.0 0.125 0.541666666667
180 0.4375 0.0 0.125 0.541666666667
181 0.4375 0.0 0.125 0.541666666667
182 0.4375 0.00833333333333 0.125 0.541666666667
183 0.43125 0.025 0.125 0.541666666667
184 0.43125 0.0458333333333 0.125 0.541666666667
185 0.43125 0.0458333333333 0.125 0.541666666667
186 0.43125 0.0208333333333 0.125 0.541666666667
187 0.43125 0.025 0.125 0.541666666667
188 0.43125 0.025 0.125 0.541666666667
189 0.43125 0.0375 0.125 0.541666666667
190 0.43125 0.0166666666667 0.125 0.541666666667
191 0.43125 0.0125 0.125 0.541666666667
192 0.421875 0.0208333333333 0.125 0.541666666667
193 0.421875 0.0375 0.125 0.541666666667
194 0.421875 0.0916666666667 0.125 0.541666666667
195 0.421875 0.1125 0.125 0.541666666667
196 0.421875 0.1125 0.125 0.541666666667
197 0.425 0.1 0.125 0.541666666667
198 0.425 0.1 0.125 0.541666666667
199 0.425 0.104166666667 0.125 0.541666666667
200 0.425 0.108333333333 0.125 0.541666666667
201 0.425 0.104166666667 0.125 0.541666666667
202 0.428125 0.0958333333333 0.125 0.541666666667
203 0.428125 0.025 0.125 0.541666666667
204 0.428125 0.025 0.125 0.541666666667
205 0.428125 0.025 0.125 0.541666666667
206 0.428125 0.1375 0.125 0.541666666667
207 0.428125 0.1375 0.125 0.541666666667
208 0.434375 0.1125 0.125 0.541666666667
209 0.4375 0.116666666667 0.125 0.541666666667
210 0.4375 0.1125 0.125 0.541666666667
211 0.4375 0.0833333333333 0.125 0.541666666667
212 0.4375 0.0833333333333 0.125 0.541666666667
213 0.4375 0.0833333333333 0.125 0.541666666667
214 0.4375 0.0958333333333 0.125 0.541666666667
215 0.4375 0.1125 0.125 0.541666666667
216 0.4375 0.1125 0.125 0.541666666667
217 0.4375 0.154166666667 0.125 0.541666666667
218 0.4375 0.154166666667 0.125 0.541666666667
219 0.4375 0.154166666667 0.125 0.541666666667
220 0.4375 0.154166666667 0.125 0.541666666667
221 0.4375 0.154166666667 0.125 0.541666666667
222 0.45625 0.0 0.125 0.541666666667
223 0.45625 0.0 0.125 0.541666666667
224 0.45625 0.0 0.125 0.541666666667
225 0.45625 0.0125 0.125 0.541666666667
226 0.45625 0.0125 0.125 0.541666666667
227 0.45625 0.0208333333333 0.125 0.541666666667
228 0.45625 0.0125 0.125 0.541666666667
229 0.45625 0.0166666666667 0.125 0.541666666667
230 0.45625 0.0125 0.125 0.541666666667
231 0.45625 0.0125 0.125 0.541666666667
232 0.45625 0.0125 0.125 0.541666666667
233 0.484375 0.0 0.125 0.541666666667
234 0.4875 0.0 0.125 0.541666666667
235 0.4875 0.0 0.125 0.541666666667
236 0.4875 0.0 0.125 0.541666666667
237 0.484375 0.0 0.125 0.541666666667
238 0.484375 0.0 0.125 0.541666666667
239 0.484375 0.0 0.125 0.541666666667
240 0.484375 0.0 0.125 0.541666666667
241 0.484375 0.0 0.125 0.541666666667
242 0.484375 0.0 0.125 0.541666666667
243 0.48125 0.0 0.125 0.541666666667
244 0.478125 0.0 0.125 0.541666666667
245 0.478125 0.0 0.125 0.541666666667
246 0.478125 0.0 0.125 0.541666666667
247 0.478125 0.0 0.125 0.541666666667
248 0.478125 0.0 0.125 0.541666666667
249 0.478125 0.0 0.125 0.541666666667
250 0.478125 0.0 0.125 0.541666666667
251 0.478125 0.0 0.125 0.541666666667
252 0.484375 0.0 0.125 0.541666666667
253 0.4875 0.0 0.125 0.541666666667
254 0.4875 0.0 0.125 0.541666666667
255 0.4875 0.0 0.125 0.541666666667
256 0.490625 0.0 0.125 0.541666666667
257 0.490625 0.0 0.125 0.541666666667
258 0.490625 0.0 0.125 0.541666666667
259 0.490625 0.0 0.125 0.541666666667
260 0.490625 0.0 0.125 0.541666666667
261 0.490625 0.0 0.125 0.541666666667
262 0.490625 0.0 0.125 0.541666666667
263 0.490625 0.0 0.125 0.541666666667
264 0.49375 0.0 0.125 0.541666666667
265 0.49375 0.0 0.125 0.541666666667
266 0.496875 0.0 0.125 0.541666666667
267 0.496875 0.0 0.125 0.541666666667
268 0.503125 0.0 0.125 0.541666666667
269 0.503125 0.0 0.125 0.541666666667
270 0.503125 0.0 0.125 0.541666666667
271 0.503125 0.0 0.125 0.541666666667
272 0.509375 0.0 0.125 0.541666666667
273 0.509375 0.0 0.125 0.541666666667
274 0.509375 0.0 0.125 0.541666666667
275 0.54375 0.0 0.125 0.541666666667
276 0.54375 0.0 0.125 0.541666666667
277 0.54375 0.0 0.125 0.541666666667
278 0.54375 0.0 0.125 0.541666666667
279 0.546875 0.0 0.125 0.541666666667
280 0.56875 0.0 0.125 0.541666666667
281 0.615625 0.0 0.125 0.541666666667
282 0.615625 0.0 0.125 0.541666666667
283 0.615625 0.0 0.125 0.541666666667
284 0.615625 0.0 0.125 0.541666666667
285 0.61875 0.0 0.125 0.541666666667
286 0.61875 0.0 0.125 0.541666666667
287 0.625 0.0 0.125 0.541666666667
288 0.640625 0.0 0.125 0.541666666667
289 0.640625 0.0 0.125 0.541666666667
290 0.640625 0.0 0.125 0.541666666667
291 0.640625 0.0 0.125 0.541666666667
292 0.640625 0.0 0.125 0.541666666667
293 0.640625 0.0 0.125 0.541666666667
294 0.640625 0.0 0.125 0.541666666667
295 0.640625 0.0 0.125 0.541666666667
296 0.646875 0.0 0.125 0.541666666667
297 0.646875 0.0 0.125 0.541666666667
298 0.646875 0.0 0.125 0.541666666667
299 0.646875 0.0 0.125 0.541666666667
300 0.665625 0.0 0.125 0.541666666667
301 0.66875 0.0 0.125 0.541666666667
302 0.684375 0.0 0.125 0.541666666667
303 0.684375 0.0 0.125 0.541666666667
304 0.684375 0.0 0.125 0.541666666667
305 0.684375 0.0 0.125 0.541666666667
306 0.684375 0.0 0.125 0.541666666667
307 0.64375 0.0 0.125 0.541666666667
308 0.64375 0.0 0.125 0.541666666667
309 0.64375 0.0 0.125 0.541666666667
310 0.64375 0.0 0.125 0.541666666667
311 0.64375 0.0 0.125 0.541666666667
312 0.64375 0.0 0.125 0.541666666667
313 0.64375 0.0 0.125 0.541666666667
314 0.659375 0.0 0.125 0.541666666667
315 0.66875 0.0 0.125 0.541666666667
316 0.66875 0.0 0.125 0.541666666667
317 0.66875 0.0 0.125 0.541666666667
318 0.66875 0.0 0.125 0.541666666667
319 0.68125 0.0 0.125 0.541666666667
320 0.68125 0.0 0.125 0.541666666667
321 0.68125 0.0 0.125 0.541666666667
322 0.678125 0.0 0.125 0.541666666667
323 0.678125 0.0 0.125 0.541666666667
324 0.678125 0.0 0.125 0.541666666667
325 0.678125 0.0 0.125 0.541666666667
326 0.66875 0.0 0.125 0.541666666667
327 0.66875 0.0 0.125 0.541666666667
328 0.66875 0.0 0.125 0.541666666667
329 0.66875 0.0 0.125 0.541666666667
330 0.6625 0.0 0.125 0.541666666667
331 0.6625 0.0 0.125 0.541666666667
332 0.659375 0.0 0.125 0.541666666667
333 0.659375 0.0 0.125 0.541666666667
334 0.653125 0.0 0.125 0.541666666667
335 0.653125 0.0 0.125 0.541666666667
336 0.653125 0.0 0.125 0.541666666667
337 0.653125 0.0 0.125 0.541666666667
338 0.653125 0.0 0.125 0.541666666667
339 0.653125 0.0 0.125 0.541666666667
340 0.653125 0.0 0.125 0.541666666667
341 0.653125 0.0 0.125 0.541666666667
342 0.653125 0.0 0.125 0.541666666667
343 0.653125 0.0 0.125 0.541666666667
344 0.653125 0.0 0.125 0.541666666667
345 0.653125 0.0 0.125 0.541666666667
346 0.653125 0.0 0.125 0.541666666667
347 0.6625 0.0 0.125 0.541666666667
348 0.6625 0.0 0.125 0.541666666667
349 0.6625 0.0 0.125 0.541666666667
350 0.6625 0.0 0.125 0.541666666667
351 0.6625 0.0 0.125 0.541666666667
352 0.6625 0.0 0.125 0.541666666667
353 0.6625 0.0 0.125 0.541666666667
354 0.6625 0.0 0.125 0.541666666667
355 0.6625 0.0 0.125 0.541666666667
356 0.6625 0.0 0.125 0.541666666667
357 0.6625 0.0 0.125 0.541666666667
358 0.6625 0.0 0.125 0.541666666667
359 0.6625 0.0 0.125 0.541666666667
360 0.6625 0.0 0.125 0.541666666667
361 0.6625 0.0 0.125 0.541666666667
362 0.6625 0.0 0.125 0.541666666667
363 0.6625 0.0 0.125 0.541666666667
364 0.6625 0.0 0.125 0.541666666667
365 0.6625 0.0 0.125 0.541666666667
366 0.6625 0.0 0.125 0.541666666667
367 0.66875 0.0 0.125 0.541666666667
368 0.66875 0.0 0.125 0.541666666667
369 0.66875 0.0 0.125 0.541666666667
370 0.66875 0.0 0.125 0.541666666667
371 0.66875 0.0 0.125 0.541666666667
372 0.66875 0.0 0.125 0.541666666667
373 0.66875 0.0 0.125 0.541666666667
374 0.66875 0.0 0.125 0.541666666667
375 0.66875 0.0 0.125 0.541666666667
376 0.66875 0.0 0.125 0.541666666667
377 0.66875 0.0 0.125 0.541666666667
378 0.66875 0.0 0.125 0.541666666667
379 0.671875 0.0 0.125 0.541666666667
380 0.671875 0.0 0.125 0.541666666667
381 0.671875 0.0 0.125 0.541666666667
382 0.671875 0.0 0.125 0.541666666667
383 0.671875 0.0 0.125 0.541666666667
384 0.671875 0.0 0.125 0.541666666667
385 0.671875 0.0 0.125 0.541666666667
386 0.671875 0.0 0.125 0.541666666667
387 0.678125 0.0 0.125 0.541666666667
388 0.678125 0.0 0.125 0.541666666667
389 0.678125 0.0 0.125 0.541666666667
390 0.678125 0.0 0.125 0.541666666667
391 0.678125 0.0 0.125 0.541666666667
392 0.678125 0.0 0.125 0.541666666667
393 0.678125 0.0 0.125 0.541666666667
394 0.678125 0.0 0.125 0.541666666667
395 0.678125 0.0 0.125 0.541666666667
396 0.678125 0.0 0.125 0.541666666667
397 0.678125 0.0 0.125 0.541666666667
398 0.678125 0.0 0.125 0.541666666667
399 0.678125 0.0 0.125 0.541666666667
400 0.678125 0.0 0.125 0.541666666667
401 0.678125 0.0 0.125 0.541666666667
402 0.678125 0.0 0.125 0.541666666667
403 0.678125 0.0 0.125 0.541666666667
404 0.678125 0.0 0.125 0.541666666667
405 0.678125 0.0 0.125 0.541666666667
406 0.678125 0.0 0.125 0.541666666667
407 0.678125 0.0 0.125 0.541666666667
408 0.678125 0.0 0.125 0.541666666667
409 0.678125 0.0 0.125 0.541666666667
410 0.678125 0.0 0.125 0.541666666667
411 0.671875 0.0 0.125 0.541666666667
412 0.671875 0.0 0.125 0.541666666667
413 0.671875 0.0 0.125 0.541666666667
414 0.671875 0.0 0.125 0.541666666667
415 0.671875 0.0 0.125 0.541666666667
416 0.671875 0.0 0.125 0.541666666667
417 0.66875 0.0 0.125 0.541666666667
418 0.66875 0.0 0.125 0.541666666667
419 0.66875 0.0 0.125 0.541666666667
420 0.66875 0.0 0.125 0.541666666667
421 0.66875 0.0 0.125 0.541666666667
422 0.66875 0.0 0.125 0.541666666667
423 0.66875 0.0 0.125 0.541666666667
424 0.66875 0.0 0.125 0.541666666667
425 0.66875 0.0 0.125 0.541666666667
426 0.66875 0.0 0.125 0.541666666667
427 0.66875 0.0 0.125 0.541666666667
428 0.66875 0.0 0.125 0.541666666667
429 0.66875 0.0 0.125 0.541666666667
430 0.66875 0.0 0.125 0.541666666667
431 0.66875 0.0 0.125 0.541666666667
432 0.66875 0.0 0.125 0.541666666667
433 0.66875 0.0 0.125 0.541666666667
434 0.671875 0.0 0.125 0.541666666667
435 0.671875 0.0 0.125 0.541666666667
436 0.671875 0.0 0.125 0.541666666667
437 0.671875 0.0 0.125 0.541666666667
438 0.671875 0.0 0.125 0.541666666667
439 0.671875 0.0 0.125 0.541666666667
440 0.665625 0.0 0.125 0.541666666667
441 0.665625 0.0 0.125 0.541666666667
442 0.665625 0.0 0.125 0.541666666667
443 0.65 0.0 0.125 0.541666666667
444 0.646875 0.0 0.125 0.541666666667
445 0.646875 0.0 0.125 0.541666666667
446 0.646875 0.0 0.125 0.541666666667
447 0.653125 0.0 0.125 0.541666666667
448 0.653125 0.0 0.125 0.541666666667
449 0.653125 0.0 0.125 0.541666666667
450 0.653125 0.0 0.125 0.541666666667
451 0.653125 0.0 0.125 0.541666666667
452 0.653125 0.0 0.125 0.541666666667
453 0.653125 0.0 0.125 0.541666666667
454 0.653125 0.0 0.125 0.541666666667
455 0.653125 0.0 0.125 0.541666666667
456 0.653125 0.0 0.125 0.541666666667
457 0.653125 0.0 0.125 0.541666666667
458 0.653125 0.0 0.125 0.541666666667
459 0.66875 0.0 0.125 0.541666666667
460 0.678125 0.0 0.125 0.541666666667
461 0.69375 0.0 0.125 0.541666666667
462 0.7 0.0 0.125 0.541666666667
463 0.703125 0.0 0.125 0.541666666667
464 0.709375 0.0 0.125 0.541666666667
465 0.709375 0.0 0.125 0.541666666667
466 0.709375 0.0 0.125 0.541666666667
467 0.7375 0.0 0.125 0.541666666667
468 0.74375 0.0 0.125 0.541666666667
469 0.74375 0.0 0.125 0.541666666667
470 0.7625 0.0 0.125 0.541666666667
471 0.775 0.0 0.125 0.541666666667
472 0.8 0.0 0.125 0.541666666667
473 0.8 0.0 0.125 0.541666666667
474 0.803125 0.0 0.125 0.541666666667
475 0.84375 0.0 0.125 0.541666666667
476 0.859375 0.0 0.125 0.541666666667
477 0.859375 0.0 0.125 0.541666666667
478 0.871875 0.0 0.125 0.541666666667
479 0.871875 0.0 0.125 0.541666666667
480 0.871875 0.0 0.125 0.541666666667
481 0.871875 0.0 0.125 0.541666666667
482 0.871875 0.0 0.125 0.541666666667
483 0.871875 0.0 0.125 0.541666666667
484 0.871875 0.0 0.125 0.541666666667
485 0.871875 0.0 0.125 0.541666666667
486 0.871875 0.0 0.125 0.541666666667
487 0.871875 0.0 0.125 0.541666666667
488 0.871875 0.0 0.125 0.541666666667
489 0.871875 0.0 0.125 0.541666666667
490 0.875 0.0 0.125 0.541666666667
491 0.875 0.0 0.125 0.541666666667
492 0.875 0.0 0.125 0.541666666667
493 0.875 0.0 0.125 0.541666666667
494 0.875 0.0 0.125 0.541666666667
495 0.875 0.0 0.125 0.541666666667
496 0.875 0.0 0.125 0.541666666667
497 0.875 0.0125 0.125 0.541666666667
498 0.875 0.0166666666667 0.125 0.541666666667
499 0.875 0.0291666666667 0.125 0.541666666667
500 0.875 0.0375 0.125 0.541666666667
501 0.875 0.120833333333 0.125 0.541666666667
502 0.86875 0.1625 0.125 0.541666666667
503 0.86875 0.179166666667 0.125 0.541666666667
504 0.8625 0.283333333333 0.125 0.541666666667
505 0.86875 0.270833333333 0.125 0.541666666667
506 0.875 0.270833333333 0.125 0.541666666667
507 0.875 0.279166666667 0.125 0.541666666667
508 0.875 0.304166666667 0.125 0.541666666667
509 0.875 0.304166666667 0.125 0.541666666667
510 0.875 0.3 0.125 0.541666666667
511 0.875 0.2875 0.125 0.541666666667
512 0.875 0.295833333333 0.125 0.541666666667
513 0.875 0.295833333333 0.125 0.541666666667
514 0.875 0.304166666667 0.125 0.541666666667
515 0.875 0.320833333333 0.125 0.541666666667
516 0.875 0.325 0.125 0.541666666667
517 0.875 0.3125 0.125 0.541666666667
518 0.875 0.283333333333 0.125 0.541666666667
519 0.875 0.2875 0.125 0.541666666667
520 0.875 0.2875 0.125 0.541666666667
521 0.875 0.283333333333 0.125 0.541666666667
522 0.875 0.279166666667 0.125 0.541666666667
523 0.875 0.279166666667 0.125 0.541666666667
524 0.875 0.3 0.125 0.541666666667
525 0.859375 0.3375 0.125 0.541666666667
526 0.859375 0.316666666667 0.125 0.541666666667
527 0.8625 0.270833333333 0.125 0.541666666667
528 0.875 0.241666666667 0.125 0.541666666667
529 0.875 0.266666666667 0.125 0.541666666667
530 0.875 0.2625 0.125 0.541666666667
531 0.875 0.275 0.125 0.541666666667
532 0.875 0.254166666667 0.125 0.541666666667
533 0.875 0.266666666667 0.125 0.541666666667
534 0.875 0.254166666667 0.125 0.541666666667
535 0.875 0.270833333333 0.125 0.541666666667
536 0.875 0.258333333333 0.125 0.541666666667
537 0.875 0.254166666667 0.125 0.541666666667
538 0.875 0.241666666667 0.125 0.541666666667
539 0.875 0.233333333333 0.125 0.541666666667
540 0.875 0.279166666667 0.125 0.541666666667
541 0.7625 0.0958333333333 0.125 0.541666666667
542 0.709375 0.0 0.125 0.541666666667
543 0.709375 0.0 0.125 0.541666666667
544 0.696875 0.0 0.125 0.541666666667
545 0.6875 0.0 0.125 0.541666666667
546 0.6875 0.0 0.125 0.541666666667
547 0.6875 0.0 0.125 0.541666666667
548 0.684375 0.0 0.125 0.541666666667
549 0.684375 0.0 0.125 0.541666666667
550 0.684375 0.0 0.125 0.541666666667
551 0.684375 0.0 0.125 0.541666666667
552 0.684375 0.0 0.125 0.541666666667
553 0.684375 0.0 0.125 0.541666666667
554 0.684375 0.0 0.125 0.541666666667
555 0.684375 0.0 0.125 0.541666666667
556 0.684375 0.0 0.125 0.541666666667
557 0.684375 0.0 0.125 0.541666666667
558 0.709375 0.0 0.125 0.541666666667
559 0.715625 0.0 0.125 0.541666666667
560 0.721875 0.0 0.125 0.541666666667
561 0.721875 0.0 0.125 0.541666666667
562 0.721875 0.0 0.125 0.541666666667
563 0.734375 0.0 0.125 0.541666666667
564 0.734375 0.0 0.125 0.541666666667
565 0.734375 0.0 0.125 0.541666666667
566 0.734375 0.0 0.125 0.541666666667
567 0.74375 0.0 0.125 0.541666666667
568 0.74375 0.0 0.125 0.541666666667
569 0.75625 0.0 0.125 0.541666666667
570 0.75625 0.0 0.125 0.541666666667
571 0.765625 0.0 0.125 0.541666666667
572 0.765625 0.0 0.125 0.541666666667
573 0.778125 0.0 0.125 0.541666666667
574 0.7875 0.0 0.125 0.541666666667
575 0.7875 0.0 0.125 0.541666666667
576 0.790625 0.0 0.125 0.541666666667
577 0.796875 0.0 0.125 0.541666666667
578 0.803125 0.0 0.125 0.541666666667
579 0.803125 0.0 0.125 0.541666666667
580 0.803125 0.0 0.125 0.541666666667
581 0.821875 0.0 0.125 0.541666666667
582 0.821875 0.0 0.125 0.541666666667
583 0.821875 0.0 0.125 0.541666666667
584 0.821875 0.0 0.125 0.541666666667
585 0.821875 0.0 0.125 0.541666666667
586 0.83125 0.0 0.125 0.541666666667
587 0.8375 0.0 0.125 0.541666666667
588 0.8375 0.0 0.125 0.541666666667
589 0.840625 0.0 0.125 0.541666666667
590 0.840625 0.0 0.125 0.541666666667
591 0.840625 0.0 0.125 0.541666666667
592 0.840625 0.0 0.125 0.541666666667
593 0.840625 0.0 0.125 0.541666666667
594 0.840625 0.0 0.125 0.541666666667
595 0.84375 0.0 0.125 0.541666666667
596 0.846875 0.0 0.125 0.541666666667
597 0.846875 0.0 0.125 0.541666666667
598 0.853125 0.0 0.125 0.541666666667
599 0.853125 0.0 0.125 0.541666666667
600 0.865625 0.0 0.125 0.541666666667
601 0.865625 0.0 0.125 0.541666666667
602 0.865625 0.0 0.125 0.541666666667
603 0.865625 0.0 0.125 0.541666666667
604 0.865625 0.0 0.125 0.541666666667
605 0.865625 0.0 0.125 0.541666666667
606 0.865625 0.0 0.125 0.541666666667
607 0.865625 0.0 0.125 0.541666666667
608 0.865625 0.0 0.125 0.541666666667
609 0.865625 0.0 0.125 0.541666666667
610 0.86875 0.0 0.125 0.541666666667
611 0.871875 0.0 0.125 0.541666666667
612 0.875 0.0 0.125 0.541666666667
613 0.875 0.0 0.125 0.541666666667
614 0.875 0.0 0.125 0.541666666667
615 0.875 0.0 0.125 0.541666666667
616 0.875 0.0 0.125 0.541666666667
617 0.875 0.0 0.125 0.541666666667
618 0.875 0.0 0.125 0.541666666667
619 0.875 0.0 0.125 0.541666666667
620 0.875 0.0 0.125 0.541666666667
621 0.875 0.0 0.125 0.541666666667
622 0.875 0.0 0.125 0.541666666667
623 0.875 0.0 0.125 0.541666666667
624 0.875 0.0 0.125 0.541666666667
625 0.875 0.0 0.125 0.541666666667
626 0.875 0.0 0.125 0.541666666667
627 0.875 0.0 0.125 0.541666666667
628 0.875 0.0 0.125 0.541666666667
629 0.875 0.0 0.125 0.541666666667
630 0.875 0.0 0.125 0.541666666667
631 0.875 0.0 0.125 0.541666666667
632 0.875 0.0 0.125 0.541666666667
633 0.846875 0.0 0.125 0.541666666667
634 0.85 0.0 0.125 0.541666666667
635 0.853125 0.0 0.125 0.541666666667
636 0.865625 0.0 0.125 0.541666666667
637 0.871875 0.0 0.125 0.541666666667
638 0.875 0.0 0.125 0.541666666667
639 0.875 0.0 0.125 0.541666666667
640 0.875 0.0 0.125 0.541666666667
641 0.875 0.0 0.125 0.541666666667
642 0.875 0.0 0.125 0.541666666667
643 0.875 0.0 0.125 0.541666666667
644 0.875 0.0 0.125 0.541666666667
645 0.875 0.0 0.125 0.541666666667
646 0.875 0.0 0.125 0.541666666667
647 0.875 0.0 0.125 0.541666666667
648 0.875 0.0 0.125 0.541666666667
649 0.875 0.0 0.125 0.541666666667
650 0.875 0.0 0.125 0.541666666667
651 0.803125 0.0 0.125 0.541666666667
652 0.803125 0.0 0.125 0.541666666667
653 0.803125 0.0 0.125 0.541666666667
654 0.803125 0.0 0.125 0.541666666667
655 0.803125 0.0 0.125 0.541666666667
656 0.790625 0.0 0.125 0.541666666667
657 0.784375 0.0 0.125 0.541666666667
658 0.784375 0.0 0.125 0.541666666667
659 0.784375 0.0 0.125 0.541666666667
660 0.784375 0.0 0.125 0.541666666667
661 0.79375 0.0 0.125 0.541666666667
662 0.79375 0.0 0.125 0.541666666667
663 0.796875 0.0 0.125 0.541666666667
664 0.8 0.0 0.125 0.541666666667
665 0.809375 0.0 0.125 0.541666666667
666 0.815625 0.0 0.125 0.541666666667
667 0.821875 0.0 0.125 0.541666666667
668 0.85 0.0 0.125 0.541666666667
669 0.85 0.0 0.125 0.541666666667
670 0.865625 0.0 0.125 0.541666666667
671 0.865625 0.0 0.125 0.541666666667
672 0.865625 0.0 0.125 0.541666666667
673 0.865625 0.0 0.125 0.541666666667
674 0.875 0.0 0.125 0.541666666667
675 0.875 0.0 0.125 0.541666666667
676 0.875 0.0 0.125 0.541666666667
677 0.875 0.0 0.125 0.541666666667
678 0.875 0.0 0.125 0.541666666667
679 0.875 0.0 0.125 0.541666666667
680 0.875 0.0 0.125 0.541666666667
681 0.875 0.0 0.125 0.541666666667
682 0.875 0.0 0.125 0.541666666667
683 0.875 0.0 0.125 0.541666666667
684 0.875 0.0 0.125 0.541666666667
685 0.875 0.0 0.125 0.541666666667
686 0.875 0.0 0.125 0.541666666667
687 0.875 0.0 0.125 0.541666666667
688 0.875 0.0 0.125 0.541666666667
689 0.875 0.0 0.125 0.541666666667
690 0.875 0.0 0.125 0.541666666667
691 0.875 0.0 0.125 0.541666666667
692 0.875 0.0 0.125 0.541666666667
693 0.875 0.0 0.125 0.541666666667
694 0.875 0.0 0.125 0.541666666667
695 0.875 0.0 0.125 0.541666666667
696 0.875 0.0 0.125 0.541666666667
697 0.875 0.0 0.125 0.541666666667
698 0.875 0.0 0.125 0.541666666667
699 0.875 0.0 0.125 0.541666666667
700 0.875 0.0 0.125 0.541666666667
701 0.875 0.0 0.125 0.541666666667
702 0.875 0.0 0.125 0.541666666667
703 0.875 0.0 0.125 0.541666666667
704 0.875 0.0 0.125 0.541666666667
705 0.875 0.0 0.125 0.541666666667
706 0.875 0.0 0.125 0.541666666667
707 0.875 0.0 0.125 0.541666666667
708 0.875 0.0 0.125 0.541666666667
709 0.875 0.0 0.125 0.541666666667
710 0.875 0.0 0.125 0.541666666667
711 0.875 0.0 0.125 0.541666666667
712 0.875 0.0 0.125 0.541666666667
713 0.875 0.0 0.125 0.541666666667
714 0.875 0.0 0.125 0.541666666667
715 0.871875 0.0 0.125 0.541666666667
716 0.85 0.0 0.125 0.541666666667
717 0.85 0.0 0.125 0.541666666667
718 0.85 0.0 0.125 0.541666666667
719 0.85 0.0 0.125 0.541666666667
720 0.875 0.0 0.125 0.541666666667
721 0.875 0.0 0.125 0.541666666667
722 0.875 0.0 0.125 0.541666666667
723 0.875 0.0 0.125 0.541666666667
724 0.875 0.0 0.125 0.541666666667
725 0.875 0.0 0.125 0.541666666667
726 0.875 0.0 0.125 0.541666666667
727 0.875 0.0 0.125 0.541666666667
728 0.875 0.0 0.125 0.541666666667
729 0.875 0.0 0.125 0.541666666667
730 0.875 0.0 0.125 0.541666666667
731 0.875 0.0 0.125 0.541666666667
732 0.875 0.0 0.125 0.541666666667
733 0.875 0.0 0.125 0.541666666667
734 0.875 0.0 0.125 0.541666666667
735 0.875 0.0 0.125 0.541666666667
736 0.875 0.0 0.125 0.541666666667
737 0.875 0.0 0.125 0.541666666667
738 0.875 0.0 0.125 0.541666666667
739 0.875 0.0 0.125 0.541666666667
740 0.875 0.0 0.125 0.541666666667
741 0.875 0.0 0.125 0.541666666667
742 0.875 0.0 0.125 0.541666666667
743 0.875 0.0 0.125 0.541666666667
744 0.875 0.0 0.125 0.541666666667
745 0.875 0.0 0.125 0.541666666667
746 0.875 0.0 0.125 0.541666666667
747 0.875 0.0 0.125 0.541666666667
748 0.875 0.0 0.125 0.541666666667
749 0.875 0.0 0.125 0.541666666667
750 0.875 0.0 0.125 0.541666666667
751 0.875 0.0 0.125 0.541666666667
752 0.875 0.0 0.125 0.541666666667
753 0.875 0.0 0.125 0.541666666667
754 0.765625 0.0 0.125 0.541666666667
755 0.71875 0.0 0.125 0.541666666667
756 0.671875 0.0 0.125 0.541666666667
757 0.578125 0.0 0.125 0.541666666667
758 0.53125 0.0 0.125 0.541666666667
759 0.4875 0.0 0.125 0.541666666667
760 0.4875 0.0 0.125 0.541666666667
761 0.475 0.0 0.125 0.541666666667
762 0.475 0.0 0.125 0.541666666667
763 0.475 0.0 0.125 0.541666666667
764 0.46875 0.0 0.125 0.541666666667
765 0.459375 0.0 0.125 0.541666666667
766 0.459375 0.0 0.125 0.541666666667
767 0.459375 0.0 0.125 0.541666666667
768 0.446875 0.0 0.125 0.541666666667
769 0.446875 0.0 0.125 0.541666666667
770 0.446875 0.0 0.125 0.541666666667
771 0.446875 0.0 0.125 0.541666666667
772 0.446875 0.0 0.125 0.541666666667
773 0.446875 0.0 0.125 0.541666666667
774 0.446875 0.0 0.125 0.541666666667
775 0.446875 0.0 0.125 0.541666666667
776 0.446875 0.0 0.125 0.541666666667
777 0.446875 0.0 0.125 0.541666666667
778 0.4 0.0 0.125 0.541666666667
779 0.396875 0.0 0.125 0.541666666667
780 0.396875 0.0 0.125 0.541666666667
781 0.396875 0.0 0.125 0.541666666667
782 0.396875 0.0 0.125 0.541666666667
783 0.371875 0.0 0.125 0.541666666667
784 0.346875 0.0 0.125 0.541666666667
785 0.35 0.0 0.125 0.541666666667
786 0.35 0.0 0.125 0.541666666667
787 0.35 0.0 0.125 0.541666666667
788 0.35 0.0 0.125 0.541666666667
789 0.35 0.0 0.125 0.541666666667
790 0.359375 0.0 0.125 0.541666666667
791 0.359375 0.0 0.125 0.541666666667
792 0.359375 0.0 0.125 0.541666666667
793 0.359375 0.0 0.125 0.541666666667
794 0.359375 0.0 0.125 0.541666666667
795 0.359375 0.0 0.125 0.541666666667
796 0.359375 0.0 0.125 0.541666666667
797 0.359375 0.0 0.125 0.541666666667
798 0.359375 0.0 0.125 0.541666666667
799 0.38125 0.0 0.125 0.541666666667
800 0.38125 0.0 0.125 0.541666666667
801 0.384375 0.0 0.125 0.541666666667
802 0.403125 0.0 0.125 0.541666666667
803 0.40625 0.0 0.125 0.541666666667
804 0.453125 0.0 0.125 0.541666666667
805 0.453125 0.0 0.125 0.541666666667
806 0.45625 0.0 0.125 0.541666666667
807 0.503125 0.0 0.125 0.541666666667
808 0.509375 0.0 0.125 0.541666666667
809 0.5125 0.0 0.125 0.541666666667
810 0.51875 0.0 0.125 0.541666666667
811 0.525 0.0 0.125 0.541666666667
812 0.525 0.0 0.125 0.541666666667
813 0.525 0.0 0.125 0.541666666667
814 0.53125 0.0 0.125 0.541666666667
815 0.540625 0.0 0.125 0.541666666667
816 0.540625 0.0 0.125 0.541666666667
817 0.540625 0.0 0.125 0.541666666667
818 0.553125 0.0 0.125 0.541666666667
819 0.55625 0.0 0.125 0.541666666667
820 0.55625 0.0 0.125 0.541666666667
821 0.5625 0.0 0.125 0.541666666667
822 0.56875 0.0 0.125 0.541666666667
823 0.578125 0.0 0.125 0.541666666667
824 0.578125 0.0 0.125 0.541666666667
825 0.58125 0.0 0.125 0.541666666667
826 0.584375 0.0 0.125 0.541666666667
827 0.590625 0.0 0.125 0.541666666667
828 0.596875 0.0 0.125 0.541666666667
829 0.596875 0.0 0.125 0.541666666667
830 0.60625 0.0 0.125 0.541666666667
831 0.609375 0.0 0.125 0.541666666667
832 0.609375 0.0 0.125 0.541666666667
833 0.6125 0.0 0.125 0.541666666667
834 0.615625 0.0 0.125 0.541666666667
835 0.615625 0.0 0.125 0.541666666667
836 0.61875 0.0 0.125 0.541666666667
837 0.628125 0.0 0.125 0.541666666667
838 0.628125 0.0 0.125 0.541666666667
839 0.628125 0.0 0.125 0.541666666667
840 0.625 0.0 0.125 0.541666666667
841 0.625 0.0 0.125 0.541666666667
842 0.63125 0.0 0.125 0.541666666667
843 0.63125 0.0 0.125 0.541666666667
844 0.634375 0.0 0.125 0.541666666667
845 0.634375 0.0 0.125 0.541666666667
846 0.634375 0.0 0.125 0.541666666667
847 0.634375 0.0 0.125 0.541666666667
848 0.634375 0.0 0.125 0.541666666667
849 0.634375 0.0 0.125 0.541666666667
850 0.634375 0.0 0.125 0.541666666667
851 0.634375 0.0 0.125 0.541666666667
852 0.634375 0.0 0.125 0.541666666667
853 0.634375 0.0 0.125 0.541666666667
854 0.634375 0.0 0.125 0.541666666667
855 0.63125 0.0 0.125 0.541666666667
856 0.63125 0.0 0.125 0.541666666667
857 0.63125 0.0 0.125 0.541666666667
858 0.628125 0.0 0.125 0.541666666667
859 0.628125 0.0 0.125 0.541666666667
860 0.628125 0.0 0.125 0.541666666667
861 0.621875 0.0 0.125 0.541666666667
862 0.621875 0.0 0.125 0.541666666667
863 0.621875 0.0 0.125 0.541666666667
864 0.625 0.0 0.125 0.541666666667
865 0.625 0.0 0.125 0.541666666667
866 0.625 0.0 0.125 0.541666666667
867 0.625 0.0 0.125 0.541666666667
868 0.625 0.0 0.125 0.541666666667
869 0.625 0.0 0.125 0.541666666667
870 0.59375 0.0 0.125 0.541666666667
871 0.59375 0.0 0.125 0.541666666667
872 0.59375 0.0 0.125 0.541666666667
873 0.578125 0.0 0.125 0.541666666667
874 0.578125 0.0 0.125 0.541666666667
875 0.53125 0.0 0.125 0.541666666667
876 0.503125 0.0 0.125 0.541666666667
877 0.503125 0.0 0.125 0.541666666667
878 0.503125 0.0 0.125 0.541666666667
879 0.503125 0.0 0.125 0.541666666667
880 0.45625 0.1125 0.125 0.541666666667
881 0.396875 0.2375 0.125 0.541666666667
882 0.384375 0.229166666667 0.125 0.541666666667
883 0.384375 0.233333333333 0.125 0.541666666667
884 0.375 0.220833333333 0.125 0.541666666667
885 0.3375 0.329166666667 0.125 0.541666666667
886 0.309375 0.279166666667 0.125 0.541666666667
887 0.30625 0.291666666667 0.125 0.541666666667
888 0.30625 0.291666666667 0.125 0.541666666667
889 0.30625 0.270833333333 0.125 0.541666666667
890 0.30625 0.275 0.125 0.541666666667
891 0.30625 0.283333333333 0.125 0.541666666667
892 0.275 0.283333333333 0.125 0.541666666667
893 0.26875 0.283333333333 0.125 0.541666666667
894 0.26875 0.266666666667 0.125 0.541666666667
895 0.278125 0.25 0.125 0.541666666667
896 0.278125 0.25 0.125 0.541666666667
897 0.278125 0.25 0.125 0.541666666667
898 0.278125 0.25 0.125 0.541666666667
899 0.278125 0.2125 0.125 0.541666666667
900 0.278125 0.25 0.125 0.541666666667
901 0.2375 0.208333333333 0.125 0.541666666667
902 0.2375 0.216666666667 0.125 0.541666666667
903 0.253125 0.216666666667 0.125 0.541666666667
904 0.253125 0.225 0.125 0.541666666667
905 0.240625 0.2125 0.125 0.541666666667
906 0.240625 0.216666666667 0.125 0.541666666667
907 0.240625 0.2125 0.125 0.541666666667
908 0.240625 0.225 0.125 0.541666666667
909 0.240625 0.220833333333 0.125 0.541666666667
910 0.19375 0.2125 0.125 0.541666666667
911 0.19375 0.208333333333 0.125 0.541666666667
912 0.146875 0.2 0.125 0.541666666667
913 0.1375 0.195833333333 0.125 0.541666666667
914 0.1375 0.195833333333 0.125 0.541666666667
915 0.1375 0.2 0.125 0.541666666667
916 0.103125 0.179166666667 0.125 0.541666666667
917 0.103125 0.179166666667 0.125 0.541666666667
918 0.103125 0.179166666667 0.125 0.541666666667
919 0.103125 0.191666666667 0.125 0.541666666667
920 0.103125 0.191666666667 0.125 0.541666666667
921 0.103125 0.183333333333 0.125 0.541666666667
922 0.078125 0.1875 0.125 0.541666666667
923 0.071875 0.1875 0.125 0.541666666667
924 0.071875 0.1875 0.125 0.541666666667
925 0.071875 0.191666666667 0.125 0.541666666667
926 0.071875 0.195833333333 0.125 0.541666666667
927 0.071875 0.195833333333 0.125 0.541666666667
928 0.071875 0.1875 0.125 0.541666666667
929 0.071875 0.195833333333 0.125 0.541666666667
930 0.071875 0.2125 0.125 0.541666666667
931 0.11875 0.183333333333 0.125 0.541666666667
932 0.125 0.1875 0.125 0.541666666667
933 0.128125 0.1875 0.125 0.541666666667
934 0.134375 0.204166666667 0.125 0.541666666667
935 0.153125 0.241666666667 0.125 0.541666666667
936 0.15625 0.258333333333 0.125 0.541666666667
937 0.153125 0.241666666667 0.125 0.541666666667
938 0.15625 0.241666666667 0.125 0.541666666667
939 0.15625 0.241666666667 0.125 0.541666666667
940 0.15625 0.241666666667 0.125 0.541666666667
941 0.153125 0.245833333333 0.125 0.541666666667
942 0.153125 0.233333333333 0.125 0.541666666667
943 0.15625 0.245833333333 0.125 0.541666666667
944 0.15625 0.245833333333 0.125 0.541666666667
945 0.15625 0.241666666667 0.125 0.541666666667
946 0.15625 0.2375 0.125 0.541666666667
