./../data/Vid_K_cup_on_table.avi.avi
0 0.435345 0.363985 0.109195 0.136973
1 0.425 0.358333333333 0.109195 0.136973
2 0.424786696609 0.359130510153 0.109195 0.136973
3 0.424055443888 0.35732607977 0.109195 0.136973
4 0.421967211827 0.361942879803 0.109195 0.136973
5 0.425 0.363472222222 0.109195 0.136973
6 0.423577843175 0.36284637581 0.109195 0.136973
7 0.420533393464 0.361285157877 0.109195 0.136973
8 0.419855522023 0.359640586481 0.109195 0.136973
9 0.425864088325 0.36739268495 0.109195 0.136973
10 0.426073376213 0.366536105341 0.109195 0.136973
11 0.427775737161 0.36884388855 0.109195 0.136973
12 0.423755632661 0.361471492884 0.109195 0.136973
13 0.42583735585 0.362966889323 0.109195 0.136973
14 0.426610373666 0.363422880089 0.109195 0.136973
15 0.426099544103 0.36643909941 0.109195 0.136973
16 0.425025735941 0.366775665947 0.109195 0.136973
17 0.427461980671 0.368208815342 0.109195 0.136973
18 0.426501880251 0.368818611859 0.109195 0.136973
19 0.4263250602 0.36737336544 0.109195 0.136973
20 0.42470045372 0.369968705339 0.109195 0.136973
21 0.421888199426 0.364291835187 0.109195 0.136973
22 0.425 0.366666666667 0.109195 0.136973
23 0.427932331291 0.362801929521 0.109195 0.136973
24 0.428744781243 0.367003337959 0.109195 0.136973
25 0.4290663584 0.368093333411 0.109195 0.136973
26 0.428346576241 0.367680041915 0.109195 0.136973
27 0.428253513721 0.367234268934 0.109195 0.136973
28 0.42810053876 0.362765007652 0.109195 0.136973
29 0.428494231536 0.366437145521 0.109195 0.136973
30 0.428932151348 0.366957371538 0.109195 0.136973
31 0.428119459385 0.362503911022 0.109195 0.136973
32 0.428844367071 0.369182717723 0.109195 0.136973
33 0.431246295027 0.362502516585 0.109195 0.136973
34 0.428125 0.366666666667 0.109195 0.136973
35 0.428618965035 0.366121178069 0.109195 0.136973
36 0.428849481314 0.364450279425 0.109195 0.136973
37 0.428209561034 0.366406087186 0.109195 0.136973
38 0.42853013584 0.366878880678 0.109195 0.136973
39 0.427989063171 0.365345272701 0.109195 0.136973
40 0.431134150807 0.370563018549 0.109195 0.136973
41 0.438400882233 0.373148472454 0.109195 0.136973
42 0.432455067102 0.367297892292 0.109195 0.136973
43 0.436329762306 0.371642468314 0.109195 0.136973
44 0.436024026542 0.375241196712 0.109195 0.136973
45 0.434801695816 0.368495553119 0.109195 0.136973
46 0.433847127235 0.365893611219 0.109195 0.136973
47 0.434756663386 0.367517061824 0.109195 0.136973
48 0.437969618183 0.367540876196 0.109195 0.136973
49 0.434375 0.3625 0.109195 0.136973
50 0.434029109555 0.365841384201 0.109195 0.136973
51 0.437919340807 0.36867160984 0.109195 0.136973
52 0.439115732304 0.367007375665 0.109195 0.136973
53 0.436395846866 0.365925501298 0.109195 0.136973
54 0.436965836563 0.362752114359 0.109195 0.136973
55 0.435435501322 0.367491670906 0.109195 0.136973
56 0.43883687922 0.369003841496 0.109195 0.136973
57 0.434375491913 0.366092356334 0.109195 0.136973
58 0.433362505411 0.369322680946 0.109195 0.136973
59 0.436034377296 0.367580905151 0.109195 0.136973
60 0.434649867749 0.366824382425 0.109195 0.136973
61 0.431642103871 0.363961055045 0.109195 0.136973
62 0.431331552496 0.366992876651 0.109195 0.136973
63 0.431370369783 0.362964585127 0.109195 0.136973
64 0.431250851633 0.36666919576 0.109195 0.136973
65 0.434292008295 0.362728530606 0.109195 0.136973
66 0.434936644251 0.36891324367 0.109195 0.136973
67 0.434375910282 0.365349162958 0.109195 0.136973
68 0.437191440379 0.361595949264 0.109195 0.136973
69 0.440066859105 0.361349841809 0.109195 0.136973
70 0.438496584628 0.36094102487 0.109195 0.136973
71 0.439839708879 0.360258142908 0.109195 0.136973
72 0.442941055543 0.355933967672 0.109195 0.136973
73 0.441210783918 0.359426236125 0.109195 0.136973
74 0.446893072043 0.36686722384 0.109195 0.136973
75 0.449656801123 0.367922658694 0.109195 0.136973
76 0.44961681023 0.366991441301 0.109195 0.136973
77 0.453859160391 0.368950923609 0.109195 0.136973
78 0.449742085684 0.366165166608 0.109195 0.136973
79 0.451239111971 0.3673333234 0.109195 0.136973
80 0.450080908992 0.368281542149 0.109195 0.136973
81 0.446643775156 0.366229908629 0.109195 0.136973
82 0.45303254705 0.366450943117 0.109195 0.136973
83 0.455285476015 0.366666666667 0.109195 0.136973
84 0.453415009994 0.367822452471 0.109195 0.136973
85 0.456266341135 0.368292975123 0.109195 0.136973
86 0.457505582822 0.367266210671 0.109195 0.136973
87 0.455758767324 0.3625 0.109195 0.136973
88 0.456092437388 0.369520031942 0.109195 0.136973
89 0.455836345045 0.365402585366 0.109195 0.136973
90 0.457958866635 0.365462114756 0.109195 0.136973
91 0.461658934047 0.36281296975 0.109195 0.136973
92 0.459657357219 0.363296392157 0.109195 0.136973
93 0.459375 0.360915946251 0.109195 0.136973
94 0.455961540011 0.362015672117 0.109195 0.136973
95 0.451973571536 0.360178788042 0.109195 0.136973
96 0.456249813272 0.360922813367 0.109195 0.136973
97 0.453125 0.358333333333 0.109195 0.136973
98 0.450540796509 0.359216929861 0.109195 0.136973
99 0.449999920444 0.361006966206 0.109195 0.136973
100 0.449295953226 0.357962525975 0.109195 0.136973
101 0.44656376397 0.357904965464 0.109195 0.136973
102 0.446265119742 0.357649353984 0.109195 0.136973
103 0.446683386043 0.356604029499 0.109195 0.136973
104 0.4435666621 0.360389859824 0.109195 0.136973
105 0.438121091322 0.35688839956 0.109195 0.136973
106 0.442428193808 0.358623423099 0.109195 0.136973
107 0.442038438396 0.361842115445 0.109195 0.136973
108 0.443561074968 0.363110153623 0.109195 0.136973
109 0.443733990203 0.350012556703 0.109195 0.136973
110 0.447329800465 0.353544709335 0.109195 0.136973
111 0.449942397717 0.348089423008 0.109195 0.136973
112 0.455283707212 0.341666666667 0.109195 0.136973
113 0.459323187982 0.344522285411 0.109195 0.136973
114 0.459547809632 0.344783640768 0.109195 0.136973
115 0.460480119286 0.341400880845 0.109195 0.136973
116 0.457350222247 0.343918936942 0.109195 0.136973
117 0.453301379379 0.341681136796 0.109195 0.136973
118 0.452488281714 0.346942168851 0.109195 0.136973
119 0.44473314542 0.338816566661 0.109195 0.136973
120 0.447478503429 0.342850226298 0.109195 0.136973
121 0.447331319875 0.350972703491 0.109195 0.136973
122 0.455410959481 0.357214377178 0.109195 0.136973
123 0.457454709419 0.353655954149 0.109195 0.136973
124 0.465829272198 0.358486951404 0.109195 0.136973
125 0.475 0.357624673382 0.109195 0.136973
126 0.483262927119 0.356179408619 0.109195 0.136973
127 0.48327816775 0.354313236521 0.109195 0.136973
128 0.484375 0.360510533691 0.109195 0.136973
129 0.485968025751 0.364479996734 0.109195 0.136973
130 0.487609205548 0.364530158215 0.109195 0.136973
131 0.485996964833 0.36737592109 0.109195 0.136973
132 0.487649222956 0.366660447967 0.109195 0.136973
133 0.477167090658 0.362269387039 0.109195 0.136973
134 0.477148609432 0.363436281176 0.109195 0.136973
135 0.478125 0.367926769307 0.109195 0.136973
136 0.478028795826 0.365433241913 0.109195 0.136973
137 0.478006360235 0.365921106698 0.109195 0.136973
138 0.478093497728 0.363652029144 0.109195 0.136973
139 0.481250330381 0.367540991052 0.109195 0.136973
140 0.483200568014 0.367275085622 0.109195 0.136973
141 0.482893899095 0.371251199493 0.109195 0.136973
142 0.483493858449 0.366719952604 0.109195 0.136973
143 0.488915612062 0.37194730482 0.109195 0.136973
144 0.487708543166 0.376006454601 0.109195 0.136973
145 0.478608857418 0.374109374965 0.109195 0.136973
146 0.471372857685 0.373116678435 0.109195 0.136973
147 0.468835439778 0.376177148867 0.109195 0.136973
148 0.460586581313 0.377152112185 0.109195 0.136973
149 0.453354552811 0.38281460981 0.109195 0.136973
150 0.45011267539 0.387201810593 0.109195 0.136973
151 0.450001130432 0.390266155781 0.109195 0.136973
152 0.446833973105 0.385987167619 0.109195 0.136973
153 0.446875 0.386812838412 0.109195 0.136973
154 0.446877155301 0.389358245258 0.109195 0.136973
155 0.450110357254 0.389955421702 0.109195 0.136973
156 0.454938214584 0.389691264592 0.109195 0.136973
157 0.453125 0.38935700256 0.109195 0.136973
158 0.453907926582 0.382241345778 0.109195 0.136973
159 0.456431258237 0.382648210406 0.109195 0.136973
160 0.459778032896 0.3775072611 0.109195 0.136973
161 0.462500518365 0.37816544697 0.109195 0.136973
162 0.461108176119 0.368173049097 0.109195 0.136973
163 0.462500393514 0.373358139683 0.109195 0.136973
164 0.462605826443 0.364735736066 0.109195 0.136973
165 0.464864448545 0.365010407922 0.109195 0.136973
166 0.462490793181 0.362757892548 0.109195 0.136973
167 0.463910591787 0.359168049472 0.109195 0.136973
168 0.46298909215 0.359929574564 0.109195 0.136973
169 0.462731347707 0.359746835456 0.109195 0.136973
170 0.463478389997 0.371072791398 0.109195 0.136973
171 0.463384881817 0.372889614369 0.109195 0.136973
172 0.462735184867 0.379672652706 0.109195 0.136973
173 0.459696115615 0.387647343394 0.109195 0.136973
174 0.465522341133 0.395559150569 0.109195 0.136973
175 0.469082385708 0.400240286069 0.109195 0.136973
176 0.473204220922 0.403201602197 0.109195 0.136973
177 0.478721466248 0.401084525539 0.109195 0.136973
178 0.477887370279 0.399230458496 0.109195 0.136973
179 0.47515353976 0.399163411041 0.109195 0.136973
180 0.475 0.395742921429 0.109195 0.136973
181 0.472653262048 0.396147401064 0.109195 0.136973
182 0.469085701759 0.393631518978 0.109195 0.136973
183 0.46294856346 0.396548487983 0.109195 0.136973
184 0.463461312388 0.393241725191 0.109195 0.136973
185 0.456251447229 0.392555301123 0.109195 0.136973
186 0.453124974046 0.387217936535 0.109195 0.136973
187 0.447938760887 0.38485386022 0.109195 0.136973
188 0.444000680369 0.392661073185 0.109195 0.136973
189 0.444765781502 0.400893318926 0.109195 0.136973
190 0.446668028996 0.400225594799 0.109195 0.136973
191 0.444205517835 0.38847804599 0.109195 0.136973
192 0.444620740341 0.387271567074 0.109195 0.136973
193 0.450002122164 0.390048223776 0.109195 0.136973
194 0.453125 0.387384648041 0.109195 0.136973
195 0.456251779684 0.383040101666 0.109195 0.136973
196 0.458469994518 0.382441101981 0.109195 0.136973
197 0.456828945284 0.38344537682 0.109195 0.136973
198 0.459378776664 0.382641148488 0.109195 0.136973
199 0.459604573598 0.379838356744 0.109195 0.136973
200 0.456228911489 0.377645664303 0.109195 0.136973
201 0.45625 0.383658718791 0.109195 0.136973
202 0.457554977002 0.383812865736 0.109195 0.136973
203 0.456250214758 0.384870522949 0.109195 0.136973
204 0.458226280335 0.387362699549 0.109195 0.136973
205 0.460156606125 0.383367863696 0.109195 0.136973
206 0.463439617618 0.390958383801 0.109195 0.136973
207 0.462672339644 0.395338595117 0.109195 0.136973
208 0.470894933378 0.396297976608 0.109195 0.136973
209 0.468751893255 0.39523195045 0.109195 0.136973
210 0.471875 0.399435512062 0.109195 0.136973
211 0.475206794129 0.395959206251 0.109195 0.136973
212 0.480883684605 0.391456655607 0.109195 0.136973
213 0.484375 0.398506966992 0.109195 0.136973
214 0.48762441064 0.399879055364 0.109195 0.136973
215 0.490632162625 0.399236735818 0.109195 0.136973
216 0.481535003335 0.390344201841 0.109195 0.136973
217 0.487498195136 0.394335644771 0.109195 0.136973
218 0.484375 0.404114828236 0.109195 0.136973
219 0.480081633616 0.39791912838 0.109195 0.136973
220 0.474345035748 0.397807483523 0.109195 0.136973
221 0.468176934689 0.404977688094 0.109195 0.136973
222 0.471876591359 0.413409242057 0.109195 0.136973
223 0.468789130543 0.41823074137 0.109195 0.136973
224 0.468714426373 0.407143234415 0.109195 0.136973
225 0.468750056399 0.407556574315 0.109195 0.136973
226 0.474286320009 0.405501196578 0.109195 0.136973
227 0.472229783859 0.403748464628 0.109195 0.136973
228 0.475000486672 0.408199190869 0.109195 0.136973
229 0.475001787134 0.401415411054 0.109195 0.136973
230 0.475005004847 0.403324677419 0.109195 0.136973
231 0.474366329427 0.405158353989 0.109195 0.136973
232 0.470685924532 0.405366531213 0.109195 0.136973
233 0.474586498599 0.410208943256 0.109195 0.136973
234 0.471448311431 0.408695423355 0.109195 0.136973
235 0.470843816883 0.400442006879 0.109195 0.136973
236 0.465601875662 0.407575595047 0.109195 0.136973
237 0.459375767689 0.404171042494 0.109195 0.136973
238 0.459377046601 0.40763167493 0.109195 0.136973
239 0.460630353597 0.41048363785 0.109195 0.136973
240 0.45682072601 0.40170382771 0.109195 0.136973
241 0.456507454682 0.403847361134 0.109195 0.136973
242 0.459265743848 0.411724126451 0.109195 0.136973
243 0.462184154262 0.411529687061 0.109195 0.136973
244 0.465174247163 0.407774160246 0.109195 0.136973
245 0.464596133123 0.40290541406 0.109195 0.136973
246 0.468696928348 0.407509968244 0.109195 0.136973
247 0.471745518829 0.391866934068 0.109195 0.136973
248 0.474984076669 0.395157405214 0.109195 0.136973
249 0.477768453141 0.398915666521 0.109195 0.136973
250 0.478103553799 0.391421684319 0.109195 0.136973
251 0.481433259239 0.3941598097 0.109195 0.136973
252 0.477157246626 0.390972355944 0.109195 0.136973
253 0.481252276657 0.387502101255 0.109195 0.136973
254 0.478125 0.38689094001 0.109195 0.136973
255 0.475 0.384019183452 0.109195 0.136973
256 0.473555826002 0.392297738675 0.109195 0.136973
257 0.470861101603 0.395298187276 0.109195 0.136973
258 0.459602946065 0.377118741026 0.109195 0.136973
259 0.459606485015 0.383096202391 0.109195 0.136973
260 0.456251991403 0.389213405788 0.109195 0.136973
261 0.452916876934 0.391507435212 0.109195 0.136973
262 0.452147327966 0.390921094711 0.109195 0.136973
263 0.445070079559 0.393081091312 0.109195 0.136973
264 0.441152919987 0.387900996091 0.109195 0.136973
265 0.440625 0.395935394991 0.109195 0.136973
266 0.431056807942 0.386795374938 0.109195 0.136973
267 0.440059464254 0.390271349878 0.109195 0.136973
268 0.453125736849 0.393961069621 0.109195 0.136973
269 0.449337541932 0.387784155678 0.109195 0.136973
270 0.447410701603 0.385816936648 0.109195 0.136973
271 0.44336825288 0.387314432281 0.109195 0.136973
272 0.451624255252 0.399942889789 0.109195 0.136973
273 0.452449145179 0.403855350944 0.109195 0.136973
274 0.449350954015 0.406970128207 0.109195 0.136973
275 0.4455824747 0.401851953521 0.109195 0.136973
276 0.446001164929 0.398145794321 0.109195 0.136973
277 0.43757247488 0.395828577706 0.109195 0.136973
278 0.448997162698 0.397516216458 0.109195 0.136973
279 0.459216566841 0.38946563552 0.109195 0.136973
280 0.466019558605 0.387994577435 0.109195 0.136973
281 0.477918951863 0.389656777019 0.109195 0.136973
282 0.481362710982 0.375944351037 0.109195 0.136973
283 0.47907501325 0.370163677643 0.109195 0.136973
284 0.484021920156 0.368821220805 0.109195 0.136973
285 0.48493069172 0.374317045466 0.109195 0.136973
286 0.484375 0.362506205252 0.109195 0.136973
287 0.487501442409 0.361791291216 0.109195 0.136973
288 0.487501004334 0.365168304172 0.109195 0.136973
289 0.490625 0.374075795921 0.109195 0.136973
290 0.492862883599 0.376301148008 0.109195 0.136973
291 0.495408999365 0.39387866582 0.109195 0.136973
292 0.500503842731 0.396049868304 0.109195 0.136973
293 0.498719881946 0.385946044319 0.109195 0.136973
294 0.5 0.391277195231 0.109195 0.136973
295 0.505794328062 0.390764637369 0.109195 0.136973
296 0.502161893432 0.402203031562 0.109195 0.136973
297 0.513319731014 0.396123369937 0.109195 0.136973
298 0.515620180482 0.386302506314 0.109195 0.136973
299 0.521655495631 0.391826217728 0.109195 0.136973
300 0.525306241513 0.382752173837 0.109195 0.136973
301 0.528125563652 0.386417932728 0.109195 0.136973
302 0.530260202219 0.393024024131 0.109195 0.136973
303 0.523733293145 0.389127876423 0.109195 0.136973
304 0.521877180843 0.386886384624 0.109195 0.136973
305 0.512443101458 0.383551553189 0.109195 0.136973
306 0.503125110571 0.375513990536 0.109195 0.136973
307 0.497002257225 0.387086670941 0.109195 0.136973
308 0.493751496726 0.390807057626 0.109195 0.136973
309 0.484376473101 0.386915500668 0.109195 0.136973
310 0.474995709431 0.385019419554 0.109195 0.136973
311 0.468883733125 0.387268937017 0.109195 0.136973
312 0.465417068733 0.384760859923 0.109195 0.136973
313 0.465449727547 0.399631761849 0.109195 0.136973
314 0.462462907164 0.391840569017 0.109195 0.136973
315 0.449997835356 0.387052863296 0.109195 0.136973
316 0.442937110919 0.399020024326 0.109195 0.136973
317 0.438183324575 0.380501110073 0.109195 0.136973
318 0.442302264865 0.389885439125 0.109195 0.136973
319 0.444655083694 0.388025047577 0.109195 0.136973
320 0.441767931608 0.382989488227 0.109195 0.136973
321 0.440490971035 0.38065570463 0.109195 0.136973
322 0.444958889632 0.385307601281 0.109195 0.136973
323 0.444481325111 0.385106783887 0.109195 0.136973
324 0.386733256529 0.373223918312 0.109195 0.136973
325 0.382198350867 0.365830964062 0.109195 0.136973
326 0.421655879295 0.376131799961 0.109195 0.136973
327 0.441170135997 0.383948532963 0.109195 0.136973
328 0.44809720619 0.381990271756 0.109195 0.136973
329 0.446861469928 0.38094958927 0.109195 0.136973
330 0.445302963853 0.377178981132 0.109195 0.136973
331 0.443219013379 0.38151718757 0.109195 0.136973
332 0.4375 0.381729357658 0.109195 0.136973
333 0.4375 0.375 0.109195 0.136973
334 0.436069119705 0.372481619155 0.109195 0.136973
335 0.44062777728 0.367608652995 0.109195 0.136973
336 0.438459710712 0.369557334809 0.109195 0.136973
337 0.437272768801 0.373646777698 0.109195 0.136973
338 0.438866264853 0.372186576551 0.109195 0.136973
339 0.438619360532 0.367896376774 0.109195 0.136973
340 0.434972372467 0.372758875019 0.109195 0.136973
341 0.435974209081 0.365193603999 0.109195 0.136973
342 0.432209082621 0.367124926499 0.109195 0.136973
343 0.427700284271 0.363463986371 0.109195 0.136973
344 0.387868799806 0.348319316068 0.109195 0.136973
345 0.423563172399 0.363661367999 0.109195 0.136973
346 0.431028888603 0.362174616677 0.109195 0.136973
347 0.429375383346 0.364733024812 0.109195 0.136973
348 0.434373894425 0.370834676403 0.109195 0.136973
349 0.431244046845 0.370837060457 0.109195 0.136973
350 0.421635709233 0.370798997859 0.109195 0.136973
351 0.428845853169 0.380274852503 0.109195 0.136973
352 0.430353265079 0.389262291432 0.109195 0.136973
353 0.427655138433 0.385783371014 0.109195 0.136973
354 0.435030104184 0.389871554014 0.109195 0.136973
355 0.439216815822 0.393479075554 0.109195 0.136973
356 0.445218610427 0.401343376281 0.109195 0.136973
357 0.454227129069 0.399276355725 0.109195 0.136973
358 0.450856773743 0.401866386159 0.109195 0.136973
359 0.436918353599 0.390808801182 0.109195 0.136973
360 0.462434891548 0.40319145393 0.109195 0.136973
361 0.464725947204 0.406233657353 0.109195 0.136973
362 0.467666889568 0.403016525092 0.109195 0.136973
363 0.470475258507 0.405111151522 0.109195 0.136973
364 0.47010709951 0.405253656204 0.109195 0.136973
365 0.467169263783 0.403620490554 0.109195 0.136973
366 0.470370524603 0.405899679776 0.109195 0.136973
367 0.462142451515 0.399889248883 0.109195 0.136973
368 0.457629044109 0.407335367115 0.109195 0.136973
369 0.446651297316 0.404978255013 0.109195 0.136973
370 0.405436683296 0.396810569606 0.109195 0.136973
371 0.414677842435 0.398235953606 0.109195 0.136973
372 0.449355145999 0.406268742396 0.109195 0.136973
373 0.458842592053 0.406749941754 0.109195 0.136973
374 0.471984600912 0.412739243963 0.109195 0.136973
375 0.47121217422 0.416922214475 0.109195 0.136973
376 0.47304601294 0.408914864668 0.109195 0.136973
377 0.474341183772 0.407318480919 0.109195 0.136973
378 0.470291312609 0.414602939547 0.109195 0.136973
379 0.469097721987 0.410550428269 0.109195 0.136973
380 0.469636316131 0.414696966766 0.109195 0.136973
381 0.470275830336 0.416803085756 0.109195 0.136973
382 0.46172988471 0.414238825081 0.109195 0.136973
383 0.46230403462 0.411016911121 0.109195 0.136973
384 0.434620491922 0.40781104036 0.109195 0.136973
385 0.417930762023 0.391598526281 0.109195 0.136973
386 0.46243697985 0.409645598964 0.109195 0.136973
387 0.466314191111 0.401286487368 0.109195 0.136973
388 0.45937550178 0.40226708336 0.109195 0.136973
389 0.456252812138 0.400002083065 0.109195 0.136973
390 0.456244969893 0.395831991972 0.109195 0.136973
391 0.453125 0.391666666667 0.109195 0.136973
392 0.45 0.3875 0.109195 0.136973
393 0.446874653404 0.387495070636 0.109195 0.136973
394 0.446875 0.385908358808 0.109195 0.136973
395 0.444199725428 0.382731784955 0.109195 0.136973
396 0.43662094607 0.377631727946 0.109195 0.136973
397 0.420970082274 0.373683218494 0.109195 0.136973
398 0.446857228785 0.375001848542 0.109195 0.136973
399 0.454162563533 0.368170921095 0.109195 0.136973
400 0.453129327052 0.375000308075 0.109195 0.136973
401 0.456609169247 0.37157038405 0.109195 0.136973
402 0.453873366731 0.373327754167 0.109195 0.136973
403 0.453134093532 0.369759858177 0.109195 0.136973
404 0.452772285802 0.370497652533 0.109195 0.136973
405 0.446875 0.374404858014 0.109195 0.136973
406 0.44375 0.375 0.109195 0.136973
407 0.443778356187 0.370852237458 0.109195 0.136973
408 0.440896596458 0.369043601984 0.109195 0.136973
409 0.440692493646 0.364758165952 0.109195 0.136973
410 0.437109225282 0.358209773881 0.109195 0.136973
411 0.437499195181 0.360252806833 0.109195 0.136973
412 0.436388136858 0.348273891921 0.109195 0.136973
413 0.437827952914 0.344455379416 0.109195 0.136973
414 0.443961496521 0.348788274947 0.109195 0.136973
415 0.450442437915 0.345208441275 0.109195 0.136973
416 0.45 0.345833333333 0.109195 0.136973
417 0.45 0.341666666667 0.109195 0.136973
418 0.45625 0.344442672948 0.109195 0.136973
419 0.459375 0.345833333333 0.109195 0.136973
420 0.462050160818 0.337237845839 0.109195 0.136973
421 0.457361482757 0.336532026998 0.109195 0.136973
422 0.459283127285 0.331425217377 0.109195 0.136973
423 0.449835390935 0.332698133959 0.109195 0.136973
424 0.447095839039 0.33917641171 0.109195 0.136973
425 0.440879859442 0.341802657983 0.109195 0.136973
426 0.393780075254 0.340870222168 0.109195 0.136973
427 0.408361210845 0.341816721689 0.109195 0.136973
428 0.381711039561 0.348337938852 0.109195 0.136973
429 0.195114163753 0.343970646053 0.109195 0.136973
430 0.173365919099 0.34422525711 0.109195 0.136973
431 0.22507969456 0.347155025775 0.109195 0.136973
432 0.156693129024 0.34528731326 0.109195 0.136973
433 0.114764411437 0.34275318274 0.109195 0.136973
434 0.0916010831017 0.342029658804 0.109195 0.136973
435 0.0825895448857 0.341788381853 0.109195 0.136973
436 0.081246666711 0.341659682633 0.109195 0.136973
437 0.0812480820557 0.341807887532 0.109195 0.136973
438 0.0898176604574 0.343406823195 0.109195 0.136973
439 0.0922040414355 0.342596017423 0.109195 0.136973
440 0.0998081539378 0.345833333333 0.109195 0.136973
441 0.109254148403 0.347601865581 0.109195 0.136973
442 0.112637299014 0.350005498696 0.109195 0.136973
443 0.116518523116 0.350219791358 0.109195 0.136973
444 0.125630791122 0.354166666667 0.109195 0.136973
445 0.139218116204 0.357256562157 0.109195 0.136973
446 0.176753337661 0.361877306882 0.109195 0.136973
447 0.20206099082 0.362762861574 0.109195 0.136973
448 0.200947094397 0.366621951938 0.109195 0.136973
449 0.217778769585 0.370833333333 0.109195 0.136973
450 0.227179575082 0.370833333333 0.109195 0.136973
451 0.227269440944 0.374710076491 0.109195 0.136973
452 0.219972898999 0.375 0.109195 0.136973
453 0.236971112585 0.370833333333 0.109195 0.136973
454 0.239845692587 0.374998242118 0.109195 0.136973
455 0.229401432848 0.370833333333 0.109195 0.136973
456 0.242378809882 0.371110654005 0.109195 0.136973
457 0.237450344377 0.374873457064 0.109195 0.136973
458 0.248283952134 0.374580522938 0.109195 0.136973
459 0.248149509834 0.375387388814 0.109195 0.136973
460 0.245164399484 0.375284360979 0.109195 0.136973
461 0.246143055194 0.379166553259 0.109195 0.136973
462 0.233401931324 0.375199781043 0.109195 0.136973
463 0.238888491504 0.375143512239 0.109195 0.136973
464 0.236577211585 0.375634544623 0.109195 0.136973
465 0.224991986174 0.376252336347 0.109195 0.136973
466 0.225630898873 0.375381110974 0.109195 0.136973
467 0.225284943296 0.375689654162 0.109195 0.136973
468 0.230332832795 0.375 0.109195 0.136973
469 0.235140458019 0.375153143812 0.109195 0.136973
470 0.227653571022 0.377313193828 0.109195 0.136973
471 0.223351009972 0.379166666667 0.109195 0.136973
472 0.225164890281 0.383496577429 0.109195 0.136973
473 0.225709491283 0.391666666667 0.109195 0.136973
474 0.242968462352 0.38847414439 0.109195 0.136973
475 0.245366974042 0.387778646245 0.109195 0.136973
476 0.244962631104 0.391699111447 0.109195 0.136973
477 0.25692661363 0.395833333333 0.109195 0.136973
478 0.263919752927 0.396158540499 0.109195 0.136973
479 0.267146652106 0.400020274261 0.109195 0.136973
480 0.260114264321 0.400423986595 0.109195 0.136973
481 0.232618339047 0.409316345938 0.109195 0.136973
482 0.212523884235 0.408841845083 0.109195 0.136973
483 0.233154037482 0.406408039523 0.109195 0.136973
484 0.247583614113 0.404457271751 0.109195 0.136973
485 0.246822528937 0.400867628676 0.109195 0.136973
486 0.247427047229 0.399932160388 0.109195 0.136973
487 0.242819671978 0.400344138067 0.109195 0.136973
488 0.239926004357 0.400138787906 0.109195 0.136973
489 0.225425323495 0.396064895185 0.109195 0.136973
490 0.22090984996 0.396129288647 0.109195 0.136973
491 0.227468994935 0.390789486653 0.109195 0.136973
492 0.233637856322 0.392935195848 0.109195 0.136973
493 0.240511782946 0.392896062977 0.109195 0.136973
494 0.244145252128 0.388769487591 0.109195 0.136973
495 0.238268018303 0.393939784422 0.109195 0.136973
496 0.243923630069 0.389966502502 0.109195 0.136973
497 0.254163134809 0.389761112396 0.109195 0.136973
498 0.259683098914 0.388946942615 0.109195 0.136973
499 0.266286751763 0.384301032291 0.109195 0.136973
500 0.269372631434 0.376539277715 0.109195 0.136973
501 0.274980127911 0.37101141744 0.109195 0.136973
502 0.274861269211 0.360301744312 0.109195 0.136973
503 0.285463683802 0.354507736327 0.109195 0.136973
504 0.29952503664 0.34497855214 0.109195 0.136973
505 0.298242470878 0.337338247755 0.109195 0.136973
506 0.297186017177 0.338216607843 0.109195 0.136973
507 0.293928659558 0.336440316588 0.109195 0.136973
508 0.285929896869 0.335080615328 0.109195 0.136973
509 0.292087375576 0.33024113021 0.109195 0.136973
510 0.300345971057 0.326930182857 0.109195 0.136973
511 0.290198648658 0.328587799797 0.109195 0.136973
512 0.270452982015 0.332856335946 0.109195 0.136973
513 0.275205930205 0.330220571799 0.109195 0.136973
514 0.282930187083 0.328781211472 0.109195 0.136973
515 0.297639210518 0.329703192598 0.109195 0.136973
516 0.297645673785 0.325736401133 0.109195 0.136973
517 0.298042172534 0.325720940933 0.109195 0.136973
518 0.302138393968 0.32470182538 0.109195 0.136973
519 0.305133692565 0.316505812433 0.109195 0.136973
520 0.288618756879 0.323551948354 0.109195 0.136973
521 0.284659262998 0.324344515722 0.109195 0.136973
522 0.293645547408 0.319163047608 0.109195 0.136973
523 0.290782987857 0.313231570316 0.109195 0.136973
524 0.293628504964 0.314981234235 0.109195 0.136973
525 0.281851951214 0.312295714587 0.109195 0.136973
526 0.277118044099 0.313961266809 0.109195 0.136973
527 0.277998742026 0.311440679596 0.109195 0.136973
528 0.289545242258 0.304177353112 0.109195 0.136973
529 0.292451568859 0.304681335551 0.109195 0.136973
530 0.276971384722 0.305984151233 0.109195 0.136973
531 0.277665319203 0.302384667887 0.109195 0.136973
532 0.285403835105 0.305028526515 0.109195 0.136973
533 0.271969121063 0.314156020153 0.109195 0.136973
534 0.271602162598 0.316075797277 0.109195 0.136973
535 0.267149645998 0.31841288815 0.109195 0.136973
536 0.253757332831 0.323718918621 0.109195 0.136973
537 0.277261226432 0.324458948674 0.109195 0.136973
538 0.265650001997 0.333785272039 0.109195 0.136973
539 0.264341650153 0.335891154095 0.109195 0.136973
540 0.282378910537 0.330359968179 0.109195 0.136973
541 0.29050713374 0.339720453396 0.109195 0.136973
542 0.278838562669 0.345208429475 0.109195 0.136973
543 0.27164190472 0.349455690126 0.109195 0.136973
544 0.273050280149 0.350930615078 0.109195 0.136973
545 0.262504160012 0.357259425939 0.109195 0.136973
546 0.260876069817 0.35748471721 0.109195 0.136973
547 0.293907884674 0.352535745775 0.109195 0.136973
548 0.297107215184 0.352685236453 0.109195 0.136973
549 0.283239096319 0.361640456561 0.109195 0.136973
550 0.247855163142 0.369258142209 0.109195 0.136973
551 0.250794774403 0.370756372746 0.109195 0.136973
552 0.251866081389 0.370456172887 0.109195 0.136973
553 0.292946819393 0.356652665365 0.109195 0.136973
554 0.2629235402 0.374086615428 0.109195 0.136973
555 0.23733575971 0.377236819482 0.109195 0.136973
556 0.260435277457 0.369852421706 0.109195 0.136973
557 0.264684193823 0.366151840293 0.109195 0.136973
558 0.289339498178 0.360319008981 0.109195 0.136973
559 0.295602866452 0.360951924049 0.109195 0.136973
560 0.271213540423 0.364875912332 0.109195 0.136973
561 0.237269262706 0.372339224814 0.109195 0.136973
562 0.258926018403 0.365226079545 0.109195 0.136973
563 0.305931097393 0.350633872476 0.109195 0.136973
564 0.304054874721 0.355850032648 0.109195 0.136973
565 0.289807195026 0.36149504928 0.109195 0.136973
566 0.292386458115 0.359703484154 0.109195 0.136973
567 0.29609611676 0.361581840122 0.109195 0.136973
568 0.302305178756 0.362303357658 0.109195 0.136973
569 0.29276762673 0.369913144095 0.109195 0.136973
570 0.286807852141 0.36344787577 0.109195 0.136973
571 0.291719373038 0.363896371574 0.109195 0.136973
572 0.305358029598 0.361762691437 0.109195 0.136973
573 0.29866860962 0.359102276721 0.109195 0.136973
574 0.268439099108 0.365900198334 0.109195 0.136973
575 0.255931600238 0.368961595921 0.109195 0.136973
576 0.286625044169 0.363273381746 0.109195 0.136973
577 0.303993694253 0.361829030007 0.109195 0.136973
578 0.307617749594 0.35874739251 0.109195 0.136973
579 0.310371792833 0.356190044511 0.109195 0.136973
580 0.311909481516 0.35970143703 0.109195 0.136973
581 0.322515512733 0.351226476888 0.109195 0.136973
582 0.321882994336 0.358327628455 0.109195 0.136973
583 0.307755855835 0.364343746271 0.109195 0.136973
584 0.29516911392 0.365509572954 0.109195 0.136973
585 0.306037533863 0.363235535401 0.109195 0.136973
586 0.268611438167 0.367878574827 0.109195 0.136973
587 0.290668710592 0.36237883137 0.109195 0.136973
588 0.312398200029 0.355431167305 0.109195 0.136973
589 0.313939946998 0.360965262237 0.109195 0.136973
590 0.318705249632 0.355629565657 0.109195 0.136973
591 0.333553599791 0.351424800538 0.109195 0.136973
592 0.329109049391 0.357002090291 0.109195 0.136973
593 0.308541831974 0.357722204546 0.109195 0.136973
594 0.312796601402 0.359113516558 0.109195 0.136973
595 0.297344544479 0.364768570784 0.109195 0.136973
596 0.279595523436 0.368932137497 0.109195 0.136973
597 0.29811782087 0.366817724684 0.109195 0.136973
598 0.295001350566 0.367747877937 0.109195 0.136973
599 0.296435317674 0.371618441781 0.109195 0.136973
600 0.283194383434 0.37592592211 0.109195 0.136973
601 0.255769093306 0.379912997644 0.109195 0.136973
602 0.268010571258 0.377268781704 0.109195 0.136973
603 0.285645328592 0.378211031574 0.109195 0.136973
604 0.302955036293 0.37799743932 0.109195 0.136973
605 0.31275024994 0.379736447166 0.109195 0.136973
606 0.308106203227 0.378327317513 0.109195 0.136973
607 0.311373664344 0.380046045076 0.109195 0.136973
608 0.316037721716 0.379468226288 0.109195 0.136973
609 0.315673645984 0.383278394039 0.109195 0.136973
610 0.315023432199 0.379894660885 0.109195 0.136973
611 0.315406852802 0.377338038148 0.109195 0.136973
612 0.30260204062 0.378033732509 0.109195 0.136973
613 0.285798716174 0.37842428561 0.109195 0.136973
614 0.290035773555 0.377275706806 0.109195 0.136973
615 0.317059940389 0.371868488132 0.109195 0.136973
616 0.327303843049 0.373900929107 0.109195 0.136973
617 0.321620924285 0.367934526541 0.109195 0.136973
618 0.308901165505 0.37349738519 0.109195 0.136973
619 0.29591765557 0.37511658461 0.109195 0.136973
620 0.285585752151 0.37674713974 0.109195 0.136973
621 0.274982453333 0.377846831515 0.109195 0.136973
622 0.280753908319 0.376196623241 0.109195 0.136973
623 0.277788289733 0.374039186335 0.109195 0.136973
624 0.279292839171 0.372506345345 0.109195 0.136973
625 0.289411084404 0.373540159737 0.109195 0.136973
626 0.305090075343 0.367639910871 0.109195 0.136973
627 0.31006828117 0.366971975227 0.109195 0.136973
628 0.313665826903 0.366739413564 0.109195 0.136973
629 0.314988860989 0.362644374091 0.109195 0.136973
630 0.314893824079 0.359256563986 0.109195 0.136973
631 0.318553359472 0.358975710061 0.109195 0.136973
632 0.319029481226 0.362843976893 0.109195 0.136973
633 0.316220306251 0.363233585242 0.109195 0.136973
634 0.295532683015 0.359609911473 0.109195 0.136973
635 0.301952885707 0.360766350318 0.109195 0.136973
636 0.286383548427 0.363363807262 0.109195 0.136973
637 0.278361342358 0.371014950598 0.109195 0.136973
638 0.284275246883 0.374882704332 0.109195 0.136973
639 0.274786027845 0.375311729361 0.109195 0.136973
640 0.268017990229 0.383612005115 0.109195 0.136973
641 0.266266486183 0.38327724711 0.109195 0.136973
642 0.262961857757 0.387460900931 0.109195 0.136973
643 0.265625 0.391666666667 0.109195 0.136973
644 0.264548011339 0.395848152703 0.109195 0.136973
645 0.261160131754 0.400312758828 0.109195 0.136973
646 0.26113754523 0.404214595995 0.109195 0.136973
647 0.2615754417 0.403896271536 0.109195 0.136973
648 0.258991300036 0.408345616686 0.109195 0.136973
649 0.262721187106 0.412827847831 0.109195 0.136973
650 0.259274071586 0.412475791145 0.109195 0.136973
651 0.252132347908 0.412500759135 0.109195 0.136973
652 0.249003065327 0.41321719686 0.109195 0.136973
653 0.247620608619 0.412594715334 0.109195 0.136973
654 0.255962885903 0.408777954623 0.109195 0.136973
655 0.242243933215 0.416647223709 0.109195 0.136973
656 0.229219273589 0.417014544642 0.109195 0.136973
657 0.223002422248 0.412507352148 0.109195 0.136973
658 0.231072183794 0.408508014322 0.109195 0.136973
659 0.220667901599 0.408611132925 0.109195 0.136973
660 0.218115964856 0.409791051383 0.109195 0.136973
661 0.216458528307 0.399934701253 0.109195 0.136973
662 0.218823873028 0.402233031555 0.109195 0.136973
663 0.205786695043 0.393833434848 0.109195 0.136973
664 0.217473775598 0.388504990945 0.109195 0.136973
665 0.220625280369 0.393048443701 0.109195 0.136973
666 0.217549522499 0.388848331438 0.109195 0.136973
667 0.220383605033 0.398920507149 0.109195 0.136973
668 0.225951474613 0.394014900828 0.109195 0.136973
669 0.225390716131 0.394554831705 0.109195 0.136973
670 0.220070058625 0.397942212247 0.109195 0.136973
671 0.219309416922 0.392918517529 0.109195 0.136973
672 0.22613380352 0.387303708677 0.109195 0.136973
673 0.230998992417 0.392713884624 0.109195 0.136973
674 0.2344489265 0.386411839683 0.109195 0.136973
675 0.235828824411 0.386895427641 0.109195 0.136973
676 0.234514628911 0.389795923712 0.109195 0.136973
677 0.232026531677 0.386637623107 0.109195 0.136973
678 0.242625991989 0.391065754396 0.109195 0.136973
679 0.243051185266 0.387590211556 0.109195 0.136973
680 0.240577956338 0.382931990126 0.109195 0.136973
681 0.229174659529 0.379392091642 0.109195 0.136973
682 0.236295693558 0.381522493615 0.109195 0.136973
683 0.213281092238 0.382741756312 0.109195 0.136973
684 0.205942285465 0.385357607061 0.109195 0.136973
685 0.205814194568 0.404886248186 0.109195 0.136973
686 0.210193582628 0.403766543006 0.109195 0.136973
687 0.212894665589 0.409784363831 0.109195 0.136973
688 0.202181551014 0.405954942448 0.109195 0.136973
689 0.193291884729 0.414012595049 0.109195 0.136973
690 0.202955912105 0.404301089192 0.109195 0.136973
691 0.210003538584 0.402146542103 0.109195 0.136973
692 0.204836513884 0.401131501977 0.109195 0.136973
693 0.211129591131 0.392902366162 0.109195 0.136973
694 0.211423913133 0.389071312057 0.109195 0.136973
695 0.214549272751 0.371262018458 0.109195 0.136973
696 0.209108142911 0.372509279918 0.109195 0.136973
697 0.208876889315 0.363351797254 0.109195 0.136973
698 0.208196375178 0.3569482182 0.109195 0.136973
699 0.203540055923 0.365665538241 0.109195 0.136973
700 0.189536131214 0.357071120745 0.109195 0.136973
701 0.181380253262 0.360579979314 0.109195 0.136973
702 0.168377229926 0.346713983369 0.109195 0.136973
703 0.166980797371 0.337905399587 0.109195 0.136973
704 0.160274195013 0.341294396229 0.109195 0.136973
705 0.164500382969 0.356731922502 0.109195 0.136973
706 0.158412199859 0.357445511884 0.109195 0.136973
707 0.146386844065 0.348775177749 0.109195 0.136973
708 0.154367002567 0.348215211391 0.109195 0.136973
709 0.164567431272 0.365335884385 0.109195 0.136973
710 0.166847841489 0.355514064529 0.109195 0.136973
711 0.175267378306 0.363065190078 0.109195 0.136973
712 0.183932734698 0.369350954809 0.109195 0.136973
713 0.188450882279 0.360851781742 0.109195 0.136973
714 0.195056115852 0.350576432765 0.109195 0.136973
715 0.194064858118 0.332109968723 0.109195 0.136973
716 0.207629070666 0.334263606839 0.109195 0.136973
717 0.21238472171 0.346579896449 0.109195 0.136973
718 0.217383999939 0.330165058566 0.109195 0.136973
719 0.218036151425 0.33966520868 0.109195 0.136973
720 0.218012607185 0.336955955159 0.109195 0.136973
721 0.216087527446 0.327803207653 0.109195 0.136973
722 0.210536814099 0.315189343974 0.109195 0.136973
723 0.205331338304 0.301842191763 0.109195 0.136973
724 0.202305993888 0.301252062178 0.109195 0.136973
725 0.198184858277 0.288726829135 0.109195 0.136973
726 0.194542748615 0.289431058738 0.109195 0.136973
727 0.190832138681 0.29171969383 0.109195 0.136973
728 0.192361635197 0.289001820317 0.109195 0.136973
729 0.196187082182 0.292279050198 0.109195 0.136973
730 0.189895340592 0.287464367496 0.109195 0.136973
731 0.2008326854 0.285021487211 0.109195 0.136973
732 0.211998197148 0.291939200622 0.109195 0.136973
733 0.215672079219 0.299284708255 0.109195 0.136973
734 0.213248389381 0.299728523911 0.109195 0.136973
735 0.216887949378 0.302507620915 0.109195 0.136973
736 0.218532672543 0.30070345312 0.109195 0.136973
737 0.215327321878 0.301028215413 0.109195 0.136973
738 0.211569636799 0.288763611212 0.109195 0.136973
739 0.208560359711 0.284409537869 0.109195 0.136973
740 0.191831112012 0.287206783331 0.109195 0.136973
741 0.200187935108 0.287505982984 0.109195 0.136973
742 0.197210952263 0.290455702852 0.109195 0.136973
743 0.187732815842 0.272869333545 0.109195 0.136973
744 0.180759728272 0.268003436093 0.109195 0.136973
745 0.170799274757 0.266188604064 0.109195 0.136973
746 0.169833255409 0.263949101354 0.109195 0.136973
747 0.169115042164 0.254956082879 0.109195 0.136973
748 0.170714228848 0.260818788402 0.109195 0.136973
749 0.177319454947 0.263728581529 0.109195 0.136973
750 0.175993037826 0.264440625113 0.109195 0.136973
751 0.18367546174 0.263005538802 0.109195 0.136973
752 0.188079165913 0.261230960119 0.109195 0.136973
753 0.197088207065 0.259649092554 0.109195 0.136973
754 0.207675996201 0.260473078047 0.109195 0.136973
755 0.214508371597 0.255439416002 0.109195 0.136973
756 0.216024292023 0.247884366342 0.109195 0.136973
757 0.220886798413 0.247988168356 0.109195 0.136973
758 0.213444910115 0.248905301165 0.109195 0.136973
759 0.217083087738 0.249988648003 0.109195 0.136973
760 0.201007828337 0.255134586807 0.109195 0.136973
761 0.207852234819 0.250865607968 0.109195 0.136973
762 0.21907910987 0.249682636609 0.109195 0.136973
763 0.236970622266 0.247208247317 0.109195 0.136973
764 0.242187083439 0.239802430669 0.109195 0.136973
765 0.241846701565 0.235629491339 0.109195 0.136973
766 0.256259376272 0.238043023433 0.109195 0.136973
767 0.270617978196 0.235963271997 0.109195 0.136973
768 0.267276589728 0.235061663118 0.109195 0.136973
769 0.263741758771 0.234657426886 0.109195 0.136973
770 0.273026740174 0.237748139459 0.109195 0.136973
771 0.276919818262 0.247754910321 0.109195 0.136973
772 0.272899525256 0.243262272877 0.109195 0.136973
773 0.274371183411 0.246684458484 0.109195 0.136973
774 0.275943461069 0.248988405942 0.109195 0.136973
775 0.264374119484 0.254933722403 0.109195 0.136973
776 0.322111711089 0.294426997097 0.109195 0.136973
777 0.403780438877 0.354457973064 0.109195 0.136973
778 0.456558707649 0.399696235123 0.109195 0.136973
779 0.450937754837 0.410616445652 0.109195 0.136973
780 0.446223405898 0.400026625134 0.109195 0.136973
781 0.440624652324 0.401074897335 0.109195 0.136973
782 0.42898348166 0.399902796562 0.109195 0.136973
783 0.424420887769 0.401507463331 0.109195 0.136973
784 0.422673171539 0.40578501617 0.109195 0.136973
785 0.421875 0.416392139282 0.109195 0.136973
786 0.41875 0.408746023256 0.109195 0.136973
787 0.421875 0.408748833118 0.109195 0.136973
788 0.431343233064 0.413916741869 0.109195 0.136973
789 0.429351284733 0.41751717695 0.109195 0.136973
790 0.430847539603 0.41890980175 0.109195 0.136973
791 0.435184893167 0.418340175971 0.109195 0.136973
792 0.439230642973 0.41071672014 0.109195 0.136973
793 0.441088474985 0.398848385088 0.109195 0.136973
794 0.443755627771 0.402157636298 0.109195 0.136973
795 0.446885806358 0.404168355284 0.109195 0.136973
796 0.443749752045 0.4011601868 0.109195 0.136973
797 0.440624347568 0.403878522484 0.109195 0.136973
798 0.444721227427 0.398217721186 0.109195 0.136973
799 0.450357577655 0.392887569992 0.109195 0.136973
800 0.45316045423 0.390667033648 0.109195 0.136973
801 0.456250827559 0.383336753909 0.109195 0.136973
802 0.463273053539 0.379984340172 0.109195 0.136973
803 0.470716656848 0.379882495018 0.109195 0.136973
804 0.475075034465 0.371018942809 0.109195 0.136973
805 0.478632793848 0.359708402627 0.109195 0.136973
806 0.484375866821 0.357644071877 0.109195 0.136973
807 0.493258039585 0.354923073851 0.109195 0.136973
808 0.498569038183 0.349061014865 0.109195 0.136973
809 0.503120089318 0.34583393959 0.109195 0.136973
810 0.50625 0.342198889037 0.109195 0.136973
811 0.506131975205 0.341613461594 0.109195 0.136973
812 0.506829182703 0.334150005719 0.109195 0.136973
813 0.502327660323 0.339884432093 0.109195 0.136973
814 0.495724508719 0.336657985372 0.109195 0.136973
815 0.487571077252 0.333664311486 0.109195 0.136973
816 0.492029766288 0.359433075227 0.109195 0.136973
817 0.473653711423 0.341501174862 0.109195 0.136973
818 0.468806551249 0.341447223499 0.109195 0.136973
819 0.46875 0.341390665658 0.109195 0.136973
820 0.468080048543 0.339458046507 0.109195 0.136973
821 0.468633562739 0.345507164376 0.109195 0.136973
822 0.470572876858 0.353196288049 0.109195 0.136973
823 0.468286417046 0.35589955864 0.109195 0.136973
824 0.47157915289 0.354980254432 0.109195 0.136973
825 0.473892081165 0.364429603706 0.109195 0.136973
826 0.486133141672 0.375832179911 0.109195 0.136973
827 0.481666694501 0.375743425328 0.109195 0.136973
828 0.475797840717 0.386949401959 0.109195 0.136973
829 0.472314575075 0.395060548856 0.109195 0.136973
830 0.470515320163 0.405914843884 0.109195 0.136973
831 0.469385795684 0.412496857389 0.109195 0.136973
832 0.4625 0.41651581266 0.109195 0.136973
833 0.462411675972 0.42678322269 0.109195 0.136973
834 0.469206816978 0.416435643794 0.109195 0.136973
835 0.474547297124 0.413533583995 0.109195 0.136973
836 0.479283799202 0.412497601813 0.109195 0.136973
837 0.489096808988 0.413120651217 0.109195 0.136973
838 0.493924576577 0.407509766936 0.109195 0.136973
839 0.497877408514 0.401636814529 0.109195 0.136973
840 0.496764323049 0.401356694995 0.109195 0.136973
841 0.496243612439 0.39735568933 0.109195 0.136973
842 0.495931412118 0.399198677806 0.109195 0.136973
843 0.496683375268 0.399764634062 0.109195 0.136973
844 0.496875 0.4 0.109195 0.136973
845 0.499959911931 0.39964366161 0.109195 0.136973
846 0.499265521717 0.403940118494 0.109195 0.136973
847 0.497077318992 0.399984017606 0.109195 0.136973
848 0.499737860039 0.406032735649 0.109195 0.136973
849 0.499743844107 0.403620577621 0.109195 0.136973
850 0.503125 0.395833333333 0.109195 0.136973
851 0.501890519686 0.395570904415 0.109195 0.136973
852 0.506209941468 0.391701351904 0.109195 0.136973
853 0.509320947051 0.397105968311 0.109195 0.136973
854 0.511598795889 0.40223332241 0.109195 0.136973
855 0.512953250005 0.393579781399 0.109195 0.136973
856 0.512081228624 0.395175434353 0.109195 0.136973
857 0.512495311046 0.391668015124 0.109195 0.136973
858 0.510327648782 0.391537213721 0.109195 0.136973
859 0.509052888921 0.394103961381 0.109195 0.136973
860 0.508014854564 0.389873224908 0.109195 0.136973
861 0.503635138777 0.387863612787 0.109195 0.136973
862 0.499975106043 0.387508297986 0.109195 0.136973
863 0.494286553964 0.38366308134 0.109195 0.136973
864 0.496675945232 0.387178065112 0.109195 0.136973
865 0.480758136037 0.368208534948 0.109195 0.136973
866 0.476781179743 0.370532170821 0.109195 0.136973
867 0.482334791597 0.382607931921 0.109195 0.136973
868 0.488524385599 0.390441485941 0.109195 0.136973
869 0.482111334398 0.385505818399 0.109195 0.136973
870 0.477113515207 0.388460113076 0.109195 0.136973
871 0.467254783954 0.386867029675 0.109195 0.136973
872 0.460326601386 0.39315160815 0.109195 0.136973
873 0.451031640486 0.390791217828 0.109195 0.136973
874 0.454094497183 0.39626299094 0.109195 0.136973
875 0.445452441971 0.395933170993 0.109195 0.136973
876 0.442501114501 0.399083035278 0.109195 0.136973
877 0.430263365825 0.394800932764 0.109195 0.136973
878 0.428336782207 0.397992211929 0.109195 0.136973
879 0.426738356253 0.396810316618 0.109195 0.136973
880 0.418975452155 0.386625785769 0.109195 0.136973
881 0.421356010419 0.390719370072 0.109195 0.136973
882 0.411883060708 0.382874470052 0.109195 0.136973
883 0.415522929466 0.390953231317 0.109195 0.136973
884 0.414425238217 0.394117181065 0.109195 0.136973
885 0.409334560019 0.39726221266 0.109195 0.136973
886 0.409296832672 0.4 0.109195 0.136973
887 0.409054788126 0.406086897074 0.109195 0.136973
888 0.4059392366 0.406941447328 0.109195 0.136973
889 0.408407260194 0.409452289384 0.109195 0.136973
890 0.41273104861 0.413171530842 0.109195 0.136973
891 0.413123335942 0.416679239331 0.109195 0.136973
892 0.411996007802 0.417558079009 0.109195 0.136973
893 0.413242366178 0.42201154751 0.109195 0.136973
894 0.411642185415 0.417553604801 0.109195 0.136973
895 0.410756692729 0.421195371584 0.109195 0.136973
896 0.410166744397 0.425941581199 0.109195 0.136973
897 0.412441416608 0.429843630306 0.109195 0.136973
898 0.415600775934 0.432784254513 0.109195 0.136973
899 0.420033777098 0.436564429344 0.109195 0.136973
900 0.420057315599 0.440933241782 0.109195 0.136973
901 0.418695933913 0.440707825417 0.109195 0.136973
902 0.42171942261 0.444282263916 0.109195 0.136973
903 0.421315795109 0.444513863549 0.109195 0.136973
904 0.420483683733 0.443359617228 0.109195 0.136973
905 0.422277847842 0.453724115102 0.109195 0.136973
906 0.420103229835 0.453417431595 0.109195 0.136973
907 0.420659469582 0.456930667665 0.109195 0.136973
908 0.412537959835 0.450880799818 0.109195 0.136973
909 0.421943291858 0.474924562455 0.109195 0.136973
910 0.427827852238 0.484475929909 0.109195 0.136973
911 0.422182904779 0.481843726858 0.109195 0.136973
912 0.426297671966 0.480174379724 0.109195 0.136973
913 0.421429902447 0.481153289249 0.109195 0.136973
914 0.430261758862 0.495161158436 0.109195 0.136973
915 0.434504468576 0.493011204912 0.109195 0.136973
916 0.427141535418 0.489848241397 0.109195 0.136973
917 0.424019076632 0.486770877425 0.109195 0.136973
918 0.419818176729 0.479395463955 0.109195 0.136973
919 0.427927659578 0.488734469254 0.109195 0.136973
920 0.434340977379 0.511172000867 0.109195 0.136973
921 0.436030091484 0.509839631035 0.109195 0.136973
922 0.438447457753 0.511715478931 0.109195 0.136973
923 0.428269533583 0.499925221586 0.109195 0.136973
924 0.427347130244 0.494705996372 0.109195 0.136973
925 0.428047844605 0.497086321573 0.109195 0.136973
926 0.427686800056 0.489170869809 0.109195 0.136973
927 0.440268957123 0.504165095276 0.109195 0.136973
928 0.438194415105 0.501355495992 0.109195 0.136973
929 0.437995806735 0.507558656476 0.109195 0.136973
930 0.431709523974 0.504565372936 0.109195 0.136973
931 0.43125 0.508333333333 0.109195 0.136973
932 0.430090465428 0.505935585552 0.109195 0.136973
933 0.427816165678 0.507650238364 0.109195 0.136973
934 0.43300283065 0.508048998775 0.109195 0.136973
935 0.428818123404 0.504714598028 0.109195 0.136973
936 0.429605098803 0.502765758991 0.109195 0.136973
937 0.427624980604 0.491179636673 0.109195 0.136973
938 0.42781508156 0.498405208098 0.109195 0.136973
939 0.417419746151 0.486496442437 0.109195 0.136973
940 0.403651600782 0.463022401976 0.109195 0.136973
941 0.411821235043 0.479953597887 0.109195 0.136973
942 0.413147135418 0.476860760061 0.109195 0.136973
943 0.419899839435 0.478101825766 0.109195 0.136973
944 0.414884481022 0.460588819999 0.109195 0.136973
945 0.424531856503 0.472051173458 0.109195 0.136973
946 0.417759916384 0.454779345904 0.109195 0.136973
947 0.395064331622 0.422666780593 0.109195 0.136973
948 0.386880142789 0.402951504134 0.109195 0.136973
949 0.363419227751 0.363124165321 0.109195 0.136973
950 0.352535697655 0.363494760414 0.109195 0.136973
951 0.355327501823 0.374716084211 0.109195 0.136973
952 0.356908119629 0.379531846831 0.109195 0.136973
953 0.363201147197 0.390772209253 0.109195 0.136973
954 0.378991848079 0.39896781211 0.109195 0.136973
955 0.390557426929 0.408584904743 0.109195 0.136973
956 0.396706005603 0.412172692133 0.109195 0.136973
957 0.408299674837 0.428003031659 0.109195 0.136973
958 0.374959461703 0.400436449922 0.109195 0.136973
959 0.340105076852 0.360183131801 0.109195 0.136973
960 0.361920016195 0.386789634898 0.109195 0.136973
961 0.381602078586 0.394803974002 0.109195 0.136973
962 0.400281842927 0.424342872189 0.109195 0.136973
963 0.420504977125 0.450201172714 0.109195 0.136973
964 0.429396247037 0.455074544019 0.109195 0.136973
965 0.427473676887 0.451812438299 0.109195 0.136973
966 0.423394709273 0.449991949723 0.109195 0.136973
967 0.435948661656 0.46559385857 0.109195 0.136973
968 0.433220377927 0.45914977268 0.109195 0.136973
969 0.418266789523 0.427134898412 0.109195 0.136973
970 0.412525517882 0.425692625335 0.109195 0.136973
971 0.435140792428 0.449607411379 0.109195 0.136973
972 0.44608809623 0.45992823075 0.109195 0.136973
973 0.450174395476 0.453790435795 0.109195 0.136973
974 0.452691395118 0.445127845712 0.109195 0.136973
975 0.452175339798 0.451740148515 0.109195 0.136973
976 0.453557818124 0.449288504588 0.109195 0.136973
977 0.448897341188 0.451498199524 0.109195 0.136973
978 0.447819914477 0.448229079049 0.109195 0.136973
979 0.43713249553 0.446915960299 0.109195 0.136973
980 0.43214432948 0.433368119764 0.109195 0.136973
981 0.429223023125 0.430399827345 0.109195 0.136973
982 0.431955488405 0.425996113069 0.109195 0.136973
983 0.433934661628 0.42652800399 0.109195 0.136973
984 0.416432817893 0.393352593492 0.109195 0.136973
985 0.427124708488 0.400867924876 0.109195 0.136973
986 0.422404792744 0.407744127967 0.109195 0.136973
987 0.432119085499 0.396627585194 0.109195 0.136973
988 0.440625 0.404166666667 0.109195 0.136973
989 0.446516955345 0.402904210632 0.109195 0.136973
990 0.446875 0.404166666667 0.109195 0.136973
991 0.446390676767 0.403053878924 0.109195 0.136973
992 0.451351849541 0.401090143599 0.109195 0.136973
993 0.449691989412 0.394832679327 0.109195 0.136973
994 0.4434293696 0.395106520329 0.109195 0.136973
995 0.44375 0.39943564797 0.109195 0.136973
996 0.444011655485 0.397327706531 0.109195 0.136973
997 0.440019488499 0.387276936053 0.109195 0.136973
998 0.440482490407 0.388611457199 0.109195 0.136973
999 0.43512503086 0.395898086943 0.109195 0.136973
1000 0.430255115683 0.377846412237 0.109195 0.136973
1001 0.42590417659 0.378707384899 0.109195 0.136973
1002 0.424111499832 0.373260622288 0.109195 0.136973
1003 0.424760938094 0.384351751472 0.109195 0.136973
1004 0.426251799854 0.384748248968 0.109195 0.136973
1005 0.430550155151 0.379491522984 0.109195 0.136973
1006 0.431611943663 0.383398400336 0.109195 0.136973
1007 0.432484276629 0.375931988352 0.109195 0.136973
1008 0.413444386154 0.361293809571 0.109195 0.136973
1009 0.433685026677 0.374995711944 0.109195 0.136973
1010 0.442031293277 0.384882830671 0.109195 0.136973
1011 0.437316867929 0.377742599664 0.109195 0.136973
1012 0.440419855984 0.383967420705 0.109195 0.136973
1013 0.441500857808 0.386879104577 0.109195 0.136973
1014 0.441026373493 0.383297145553 0.109195 0.136973
1015 0.443599948155 0.389550389884 0.109195 0.136973
1016 0.44035462394 0.38368212837 0.109195 0.136973
1017 0.440200844479 0.3871283028 0.109195 0.136973
1018 0.440131058766 0.378339479812 0.109195 0.136973
1019 0.439111522498 0.382245791907 0.109195 0.136973
