./../data/Vid_C_juice.avi.avi
0 0.410029 0.208388 0.114061 0.373526
1 0.402826477297 0.213611238785 0.113535338553 0.37366579804
2 0.403601258976 0.214348877032 0.113175546112 0.373926433392
3 0.402591935172 0.206255164936 0.112322173415 0.374709783382
4 0.405010747875 0.206072423307 0.112201522796 0.374467219437
5 0.404987832858 0.211662232788 0.111667916193 0.375745803177
6 0.39752347059 0.213930084008 0.112545461801 0.374995864163
7 0.397317908943 0.219166171135 0.112480163462 0.374107014706
8 0.398776753663 0.219245348544 0.11239285446 0.374774810862
9 0.395186247003 0.232974727532 0.113047456606 0.373793327485
10 0.394781475983 0.236056402416 0.112625937373 0.37490973413
11 0.395232702092 0.244070885906 0.112115543075 0.374818358668
12 0.394267068168 0.259007972474 0.113102030879 0.374103073514
13 0.398695689445 0.267019501186 0.113710282002 0.376472505441
14 0.404902758941 0.283332769428 0.113463370498 0.375302726538
15 0.411622465024 0.304080479866 0.112898133094 0.375733635588
16 0.417401078971 0.320933851735 0.113781253832 0.376572759996
17 0.429600514487 0.337297148962 0.113211062059 0.375651538156
18 0.445848639858 0.347605624759 0.112862313666 0.375945325163
19 0.460339556469 0.371799301765 0.113552353287 0.373521474751
20 0.487086069572 0.39059185712 0.11161996312 0.374385681983
21 0.509710513795 0.401163896814 0.112586718181 0.375145831196
22 0.536530335599 0.423762369087 0.113492056433 0.373770646178
23 0.56060305355 0.426370506908 0.113042452765 0.373372683223
24 0.591554268521 0.448115327279 0.113333339411 0.374398448234
25 0.623708293841 0.461509573468 0.112701218751 0.37440323232
26 0.66366620998 0.457075609101 0.112837452302 0.374291440829
27 0.677078416304 0.452569728186 0.113153450347 0.375234647745
28 0.683972345732 0.446886140822 0.11200012769 0.375028599853
29 0.704145114369 0.4616283792 0.111837888421 0.374650182885
30 0.708076858032 0.455957939215 0.111256955024 0.374634254744
31 0.719939318579 0.455585665339 0.112600153847 0.374292041267
32 0.717531382432 0.451288794513 0.112583532416 0.375225763448
33 0.703270857435 0.451113503494 0.113121475352 0.375443547084
34 0.689337657596 0.448646067661 0.1126686045 0.3748155736
35 0.665180625944 0.447943867614 0.112879346056 0.375488071392
36 0.640603975715 0.437954985709 0.112600068213 0.374205475506
37 0.611957797656 0.446145359036 0.113508249425 0.373535604872
38 0.583804751285 0.446484425291 0.112843460976 0.37463357821
39 0.550380424245 0.445089250822 0.11153957612 0.37504259638
40 0.509379566086 0.452325443689 0.111520107544 0.374987256752
41 0.479379015359 0.455222267688 0.111438854199 0.37431904762
42 0.44970801247 0.46076739428 0.111925492226 0.373854263476
43 0.423762425046 0.458183832843 0.112888966628 0.374925460377
44 0.40150817874 0.465389693251 0.11264986139 0.375377633264
45 0.374966420477 0.473151284163 0.112728330477 0.375054251601
46 0.352348589889 0.479025764112 0.112873152531 0.37519884602
47 0.324428676902 0.486373182712 0.111780473022 0.374555119389
48 0.30458676472 0.491371027282 0.111974176485 0.373861397906
49 0.285785236317 0.48675179457 0.112105677773 0.373870756181
50 0.271258614269 0.486767519312 0.112315623299 0.374484348928
51 0.257563450236 0.483773990999 0.112193952883 0.374796897864
52 0.248521968801 0.473983107185 0.112534756761 0.374957344742
53 0.248429715555 0.452189760707 0.112891033638 0.37541884154
54 0.245284569836 0.436056837732 0.113742430367 0.374364721058
55 0.246943631932 0.418238547786 0.113294817808 0.374835333274
56 0.250605426779 0.387818988397 0.112762211546 0.375246653463
57 0.264006022427 0.365112563217 0.111948232491 0.375983504544
58 0.276131452031 0.344281647508 0.112032637166 0.37619176486
59 0.27996692133 0.314870971071 0.112095472894 0.375663824249
60 0.295306755762 0.269489178342 0.112222413355 0.375747557948
61 0.304184595754 0.252340316471 0.11189813434 0.376532026428
62 0.318878841386 0.24401854975 0.112461861678 0.375722700986
63 0.339442636704 0.226976267656 0.112100262665 0.376180323444
64 0.35572893465 0.219113698276 0.11165351216 0.375823222281
65 0.390158409121 0.208450951274 0.111696687777 0.375212628037
66 0.416472820459 0.201634888784 0.113112081738 0.375589053613
67 0.444861860301 0.192374057365 0.112940860412 0.375056208717
68 0.469020289089 0.204323623722 0.113151091751 0.37466511658
69 0.497602215901 0.209827305102 0.112849437602 0.375992617476
70 0.52561994866 0.225380952044 0.112784188653 0.374812230046
71 0.553406625783 0.226464178435 0.112236330052 0.376429995049
72 0.585125816422 0.263464126301 0.11271290315 0.375755414503
73 0.60953992406 0.273020133645 0.112151319793 0.37818741176
74 0.633130303439 0.28715490735 0.112220642911 0.37528163125
75 0.65572774459 0.268258944087 0.112512213226 0.374466148317
76 0.675721426267 0.285033889898 0.112476934407 0.37460882236
77 0.696321399506 0.297702238083 0.112611567536 0.374867300858
78 0.707865561887 0.289922219902 0.11277832238 0.375697953224
79 0.713485379326 0.286119681317 0.11213769887 0.374412844004
80 0.710669561172 0.268785328052 0.11201356105 0.375289903134
81 0.69626028217 0.265067094934 0.11208171062 0.375080163998
82 0.669720264128 0.257808229145 0.112409209519 0.375428224896
83 0.632068766367 0.244863812505 0.112703521876 0.375192251718
84 0.608119567983 0.226764214891 0.112239426365 0.374589802
85 0.580629110252 0.234103781052 0.112820270771 0.374584991594
86 0.548820130411 0.22357242953 0.11226136872 0.374864332835
87 0.517758411985 0.199484034931 0.113095190523 0.374903579204
88 0.483479738245 0.179991565906 0.113042926552 0.374709184907
89 0.452906227535 0.190653610085 0.112790411086 0.374490359977
90 0.427308917122 0.209672913431 0.112612595502 0.375113643126
91 0.387125913388 0.215044624214 0.111967424379 0.373856641855
92 0.360656780963 0.206466736067 0.112533043623 0.374911724838
93 0.334167348819 0.209083267168 0.112698828776 0.375651781797
94 0.296250112362 0.217532961904 0.112260231316 0.376653214663
95 0.277470255294 0.242439623061 0.112450167893 0.376438721485
96 0.254534750072 0.257481440629 0.112128904142 0.374986710934
97 0.241764158078 0.280572842901 0.112208401639 0.374997852307
98 0.246580946957 0.297079959984 0.11245099478 0.375595154638
99 0.239329627978 0.319082822357 0.112745392481 0.375550125727
100 0.24586900397 0.334012104238 0.112785394824 0.375709694739
101 0.258737332829 0.34721460926 0.112373149851 0.374043415744
102 0.266724234284 0.364935195319 0.111905824384 0.374147201249
103 0.277504377907 0.384443133747 0.112481075753 0.374605789955
104 0.288932295276 0.411037913886 0.11271187167 0.374742824365
105 0.298709842474 0.425868477452 0.112469493255 0.375136934059
106 0.30893691015 0.452256478296 0.111982838023 0.375178914474
107 0.315488572408 0.493702137146 0.112114218958 0.375108567116
108 0.322462994326 0.492802301015 0.112612030775 0.375218964847
109 0.331022831682 0.518160544024 0.112394415145 0.37486963614
110 0.340927642126 0.543633816871 0.112075509915 0.374447913669
111 0.356877010435 0.543971426572 0.112323945363 0.374012169617
112 0.372218635174 0.541487937608 0.112875695769 0.373949693287
113 0.395902007643 0.529565269166 0.112351729888 0.374702708063
114 0.410780184972 0.523061255112 0.111673822375 0.373927702114
115 0.442275440033 0.499449573497 0.111802825448 0.374695441049
116 0.469313518643 0.483885740363 0.111976782038 0.374870712022
117 0.48515733833 0.482357512537 0.112617401085 0.374904072374
118 0.50309434192 0.4782077079 0.11268378019 0.374696877044
119 0.528599858507 0.454889090892 0.112029431573 0.374800482605
120 0.546064181045 0.449158359513 0.112244330058 0.373837851618
121 0.558675007489 0.429361740363 0.112364269016 0.374753473375
122 0.575461046184 0.417459244597 0.112399719552 0.374687133642
123 0.604508342837 0.396589447511 0.112575622757 0.375188941315
124 0.622048481011 0.388607743142 0.112234913789 0.376511202545
125 0.640100282217 0.372625136217 0.112984135761 0.375551762885
126 0.650807766389 0.363598719464 0.112503533687 0.374783047622
127 0.667382918629 0.346268225026 0.112460396783 0.37481609057
128 0.684319098924 0.342693840931 0.112638451438 0.374128565588
129 0.692830293083 0.329265419484 0.112617811909 0.374561674589
130 0.70255019107 0.315571711028 0.112630656029 0.374709559469
131 0.705214079975 0.309972391481 0.112014088805 0.374732671678
132 0.705864513178 0.297211984965 0.112081695731 0.374707196222
133 0.701491393161 0.290475177169 0.112022916439 0.375092739347
134 0.675221607572 0.286070701379 0.112121900592 0.374772662263
135 0.66251031088 0.255329207762 0.112715260266 0.375031373791
136 0.639289584768 0.250478486186 0.112872116556 0.375464793658
137 0.619453049763 0.245761480574 0.112635331056 0.374818407639
138 0.590958044382 0.228390738687 0.112455146156 0.374740896184
139 0.559400829495 0.227935864353 0.112795704908 0.374641551143
140 0.52892439902 0.210617300137 0.112672031525 0.375522473353
141 0.503722361025 0.204848146062 0.112584419748 0.375359497725
142 0.471524318421 0.199561208296 0.112664338056 0.374691194733
143 0.432987500301 0.22089094436 0.112325225794 0.375106461697
144 0.404126307679 0.204606609757 0.112591472183 0.375217812746
145 0.384028353358 0.186036421419 0.112597067318 0.374371468482
146 0.352300421596 0.167971397213 0.113031936766 0.374616767889
147 0.333303680173 0.160218392779 0.113432034264 0.373975054301
148 0.301864588604 0.171595917572 0.112834986661 0.373776645959
149 0.271093461784 0.211772651921 0.112373857633 0.372315541611
150 0.270800823541 0.192029264523 0.112179628496 0.372729972934
151 0.263831302261 0.177009719888 0.112526913632 0.374399976911
152 0.256998714695 0.186458922565 0.112704899177 0.375203295881
153 0.261031273414 0.215208330228 0.112909956969 0.374937236907
154 0.274299307125 0.221759056629 0.113028337961 0.374892616381
155 0.285325602615 0.224922902273 0.112522016003 0.376053563409
156 0.29520517488 0.244100278433 0.112615555137 0.375073882596
157 0.316245147773 0.234125122915 0.113035288854 0.375345261981
158 0.325823881213 0.241246522625 0.11273961725 0.375317589892
159 0.326245461256 0.284339528423 0.112447191029 0.376428700413
160 0.334494360153 0.306132930882 0.112705568843 0.375853033827
161 0.344154992246 0.29078054588 0.112949978866 0.376185074884
162 0.351591880626 0.310481857983 0.11268974177 0.375313917944
163 0.35626842723 0.316440479509 0.112455974748 0.374945307616
164 0.363831954224 0.330274383688 0.112315155046 0.374832154131
165 0.372092092598 0.311582457596 0.112222184215 0.374919504225
166 0.375954600479 0.331228173467 0.112209990623 0.375274146456
167 0.384960393072 0.333670918277 0.112196807021 0.375594291349
168 0.397299828962 0.324157406491 0.112392876117 0.375216939851
169 0.421242195452 0.30610452965 0.11201441476 0.374780909295
170 0.435384113327 0.286868449173 0.111985706259 0.375531623374
171 0.456771010027 0.292373596107 0.112215938233 0.375547448498
172 0.467435602052 0.297197838718 0.112299806989 0.375534596516
173 0.483264933197 0.295697751978 0.112167919763 0.375374273716
174 0.513185084498 0.291202148827 0.112673277525 0.375848526353
175 0.506673098845 0.298005913058 0.11230430664 0.373862664441
176 0.518778252905 0.275628153225 0.112547695353 0.373882092079
177 0.525827184893 0.300252783078 0.112484058327 0.374115846618
178 0.543964621623 0.292978440144 0.11209085072 0.374808814156
179 0.548532419846 0.30239194444 0.11291524577 0.375182752113
180 0.567709888325 0.297761774942 0.112393958099 0.375741047102
181 0.583300260915 0.300173252642 0.11235984488 0.375435320024
182 0.598266794149 0.304989821695 0.112220620764 0.375060854184
183 0.618035840273 0.30292727546 0.112530705031 0.375037355083
184 0.623603837468 0.307004598954 0.112525344001 0.375503936358
185 0.636345023714 0.304471100858 0.112357780643 0.374919435284
186 0.648203443393 0.313780184525 0.11238058419 0.375866900496
187 0.663141374948 0.292489865331 0.112394696385 0.375324454516
188 0.668658619944 0.272877236137 0.112493642159 0.37493533435
189 0.679851601832 0.273899313393 0.112361935273 0.374540506033
190 0.672619364234 0.265770546123 0.112742137316 0.373295774647
191 0.675921233923 0.258564233211 0.112640949297 0.373991405283
192 0.683203638345 0.296290610128 0.112796137528 0.372526225697
193 0.680893631703 0.307552098516 0.112641785783 0.374531947732
194 0.708317542962 0.345391998102 0.112506554486 0.37314068929
195 0.709332067739 0.420251452437 0.112789235516 0.373669502725
196 0.716287810597 0.443467675149 0.111783370248 0.373000802904
197 0.72772840957 0.476657165654 0.112037532083 0.373390046851
198 0.718312161131 0.521840520837 0.112212070494 0.374143760716
199 0.704518691857 0.547894535128 0.112263227207 0.374707104039
200 0.696997928167 0.577119407562 0.112246775289 0.375191893064
201 0.709646928979 0.560459496049 0.112208094299 0.375198012935
202 0.674818703638 0.548675821635 0.112351545881 0.373930301956
203 0.657014464211 0.547772017201 0.112570417839 0.374265846048
204 0.639103199698 0.551497426427 0.112613357222 0.37487885877
205 0.612233023684 0.537959611191 0.112787990216 0.37511748307
206 0.590145750652 0.526124939924 0.112589654957 0.376072590095
207 0.542933175218 0.533222096906 0.11274627943 0.374261129067
208 0.512474441175 0.513528597623 0.112652021418 0.37455681873
209 0.494280362369 0.525517235841 0.112591447033 0.374818350104
210 0.452360667649 0.505977776029 0.112689313132 0.375010626728
211 0.417283213805 0.509103649172 0.112554457633 0.374876670949
212 0.375128829098 0.489719653381 0.112381267264 0.373877246236
213 0.341491672492 0.483405741944 0.11237516366 0.373854876662
214 0.30450883766 0.468108230622 0.112333144898 0.374453482352
215 0.275339388319 0.4718093806 0.112587540862 0.374762608552
216 0.25593089875 0.448793473334 0.112586801982 0.374507455349
217 0.231569284901 0.431440313723 0.112435878531 0.374370790678
218 0.214404087605 0.425778530968 0.112703071339 0.374517005222
219 0.207611503292 0.403611595109 0.112751760961 0.37478549138
220 0.201165068449 0.388744586297 0.112564977696 0.37479527496
221 0.209145796527 0.352858580379 0.112397071045 0.374435995434
222 0.219375179245 0.324585286657 0.112683726566 0.374846553916
223 0.246014675967 0.292151890779 0.112490955301 0.375276704661
224 0.266811542171 0.263373552693 0.11238478063 0.374893149267
225 0.29389178879 0.240129063389 0.112532542468 0.374688486039
226 0.31055411214 0.199041782386 0.112667816124 0.374485948091
227 0.328106163596 0.180666648357 0.112568087786 0.374872320455
228 0.333807727944 0.135981167172 0.112345268516 0.374752042793
229 0.34373772074 0.107816882297 0.112365150029 0.374992128492
230 0.361966754728 0.0774593752507 0.112417542083 0.375038452042
231 0.377613785407 0.0522456577132 0.112507405591 0.373886865976
232 0.370768431634 0.0328747256108 0.112681486254 0.374109975911
233 0.391620197928 0.02905283749 0.112818965435 0.374795630432
234 0.399327297808 0.0273599171538 0.112734342129 0.375132442933
235 0.435500315804 0.0480522627513 0.112720871276 0.375082203067
236 0.453242416153 0.0810583305132 0.112599951357 0.374694070222
237 0.469503562191 0.114154285664 0.112412923938 0.375287649783
238 0.486928658226 0.135939069533 0.112613521003 0.374673935252
239 0.497606546134 0.156490908347 0.112595295071 0.37502710414
240 0.522464833848 0.181073780282 0.112575493413 0.37469197835
241 0.549385871618 0.20841122303 0.11267018829 0.3749258399
242 0.580540244391 0.220482626171 0.112734351488 0.374967682147
243 0.604475735495 0.243798731129 0.112566448213 0.374870202483
244 0.630566636085 0.270756290042 0.112573002593 0.375301588545
245 0.654030845855 0.291409676106 0.112562374783 0.375075363931
246 0.693158913415 0.315461197462 0.112463288101 0.375001940646
247 0.717120211849 0.339857328227 0.112613962919 0.375286167615
248 0.737135037665 0.347773237554 0.112550635917 0.375454591699
249 0.759274366466 0.364184833292 0.112437423175 0.375051949987
250 0.777451866994 0.381254878298 0.112228219318 0.375165062749
251 0.801773804678 0.398856506729 0.112213877845 0.37559652828
252 0.822111105689 0.416137699081 0.112269053941 0.375772884512
253 0.833048933618 0.449937610029 0.112338008968 0.375465707745
254 0.82348115571 0.452334455523 0.112312016666 0.375540297434
255 0.833160181826 0.464588304009 0.112254307019 0.375396737972
256 0.82357810512 0.479635284668 0.112325762335 0.375707528477
257 0.799197259346 0.473610821583 0.112300564078 0.375289916529
258 0.775561739097 0.463218937129 0.112028625291 0.375340934346
259 0.748394661563 0.461191546291 0.11231069059 0.374911063473
260 0.71839562505 0.457536557541 0.11214763288 0.376786707283
261 0.688021412149 0.474969108352 0.112296765519 0.376385642867
262 0.655972557455 0.464752962388 0.112541401173 0.376094513882
263 0.627005161333 0.465241978323 0.11251552116 0.376285795036
264 0.589378095824 0.466714274491 0.112485443806 0.376267061038
265 0.557932040613 0.47455766 0.112670192604 0.376757710468
266 0.533701289341 0.482170436285 0.112132591395 0.375286260659
267 0.50816556287 0.476777166953 0.112265931177 0.375349436725
268 0.476003651586 0.487443742623 0.112484034595 0.375204787465
269 0.448826145043 0.488866453234 0.112181942933 0.375647517448
270 0.422152767095 0.478878763405 0.112157422479 0.375984398087
271 0.394921830777 0.48624525932 0.112238031698 0.377492876288
272 0.381799227114 0.486221785631 0.112254173677 0.376731532033
273 0.345734201518 0.478248291426 0.11213325325 0.37574549766
274 0.334333611413 0.461389658256 0.112409371339 0.37522243785
275 0.305371648036 0.444434426776 0.112539193872 0.375056970273
276 0.287476927074 0.427126133054 0.112279301799 0.375596376524
277 0.277339379403 0.420188981504 0.112350181725 0.376329135235
278 0.272382624122 0.414760204498 0.112483097806 0.375857021872
279 0.260714988499 0.4013070539 0.112307593645 0.374797526042
280 0.254742205898 0.385769642908 0.112543434569 0.374346530772
281 0.250707360764 0.348886646371 0.11268093036 0.374040910916
282 0.235941804551 0.332136841957 0.112444668751 0.374572861719
283 0.214059707583 0.311880582823 0.112350843314 0.375475814368
284 0.219994304436 0.281681350492 0.11231648684 0.375185758311
285 0.224185800929 0.254908594141 0.112792354372 0.374961133814
286 0.229124962745 0.225487741528 0.112663219157 0.375330156075
287 0.226790496496 0.198328881513 0.112638042161 0.375237567094
288 0.218330890218 0.1663517729 0.112605519476 0.375411243418
289 0.226375483183 0.150680676841 0.112666532316 0.375600818427
290 0.226342483448 0.127782688073 0.112935332938 0.375028407771
291 0.223625740656 0.103540309508 0.112527031342 0.375562840573
292 0.23067968112 0.0997005995683 0.112591925474 0.375577506283
293 0.212388867798 0.0863751948855 0.112733524887 0.377353276434
294 0.214396165329 0.0980202420071 0.11287683299 0.377956735668
295 0.204965333996 0.113876064624 0.112920563395 0.379708075478
296 0.195402660976 0.149583640161 0.112662396996 0.377902861501
297 0.191314487565 0.171119998991 0.112356216782 0.37658970529
298 0.191998156611 0.182203651482 0.112603894408 0.375739301558
299 0.182492675286 0.19114557258 0.112577224944 0.375238272798
300 0.169146129774 0.179875272926 0.112514179188 0.375009843073
301 0.169616496681 0.195164932613 0.112010999724 0.374862285788
302 0.187970524348 0.207970666619 0.112404509476 0.375132493137
303 0.193353469545 0.214767444477 0.112599154881 0.375808166512
304 0.211513582493 0.234351042122 0.112693380347 0.375253666677
305 0.232107978387 0.264413742644 0.112463936355 0.375193011764
306 0.234654906192 0.295235877943 0.112542233337 0.375763184283
307 0.249747162336 0.312508452154 0.112310034872 0.375455226674
308 0.268740253029 0.351276045357 0.112316983061 0.375289588813
309 0.277971064342 0.376107216255 0.112401341012 0.375365917679
310 0.302717575158 0.396286869632 0.112243908209 0.374158315015
311 0.330874044344 0.416144430055 0.112199995003 0.376370056802
312 0.355453735771 0.431151750555 0.112379028713 0.375340192812
313 0.393224245608 0.44121743015 0.112822086487 0.37532236326
314 0.427318610077 0.44455355447 0.112933901299 0.37513216235
315 0.456366797995 0.4485935365 0.112850064106 0.375902776587
316 0.490118875448 0.457223472249 0.1127625905 0.375578557586
317 0.531923965657 0.43935762352 0.112410986641 0.374678323099
318 0.559979800519 0.432895289418 0.112411559315 0.374472122693
319 0.583139474873 0.415986154749 0.112328686132 0.37494736038
320 0.609552754604 0.403549495435 0.112613061559 0.375274306527
321 0.642543887787 0.383635331952 0.112507004905 0.376057158153
322 0.648060129979 0.382137622518 0.112696169795 0.374268522901
323 0.652401360876 0.371673531265 0.112731067071 0.374936608478
324 0.64774619316 0.359414695608 0.112551263359 0.374815306252
325 0.647655930859 0.344793110175 0.112980326234 0.374783092175
326 0.633761256327 0.328104626022 0.113116360555 0.375803599545
327 0.615172259259 0.315299009838 0.113088037099 0.378772826765
328 0.598410868946 0.315470643518 0.112357610964 0.375520980559
329 0.588574802588 0.285245076439 0.112275794044 0.375128770913
330 0.568383784387 0.268416799967 0.112596600635 0.37575654652
331 0.541592524718 0.249278340725 0.112676361529 0.37570478122
332 0.525387943754 0.236224040158 0.112930477058 0.375068980717
333 0.50555163705 0.226996503134 0.113034717565 0.375245526878
334 0.478712516962 0.22654916076 0.112653114009 0.375480545572
335 0.45890579828 0.237603389198 0.112664828412 0.375532402159
336 0.437397658156 0.24993557943 0.112588607342 0.376432452579
337 0.411810187154 0.261256077043 0.11226237512 0.375925830794
338 0.393521675114 0.285505235079 0.112478760453 0.37524427366
339 0.38831115349 0.310835740803 0.112151284273 0.373737481131
340 0.377232445502 0.339647183862 0.112518800785 0.37268192617
341 0.369901591548 0.358117602201 0.112322718987 0.373665997365
342 0.373236171308 0.364361101462 0.112995669997 0.37452488009
343 0.383275533728 0.379026663988 0.112642239569 0.374689005005
344 0.391618070398 0.390874565529 0.112448947732 0.374493361616
345 0.428304277877 0.405123963241 0.112277366003 0.373921400774
346 0.449770896335 0.415095683987 0.112243909813 0.37425664997
347 0.478627582485 0.415966562697 0.112671576177 0.374428567583
348 0.509037636865 0.412114712685 0.112730845494 0.374656092926
349 0.536642151887 0.410972955243 0.112515158469 0.373750259094
350 0.570192023991 0.413470263469 0.112478040402 0.374795120189
351 0.598568009243 0.415152439187 0.11257094464 0.375000798609
352 0.621503913271 0.414284720233 0.112468411658 0.3764542042
353 0.636903450824 0.415803854896 0.112205815881 0.378037729467
354 0.656784901469 0.423307427879 0.112210527421 0.379879866302
355 0.668576952802 0.426473325778 0.112085500482 0.376928679667
356 0.682030705672 0.437201207333 0.112404864658 0.376139675122
357 0.683867438795 0.469295363591 0.11221398919 0.375198835102
358 0.683015508385 0.479911904017 0.112124993073 0.375908140644
359 0.674252268904 0.501928624578 0.112056493187 0.376756311443
360 0.666562955908 0.529513884194 0.11238489301 0.377201982695
361 0.655387666514 0.541980743539 0.112504821557 0.376738103119
362 0.609061188689 0.520349181111 0.112579274936 0.375727272953
363 0.585478273282 0.520654305763 0.112591205205 0.376546361006
364 0.568342223247 0.527807893619 0.112838695449 0.378387197234
365 0.558428457764 0.535875490596 0.112630167883 0.378785027824
366 0.529329952818 0.534176979001 0.112636869313 0.377324752384
367 0.476160619294 0.525789393857 0.112634927199 0.376168004027
368 0.453162050839 0.513523899218 0.112985584428 0.375986074715
369 0.430745461379 0.483049049346 0.112400643889 0.374042167617
370 0.399302989557 0.458874059904 0.112096926586 0.375052189569
371 0.357772481417 0.438374355625 0.11272430048 0.374699931235
372 0.321722725654 0.419200380891 0.112731013824 0.374742085429
373 0.306125048836 0.39918236242 0.112752629881 0.375590175438
374 0.274151282914 0.365098647322 0.112394392277 0.375292355037
375 0.255111668511 0.343132908881 0.112549739116 0.37499961542
376 0.243737972925 0.310532789449 0.112711671537 0.375088568849
377 0.229442929903 0.273296214668 0.112652104467 0.374991229446
378 0.221875039685 0.254292831067 0.112646525904 0.376199236588
379 0.223523159246 0.215738842787 0.112550697378 0.376016795658
380 0.241563811075 0.203135210517 0.11266536055 0.376224990183
381 0.252160332243 0.182237690505 0.112520899965 0.374936468572
382 0.264321867334 0.171771233062 0.11247405257 0.373525102126
383 0.293116255642 0.147984801721 0.112311441379 0.374367194769
384 0.310454231618 0.144667390708 0.112619987673 0.374145771958
385 0.335481891225 0.13308374205 0.112771136332 0.373865717417
386 0.351445832245 0.117645819677 0.112720982488 0.374019492442
387 0.356970377356 0.102144154737 0.112656110195 0.37407606331
388 0.3521710698 0.0778618749517 0.112589926045 0.374654785327
389 0.360468263042 0.0702066353073 0.112412752282 0.374847478061
390 0.370250350192 0.102620349528 0.112557538573 0.373685197528
391 0.379019617551 0.104192909916 0.112415162831 0.373705097539
392 0.382823755684 0.0959937347299 0.112472013041 0.374927563475
393 0.397532210498 0.132147032126 0.11266327541 0.37377815504
394 0.420929867941 0.166924389216 0.112483985248 0.374171363169
395 0.43568051061 0.188757653326 0.112748775823 0.374540150411
396 0.454669103828 0.22201684712 0.112884276415 0.374650899431
397 0.457412658161 0.237352849993 0.112429309106 0.374859477906
398 0.460777600579 0.239727443561 0.112672486309 0.375200476336
399 0.479834847722 0.244999255444 0.112564750105 0.375465397055
400 0.488188648924 0.257790690191 0.112614798483 0.375401669531
401 0.500657167443 0.255993184481 0.112344368471 0.376406897886
402 0.505903847478 0.265443813157 0.112153521753 0.376505911847
403 0.512694001012 0.271080941981 0.11246307018 0.376779855631
