./../data/Vid_H_panda.avi.avi
0 0.101278 0.134993 0.223206 0.323722
1 0.115625 0.154166666667 0.221875 0.320833333333
2 0.10625 0.145833333333 0.221875 0.320833333333
3 0.11875 0.141666666667 0.221875 0.320833333333
4 0.109375 0.141666666667 0.221875 0.320833333333
5 0.1 0.133333333333 0.221875 0.320833333333
6 0.10625 0.120833333333 0.221875 0.320833333333
7 0.103125 0.145833333333 0.221875 0.320833333333
8 0.10625 0.1375 0.221875 0.320833333333
9 0.10625 0.1375 0.221875 0.320833333333
10 0.109375 0.1375 0.221875 0.320833333333
11 0.10625 0.133333333333 0.221875 0.320833333333
12 0.1 0.141666666667 0.221875 0.320833333333
13 0.103125 0.141666666667 0.221875 0.320833333333
14 0.109375 0.145833333333 0.221875 0.320833333333
15 0.1 0.141666666667 0.221875 0.320833333333
16 0.1 0.1375 0.221875 0.320833333333
17 0.1 0.1375 0.221875 0.320833333333
18 0.1 0.133333333333 0.221875 0.320833333333
19 0.10625 0.120833333333 0.221875 0.320833333333
20 0.10625 0.129166666667 0.221875 0.320833333333
21 0.10625 0.1375 0.221875 0.320833333333
22 0.10625 0.133333333333 0.221875 0.320833333333
23 0.103125 0.133333333333 0.221875 0.320833333333
24 0.10625 0.133333333333 0.221875 0.320833333333
25 0.10625 0.133333333333 0.221875 0.320833333333
26 0.10625 0.133333333333 0.221875 0.320833333333
27 0.096875 0.141666666667 0.221875 0.320833333333
28 0.096875 0.141666666667 0.221875 0.320833333333
29 0.084375 0.145833333333 0.221875 0.320833333333
30 0.0875 0.145833333333 0.221875 0.320833333333
31 0.0875 0.145833333333 0.221875 0.320833333333
32 0.090625 0.145833333333 0.221875 0.320833333333
33 0.090625 0.145833333333 0.221875 0.320833333333
34 0.103125 0.15 0.221875 0.320833333333
35 0.103125 0.15 0.221875 0.320833333333
36 0.103125 0.15 0.221875 0.320833333333
37 0.1 0.145833333333 0.221875 0.320833333333
38 0.10625 0.15 0.221875 0.320833333333
39 0.10625 0.145833333333 0.221875 0.320833333333
40 0.103125 0.145833333333 0.221875 0.320833333333
41 0.10625 0.141666666667 0.221875 0.320833333333
42 0.10625 0.141666666667 0.221875 0.320833333333
43 0.103125 0.1375 0.221875 0.320833333333
44 0.1 0.141666666667 0.221875 0.320833333333
45 0.10625 0.1375 0.221875 0.320833333333
46 0.10625 0.1375 0.221875 0.320833333333
47 0.10625 0.1375 0.221875 0.320833333333
48 0.10625 0.133333333333 0.221875 0.320833333333
49 0.10625 0.129166666667 0.221875 0.320833333333
50 0.10625 0.129166666667 0.221875 0.320833333333
51 0.1 0.133333333333 0.221875 0.320833333333
52 0.096875 0.133333333333 0.221875 0.320833333333
53 0.1 0.133333333333 0.221875 0.320833333333
54 0.103125 0.116666666667 0.221875 0.320833333333
55 0.103125 0.116666666667 0.221875 0.320833333333
56 0.103125 0.116666666667 0.221875 0.320833333333
57 0.10625 0.116666666667 0.221875 0.320833333333
58 0.1125 0.125 0.221875 0.320833333333
59 0.109375 0.116666666667 0.221875 0.320833333333
60 0.103125 0.120833333333 0.221875 0.320833333333
61 0.103125 0.120833333333 0.221875 0.320833333333
62 0.103125 0.120833333333 0.221875 0.320833333333
63 0.10625 0.116666666667 0.221875 0.320833333333
64 0.109375 0.120833333333 0.221875 0.320833333333
65 0.1125 0.120833333333 0.221875 0.320833333333
66 0.109375 0.120833333333 0.221875 0.320833333333
67 0.10625 0.125 0.221875 0.320833333333
68 0.103125 0.125 0.221875 0.320833333333
69 0.103125 0.116666666667 0.221875 0.320833333333
70 0.10625 0.133333333333 0.221875 0.320833333333
71 0.09375 0.133333333333 0.221875 0.320833333333
72 0.096875 0.125 0.221875 0.320833333333
73 0.103125 0.133333333333 0.221875 0.320833333333
74 0.10625 0.129166666667 0.221875 0.320833333333
75 0.10625 0.1125 0.221875 0.320833333333
76 0.10625 0.1125 0.221875 0.320833333333
77 0.10625 0.116666666667 0.221875 0.320833333333
78 0.103125 0.116666666667 0.221875 0.320833333333
79 0.103125 0.129166666667 0.221875 0.320833333333
80 0.103125 0.141666666667 0.221875 0.320833333333
81 0.109375 0.129166666667 0.221875 0.320833333333
82 0.1125 0.120833333333 0.221875 0.320833333333
83 0.1125 0.116666666667 0.221875 0.320833333333
84 0.1125 0.116666666667 0.221875 0.320833333333
85 0.1125 0.116666666667 0.221875 0.320833333333
86 0.1125 0.116666666667 0.221875 0.320833333333
87 0.1125 0.116666666667 0.221875 0.320833333333
88 0.10625 0.120833333333 0.221875 0.320833333333
89 0.10625 0.120833333333 0.221875 0.320833333333
90 0.1125 0.1375 0.221875 0.320833333333
91 0.121875 0.1375 0.221875 0.320833333333
92 0.121875 0.129166666667 0.221875 0.320833333333
93 0.1125 0.1375 0.221875 0.320833333333
94 0.1125 0.1375 0.221875 0.320833333333
95 0.109375 0.141666666667 0.221875 0.320833333333
96 0.109375 0.1375 0.221875 0.320833333333
97 0.10625 0.145833333333 0.221875 0.320833333333
98 0.10625 0.145833333333 0.221875 0.320833333333
99 0.103125 0.145833333333 0.221875 0.320833333333
100 0.109375 0.15 0.221875 0.320833333333
101 0.115625 0.154166666667 0.221875 0.320833333333
102 0.1125 0.154166666667 0.221875 0.320833333333
103 0.1125 0.154166666667 0.221875 0.320833333333
104 0.115625 0.154166666667 0.221875 0.320833333333
105 0.1 0.1625 0.221875 0.320833333333
106 0.10625 0.1625 0.221875 0.320833333333
107 0.10625 0.154166666667 0.221875 0.320833333333
108 0.103125 0.170833333333 0.221875 0.320833333333
109 0.109375 0.291666666667 0.221875 0.320833333333
110 0.134375 0.291666666667 0.221875 0.320833333333
111 0.134375 0.291666666667 0.221875 0.320833333333
112 0.1875 0.291666666667 0.221875 0.320833333333
113 0.234375 0.320833333333 0.221875 0.320833333333
114 0.240625 0.316666666667 0.221875 0.320833333333
115 0.24375 0.316666666667 0.221875 0.320833333333
116 0.259375 0.333333333333 0.221875 0.320833333333
117 0.31875 0.3375 0.221875 0.320833333333
118 0.31875 0.3375 0.221875 0.320833333333
119 0.24375 0.345833333333 0.221875 0.320833333333
120 0.23125 0.325 0.221875 0.320833333333
121 0.21875 0.320833333333 0.221875 0.320833333333
122 0.14375 0.3 0.221875 0.320833333333
123 0.1125 0.291666666667 0.221875 0.320833333333
124 0.1125 0.291666666667 0.221875 0.320833333333
125 0.109375 0.291666666667 0.221875 0.320833333333
126 0.109375 0.291666666667 0.221875 0.320833333333
127 0.0625 0.258333333333 0.221875 0.320833333333
128 0.065625 0.258333333333 0.221875 0.320833333333
129 0.115625 0.283333333333 0.221875 0.320833333333
130 0.115625 0.295833333333 0.221875 0.320833333333
131 0.115625 0.295833333333 0.221875 0.320833333333
132 0.115625 0.2875 0.221875 0.320833333333
133 0.115625 0.2875 0.221875 0.320833333333
134 0.096875 0.270833333333 0.221875 0.320833333333
135 0.08125 0.270833333333 0.221875 0.320833333333
136 0.075 0.2625 0.221875 0.320833333333
137 0.096875 0.275 0.221875 0.320833333333
138 0.090625 0.2625 0.221875 0.320833333333
139 0.090625 0.2625 0.221875 0.320833333333
140 0.090625 0.2625 0.221875 0.320833333333
141 0.084375 0.241666666667 0.221875 0.320833333333
142 0.071875 0.266666666667 0.221875 0.320833333333
143 0.071875 0.266666666667 0.221875 0.320833333333
144 0.075 0.275 0.221875 0.320833333333
145 0.09375 0.270833333333 0.221875 0.320833333333
146 0.09375 0.270833333333 0.221875 0.320833333333
147 0.09375 0.279166666667 0.221875 0.320833333333
148 0.09375 0.279166666667 0.221875 0.320833333333
149 0.090625 0.279166666667 0.221875 0.320833333333
150 0.084375 0.279166666667 0.221875 0.320833333333
151 0.084375 0.279166666667 0.221875 0.320833333333
152 0.103125 0.279166666667 0.221875 0.320833333333
153 0.103125 0.279166666667 0.221875 0.320833333333
154 0.10625 0.270833333333 0.221875 0.320833333333
155 0.103125 0.270833333333 0.221875 0.320833333333
156 0.065625 0.275 0.221875 0.320833333333
157 0.065625 0.279166666667 0.221875 0.320833333333
158 0.06875 0.279166666667 0.221875 0.320833333333
159 0.059375 0.279166666667 0.221875 0.320833333333
160 0.059375 0.2875 0.221875 0.320833333333
161 0.059375 0.291666666667 0.221875 0.320833333333
162 0.05625 0.291666666667 0.221875 0.320833333333
163 0.075 0.283333333333 0.221875 0.320833333333
164 0.06875 0.279166666667 0.221875 0.320833333333
165 0.0625 0.270833333333 0.221875 0.320833333333
166 0.075 0.270833333333 0.221875 0.320833333333
167 0.071875 0.270833333333 0.221875 0.320833333333
168 0.071875 0.270833333333 0.221875 0.320833333333
169 0.06875 0.270833333333 0.221875 0.320833333333
170 0.06875 0.270833333333 0.221875 0.320833333333
171 0.075 0.270833333333 0.221875 0.320833333333
172 0.075 0.266666666667 0.221875 0.320833333333
173 0.075 0.266666666667 0.221875 0.320833333333
174 0.065625 0.258333333333 0.221875 0.320833333333
175 0.065625 0.258333333333 0.221875 0.320833333333
176 0.065625 0.270833333333 0.221875 0.320833333333
177 0.065625 0.270833333333 0.221875 0.320833333333
178 0.025 0.283333333333 0.221875 0.320833333333
179 0.025 0.283333333333 0.221875 0.320833333333
180 0.0 0.304166666667 0.221875 0.320833333333
181 0.0 0.304166666667 0.221875 0.320833333333
182 0.0 0.304166666667 0.221875 0.320833333333
183 0.046875 0.266666666667 0.221875 0.320833333333
184 0.046875 0.266666666667 0.221875 0.320833333333
185 0.05 0.275 0.221875 0.320833333333
186 0.05 0.270833333333 0.221875 0.320833333333
187 0.05 0.270833333333 0.221875 0.320833333333
188 0.01875 0.2875 0.221875 0.320833333333
189 0.015625 0.3 0.221875 0.320833333333
190 0.0 0.308333333333 0.221875 0.320833333333
191 0.0 0.308333333333 0.221875 0.320833333333
192 0.0 0.304166666667 0.221875 0.320833333333
193 0.0 0.308333333333 0.221875 0.320833333333
194 0.0 0.3125 0.221875 0.320833333333
195 0.0 0.325 0.221875 0.320833333333
196 0.0 0.320833333333 0.221875 0.320833333333
197 0.0 0.320833333333 0.221875 0.320833333333
198 0.025 0.3 0.221875 0.320833333333
199 0.025 0.3 0.221875 0.320833333333
200 0.01875 0.308333333333 0.221875 0.320833333333
201 0.03125 0.308333333333 0.221875 0.320833333333
202 0.0 0.316666666667 0.221875 0.320833333333
203 0.0 0.316666666667 0.221875 0.320833333333
204 0.0 0.333333333333 0.221875 0.320833333333
205 0.028125 0.295833333333 0.221875 0.320833333333
206 0.028125 0.295833333333 0.221875 0.320833333333
207 0.01875 0.304166666667 0.221875 0.320833333333
208 0.0 0.320833333333 0.221875 0.320833333333
209 0.0 0.316666666667 0.221875 0.320833333333
210 0.0 0.320833333333 0.221875 0.320833333333
211 0.0 0.320833333333 0.221875 0.320833333333
212 0.0 0.320833333333 0.221875 0.320833333333
213 0.0 0.320833333333 0.221875 0.320833333333
214 0.10625 0.133333333333 0.221875 0.320833333333
215 0.115625 0.120833333333 0.221875 0.320833333333
216 0.115625 0.125 0.221875 0.320833333333
217 0.11875 0.1125 0.221875 0.320833333333
218 0.11875 0.1125 0.221875 0.320833333333
219 0.121875 0.116666666667 0.221875 0.320833333333
220 0.121875 0.108333333333 0.221875 0.320833333333
221 0.121875 0.116666666667 0.221875 0.320833333333
222 0.115625 0.116666666667 0.221875 0.320833333333
223 0.115625 0.116666666667 0.221875 0.320833333333
224 0.115625 0.116666666667 0.221875 0.320833333333
225 0.115625 0.120833333333 0.221875 0.320833333333
226 0.109375 0.120833333333 0.221875 0.320833333333
227 0.109375 0.120833333333 0.221875 0.320833333333
228 0.109375 0.129166666667 0.221875 0.320833333333
229 0.1125 0.129166666667 0.221875 0.320833333333
230 0.109375 0.129166666667 0.221875 0.320833333333
231 0.109375 0.125 0.221875 0.320833333333
232 0.1125 0.129166666667 0.221875 0.320833333333
233 0.1125 0.129166666667 0.221875 0.320833333333
234 0.115625 0.129166666667 0.221875 0.320833333333
235 0.1125 0.129166666667 0.221875 0.320833333333
236 0.10625 0.1375 0.221875 0.320833333333
237 0.103125 0.129166666667 0.221875 0.320833333333
238 0.10625 0.133333333333 0.221875 0.320833333333
239 0.10625 0.133333333333 0.221875 0.320833333333
240 0.096875 0.133333333333 0.221875 0.320833333333
241 0.103125 0.145833333333 0.221875 0.320833333333
242 0.096875 0.145833333333 0.221875 0.320833333333
243 0.096875 0.15 0.221875 0.320833333333
244 0.096875 0.15 0.221875 0.320833333333
245 0.090625 0.141666666667 0.221875 0.320833333333
246 0.096875 0.141666666667 0.221875 0.320833333333
247 0.09375 0.141666666667 0.221875 0.320833333333
248 0.09375 0.145833333333 0.221875 0.320833333333
249 0.096875 0.145833333333 0.221875 0.320833333333
250 0.09375 0.133333333333 0.221875 0.320833333333
251 0.10625 0.141666666667 0.221875 0.320833333333
252 0.090625 0.154166666667 0.221875 0.320833333333
253 0.103125 0.133333333333 0.221875 0.320833333333
254 0.090625 0.145833333333 0.221875 0.320833333333
255 0.084375 0.15 0.221875 0.320833333333
256 0.084375 0.15 0.221875 0.320833333333
257 0.084375 0.15 0.221875 0.320833333333
258 0.090625 0.15 0.221875 0.320833333333
259 0.090625 0.141666666667 0.221875 0.320833333333
260 0.090625 0.141666666667 0.221875 0.320833333333
261 0.090625 0.15 0.221875 0.320833333333
262 0.090625 0.154166666667 0.221875 0.320833333333
263 0.1 0.145833333333 0.221875 0.320833333333
264 0.103125 0.145833333333 0.221875 0.320833333333
265 0.1 0.145833333333 0.221875 0.320833333333
266 0.1 0.141666666667 0.221875 0.320833333333
267 0.1 0.141666666667 0.221875 0.320833333333
268 0.1 0.141666666667 0.221875 0.320833333333
269 0.1 0.1375 0.221875 0.320833333333
270 0.090625 0.15 0.221875 0.320833333333
271 0.09375 0.15 0.221875 0.320833333333
272 0.09375 0.15 0.221875 0.320833333333
273 0.09375 0.158333333333 0.221875 0.320833333333
274 0.09375 0.158333333333 0.221875 0.320833333333
275 0.09375 0.158333333333 0.221875 0.320833333333
276 0.096875 0.158333333333 0.221875 0.320833333333
277 0.1 0.154166666667 0.221875 0.320833333333
278 0.1 0.154166666667 0.221875 0.320833333333
279 0.103125 0.15 0.221875 0.320833333333
280 0.09375 0.154166666667 0.221875 0.320833333333
281 0.103125 0.141666666667 0.221875 0.320833333333
282 0.10625 0.145833333333 0.221875 0.320833333333
283 0.084375 0.158333333333 0.221875 0.320833333333
284 0.084375 0.166666666667 0.221875 0.320833333333
285 0.084375 0.166666666667 0.221875 0.320833333333
286 0.090625 0.15 0.221875 0.320833333333
287 0.084375 0.154166666667 0.221875 0.320833333333
288 0.090625 0.145833333333 0.221875 0.320833333333
289 0.090625 0.145833333333 0.221875 0.320833333333
290 0.090625 0.15 0.221875 0.320833333333
291 0.0875 0.15 0.221875 0.320833333333
292 0.0875 0.15 0.221875 0.320833333333
293 0.0875 0.15 0.221875 0.320833333333
294 0.0875 0.15 0.221875 0.320833333333
295 0.084375 0.15 0.221875 0.320833333333
296 0.084375 0.15 0.221875 0.320833333333
297 0.0875 0.15 0.221875 0.320833333333
298 0.09375 0.145833333333 0.221875 0.320833333333
299 0.09375 0.145833333333 0.221875 0.320833333333
300 0.059375 0.2625 0.221875 0.320833333333
301 0.03125 0.2875 0.221875 0.320833333333
302 0.03125 0.2875 0.221875 0.320833333333
303 0.04375 0.291666666667 0.221875 0.320833333333
304 0.046875 0.2875 0.221875 0.320833333333
305 0.065625 0.266666666667 0.221875 0.320833333333
306 0.075 0.254166666667 0.221875 0.320833333333
307 0.075 0.233333333333 0.221875 0.320833333333
308 0.075 0.233333333333 0.221875 0.320833333333
309 0.05 0.258333333333 0.221875 0.320833333333
310 0.05 0.258333333333 0.221875 0.320833333333
311 0.05 0.258333333333 0.221875 0.320833333333
312 0.021875 0.275 0.221875 0.320833333333
313 0.028125 0.275 0.221875 0.320833333333
314 0.028125 0.275 0.221875 0.320833333333
315 0.0 0.316666666667 0.221875 0.320833333333
316 0.0 0.320833333333 0.221875 0.320833333333
317 0.0 0.320833333333 0.221875 0.320833333333
318 0.0 0.325 0.221875 0.320833333333
319 0.0 0.3 0.221875 0.320833333333
320 0.0 0.304166666667 0.221875 0.320833333333
321 0.0 0.304166666667 0.221875 0.320833333333
322 0.003125 0.308333333333 0.221875 0.320833333333
323 0.0 0.304166666667 0.221875 0.320833333333
324 0.0 0.304166666667 0.221875 0.320833333333
325 0.040625 0.270833333333 0.221875 0.320833333333
326 0.040625 0.270833333333 0.221875 0.320833333333
327 0.040625 0.270833333333 0.221875 0.320833333333
328 0.040625 0.270833333333 0.221875 0.320833333333
329 0.040625 0.2875 0.221875 0.320833333333
330 0.0375 0.279166666667 0.221875 0.320833333333
331 0.05 0.258333333333 0.221875 0.320833333333
332 0.05 0.258333333333 0.221875 0.320833333333
333 0.05 0.258333333333 0.221875 0.320833333333
334 0.05 0.258333333333 0.221875 0.320833333333
335 0.05 0.258333333333 0.221875 0.320833333333
336 0.084375 0.245833333333 0.221875 0.320833333333
337 0.065625 0.275 0.221875 0.320833333333
338 0.034375 0.279166666667 0.221875 0.320833333333
339 0.0 0.320833333333 0.221875 0.320833333333
340 0.0 0.320833333333 0.221875 0.320833333333
341 0.0 0.316666666667 0.221875 0.320833333333
342 0.0 0.316666666667 0.221875 0.320833333333
343 0.0 0.316666666667 0.221875 0.320833333333
344 0.0 0.316666666667 0.221875 0.320833333333
345 0.0 0.316666666667 0.221875 0.320833333333
346 0.0 0.316666666667 0.221875 0.320833333333
347 0.0 0.304166666667 0.221875 0.320833333333
348 0.021875 0.283333333333 0.221875 0.320833333333
349 0.05 0.291666666667 0.221875 0.320833333333
350 0.025 0.2875 0.221875 0.320833333333
351 0.03125 0.291666666667 0.221875 0.320833333333
352 0.01875 0.3 0.221875 0.320833333333
353 0.0875 0.295833333333 0.221875 0.320833333333
354 0.0875 0.283333333333 0.221875 0.320833333333
355 0.075 0.266666666667 0.221875 0.320833333333
356 0.075 0.266666666667 0.221875 0.320833333333
357 0.06875 0.291666666667 0.221875 0.320833333333
358 0.08125 0.291666666667 0.221875 0.320833333333
359 0.08125 0.2875 0.221875 0.320833333333
360 0.015625 0.3 0.221875 0.320833333333
361 0.015625 0.3 0.221875 0.320833333333
362 0.021875 0.295833333333 0.221875 0.320833333333
363 0.021875 0.2875 0.221875 0.320833333333
364 0.025 0.291666666667 0.221875 0.320833333333
365 0.0375 0.291666666667 0.221875 0.320833333333
366 0.053125 0.295833333333 0.221875 0.320833333333
367 0.053125 0.291666666667 0.221875 0.320833333333
368 0.021875 0.295833333333 0.221875 0.320833333333
369 0.06875 0.291666666667 0.221875 0.320833333333
370 0.06875 0.291666666667 0.221875 0.320833333333
371 0.08125 0.283333333333 0.221875 0.320833333333
372 0.08125 0.254166666667 0.221875 0.320833333333
373 0.0875 0.254166666667 0.221875 0.320833333333
374 0.11875 0.270833333333 0.221875 0.320833333333
375 0.071875 0.291666666667 0.221875 0.320833333333
376 0.084375 0.279166666667 0.221875 0.320833333333
377 0.128125 0.291666666667 0.221875 0.320833333333
378 0.125 0.2875 0.221875 0.320833333333
379 0.08125 0.291666666667 0.221875 0.320833333333
380 0.075 0.2875 0.221875 0.320833333333
381 0.065625 0.291666666667 0.221875 0.320833333333
382 0.065625 0.304166666667 0.221875 0.320833333333
383 0.065625 0.304166666667 0.221875 0.320833333333
384 0.084375 0.3 0.221875 0.320833333333
385 0.128125 0.3 0.221875 0.320833333333
386 0.075 0.3 0.221875 0.320833333333
387 0.065625 0.304166666667 0.221875 0.320833333333
388 0.14375 0.295833333333 0.221875 0.320833333333
389 0.165625 0.3 0.221875 0.320833333333
390 0.071875 0.2875 0.221875 0.320833333333
391 0.0 0.316666666667 0.221875 0.320833333333
392 0.0 0.325 0.221875 0.320833333333
393 0.0 0.333333333333 0.221875 0.320833333333
394 0.0 0.333333333333 0.221875 0.320833333333
395 0.0 0.333333333333 0.221875 0.320833333333
396 0.0 0.341666666667 0.221875 0.320833333333
397 0.0 0.341666666667 0.221875 0.320833333333
398 0.0 0.3375 0.221875 0.320833333333
399 0.0 0.3375 0.221875 0.320833333333
400 0.0 0.341666666667 0.221875 0.320833333333
401 0.0 0.3375 0.221875 0.320833333333
402 0.0 0.341666666667 0.221875 0.320833333333
403 0.0 0.329166666667 0.221875 0.320833333333
404 0.0 0.320833333333 0.221875 0.320833333333
405 0.0 0.316666666667 0.221875 0.320833333333
406 0.0 0.316666666667 0.221875 0.320833333333
407 0.0 0.316666666667 0.221875 0.320833333333
408 0.0 0.354166666667 0.221875 0.320833333333
409 0.0 0.345833333333 0.221875 0.320833333333
410 0.0 0.354166666667 0.221875 0.320833333333
411 0.0 0.358333333333 0.221875 0.320833333333
