./../data/Vid_G_rubikscube.avi.avi
0 0.441495 0.422018 0.110128 0.175623
1 0.413704946971 0.371520114892 0.110128 0.175623
2 0.404399904331 0.360442296446 0.110128 0.175623
3 0.423855620147 0.366004856108 0.110128 0.175623
4 0.423380242816 0.338578950572 0.110128 0.175623
5 0.402049789022 0.346036217309 0.110128 0.175623
6 0.377109412829 0.342141679809 0.110128 0.175623
7 0.373505506294 0.324943833588 0.110128 0.175623
8 0.371489534776 0.317189471623 0.110128 0.175623
9 0.38269265469 0.321404104143 0.110128 0.175623
10 0.405235299297 0.318706723846 0.110128 0.175623
11 0.41833130822 0.340280081135 0.110128 0.175623
12 0.399500568869 0.335332439614 0.110128 0.175623
13 0.412125370541 0.33398041278 0.110128 0.175623
14 0.435176200695 0.35208360739 0.110128 0.175623
15 0.46459383354 0.366357427815 0.110128 0.175623
16 0.481110371575 0.385118185168 0.110128 0.175623
17 0.498744079353 0.405216398673 0.110128 0.175623
18 0.471376365328 0.400780111255 0.110128 0.175623
19 0.427001797831 0.38419989495 0.110128 0.175623
20 0.44776829899 0.355273908028 0.110128 0.175623
21 0.404433050671 0.327330669174 0.110128 0.175623
22 0.424116562592 0.313188875221 0.110128 0.175623
23 0.384882320193 0.305164186542 0.110128 0.175623
24 0.420532009052 0.307616218439 0.110128 0.175623
25 0.480201709221 0.299943664877 0.110128 0.175623
26 0.438187463497 0.299427852599 0.110128 0.175623
27 0.375024152731 0.304830429363 0.110128 0.175623
28 0.363811343469 0.372124770892 0.110128 0.175623
29 0.372795550846 0.399167106927 0.110128 0.175623
30 0.355078053299 0.37353547001 0.110128 0.175623
31 0.380133370551 0.299937483847 0.110128 0.175623
32 0.420414589012 0.295813065711 0.110128 0.175623
33 0.446808594162 0.297418259319 0.110128 0.175623
34 0.421783244738 0.303521030836 0.110128 0.175623
35 0.428550245635 0.303163824581 0.110128 0.175623
36 0.449829906892 0.303864033889 0.110128 0.175623
37 0.441148541085 0.299751392605 0.110128 0.175623
38 0.447406505048 0.304550906575 0.110128 0.175623
39 0.450669331484 0.308596964681 0.110128 0.175623
40 0.41093533217 0.313644528851 0.110128 0.175623
41 0.398493794725 0.337903921831 0.110128 0.175623
42 0.392656024006 0.308809013753 0.110128 0.175623
43 0.397779885306 0.297392243029 0.110128 0.175623
44 0.407537843749 0.300761374164 0.110128 0.175623
45 0.44192255916 0.29333062656 0.110128 0.175623
46 0.442179706134 0.297270428683 0.110128 0.175623
47 0.434707457626 0.299475425389 0.110128 0.175623
48 0.423727210474 0.30999875616 0.110128 0.175623
49 0.404651306214 0.322697212105 0.110128 0.175623
50 0.400693854718 0.317729198074 0.110128 0.175623
51 0.421732313355 0.309088100007 0.110128 0.175623
52 0.444403239213 0.317563137152 0.110128 0.175623
53 0.444967109998 0.309729920246 0.110128 0.175623
54 0.463034276161 0.313717790939 0.110128 0.175623
55 0.493636306408 0.312487564585 0.110128 0.175623
56 0.48597761628 0.309023848741 0.110128 0.175623
57 0.438266636869 0.292899453649 0.110128 0.175623
58 0.428809209923 0.300813143376 0.110128 0.175623
59 0.374915179109 0.315229309272 0.110128 0.175623
60 0.437440450925 0.334879860595 0.110128 0.175623
61 0.471776472628 0.341024147671 0.110128 0.175623
62 0.491941258662 0.330785701914 0.110128 0.175623
63 0.502329105363 0.31196548605 0.110128 0.175623
64 0.45145079065 0.301712662005 0.110128 0.175623
65 0.409411607431 0.309135228074 0.110128 0.175623
66 0.450758439468 0.304891712425 0.110128 0.175623
67 0.422566930938 0.30628124137 0.110128 0.175623
68 0.403824510677 0.324946051535 0.110128 0.175623
69 0.43583077984 0.342158913237 0.110128 0.175623
70 0.459537265929 0.329148379689 0.110128 0.175623
71 0.469215863995 0.320117364325 0.110128 0.175623
72 0.462937522916 0.301352297187 0.110128 0.175623
73 0.432897610279 0.305834879367 0.110128 0.175623
74 0.428311422584 0.304237914288 0.110128 0.175623
75 0.415610073988 0.305172529203 0.110128 0.175623
76 0.416898209995 0.31050922724 0.110128 0.175623
77 0.417164723076 0.31623978188 0.110128 0.175623
78 0.438845909135 0.299449918844 0.110128 0.175623
79 0.418318148779 0.309024707496 0.110128 0.175623
80 0.384126708505 0.307748514732 0.110128 0.175623
81 0.419858258409 0.307468236754 0.110128 0.175623
82 0.432071217003 0.31223372303 0.110128 0.175623
83 0.403859034775 0.317161905634 0.110128 0.175623
84 0.404649976202 0.316342737172 0.110128 0.175623
85 0.418693937684 0.313981789649 0.110128 0.175623
86 0.400334554928 0.317585878646 0.110128 0.175623
87 0.419333088676 0.321458716751 0.110128 0.175623
88 0.418678894145 0.315012865347 0.110128 0.175623
89 0.424538995349 0.30665242711 0.110128 0.175623
90 0.417670076194 0.310406165913 0.110128 0.175623
91 0.423995981574 0.318297903683 0.110128 0.175623
92 0.410804213718 0.329103797183 0.110128 0.175623
93 0.423472421837 0.351464564865 0.110128 0.175623
94 0.419030374127 0.389780450501 0.110128 0.175623
95 0.399818954919 0.410136834277 0.110128 0.175623
96 0.461379871541 0.508545184222 0.110128 0.175623
97 0.474463490936 0.590065559413 0.110128 0.175623
98 0.478228829843 0.656199996532 0.110128 0.175623
99 0.489247677886 0.693276763994 0.110128 0.175623
100 0.508262636456 0.654150013934 0.110128 0.175623
101 0.510464842424 0.60256191794 0.110128 0.175623
102 0.494781637537 0.5904685805 0.110128 0.175623
103 0.49019154573 0.548721248147 0.110128 0.175623
104 0.461009000939 0.498167915268 0.110128 0.175623
105 0.449610373168 0.54717671943 0.110128 0.175623
106 0.460128285021 0.579087835773 0.110128 0.175623
107 0.489084279668 0.616587137239 0.110128 0.175623
108 0.499812687385 0.63624274043 0.110128 0.175623
109 0.513098737303 0.600283340995 0.110128 0.175623
110 0.522618064683 0.541906656549 0.110128 0.175623
111 0.525869141385 0.527315830601 0.110128 0.175623
112 0.524099131783 0.540519604939 0.110128 0.175623
113 0.528956637384 0.538230900528 0.110128 0.175623
114 0.516022461733 0.514288371059 0.110128 0.175623
115 0.517268222899 0.516350105216 0.110128 0.175623
116 0.523881584475 0.499952879651 0.110128 0.175623
117 0.523798524078 0.501350415956 0.110128 0.175623
118 0.520829265849 0.507539786517 0.110128 0.175623
119 0.500658441379 0.516275458958 0.110128 0.175623
120 0.491409080423 0.501472127379 0.110128 0.175623
121 0.475204237392 0.510785097427 0.110128 0.175623
122 0.481479691068 0.518981703048 0.110128 0.175623
123 0.488392927752 0.529163629327 0.110128 0.175623
124 0.513232135127 0.53139178948 0.110128 0.175623
125 0.51256245058 0.539817931075 0.110128 0.175623
126 0.500577962866 0.543747393978 0.110128 0.175623
127 0.47464817784 0.534895577933 0.110128 0.175623
128 0.500588671789 0.551426494532 0.110128 0.175623
129 0.506208156964 0.557648746054 0.110128 0.175623
130 0.511321139724 0.541485574416 0.110128 0.175623
131 0.504832827487 0.532075042482 0.110128 0.175623
132 0.487659983579 0.530518244203 0.110128 0.175623
133 0.503476424751 0.53908530053 0.110128 0.175623
134 0.525926082598 0.534391588166 0.110128 0.175623
135 0.525411705629 0.538338646809 0.110128 0.175623
136 0.527889508122 0.54302944946 0.110128 0.175623
137 0.530331255887 0.526691142172 0.110128 0.175623
138 0.528696592257 0.528738075715 0.110128 0.175623
139 0.52414233245 0.546204811214 0.110128 0.175623
140 0.504903342246 0.534186145036 0.110128 0.175623
141 0.471900592954 0.53214142342 0.110128 0.175623
142 0.461973323985 0.540126371823 0.110128 0.175623
143 0.473882274878 0.530350390689 0.110128 0.175623
144 0.478936770757 0.534979303008 0.110128 0.175623
145 0.511179755367 0.52930613343 0.110128 0.175623
146 0.515662892597 0.535190473878 0.110128 0.175623
147 0.507312293235 0.539767409156 0.110128 0.175623
148 0.498092021215 0.555103281487 0.110128 0.175623
149 0.505084164712 0.557106764295 0.110128 0.175623
150 0.502965378876 0.558288199145 0.110128 0.175623
151 0.505696899441 0.565584821441 0.110128 0.175623
152 0.510370442227 0.566571786658 0.110128 0.175623
153 0.499642697785 0.561967493717 0.110128 0.175623
154 0.505262746251 0.566225679257 0.110128 0.175623
155 0.509553028814 0.546483189444 0.110128 0.175623
156 0.504747928834 0.541312550264 0.110128 0.175623
157 0.505286072647 0.554765866584 0.110128 0.175623
158 0.501291251213 0.558605169689 0.110128 0.175623
159 0.502664189074 0.55050275515 0.110128 0.175623
160 0.495473056838 0.561027158571 0.110128 0.175623
161 0.49052245986 0.565238969986 0.110128 0.175623
162 0.489194193151 0.564596725642 0.110128 0.175623
163 0.490772601061 0.564568034432 0.110128 0.175623
164 0.49793778003 0.5573858804 0.110128 0.175623
165 0.478593420207 0.54769781793 0.110128 0.175623
166 0.473985159153 0.560482380175 0.110128 0.175623
167 0.498631868496 0.548219327104 0.110128 0.175623
168 0.488431807993 0.543719428246 0.110128 0.175623
169 0.464593168098 0.550203887345 0.110128 0.175623
170 0.429006631946 0.512823185295 0.110128 0.175623
171 0.438264283538 0.50135773567 0.110128 0.175623
172 0.45854728707 0.449026536279 0.110128 0.175623
173 0.461908727259 0.458053097993 0.110128 0.175623
174 0.450104819677 0.461716174364 0.110128 0.175623
175 0.450460997793 0.455185277772 0.110128 0.175623
176 0.458178279274 0.505967671476 0.110128 0.175623
177 0.473294072403 0.519382993769 0.110128 0.175623
178 0.492032000779 0.475434353752 0.110128 0.175623
179 0.501720155849 0.491506066161 0.110128 0.175623
180 0.510118585823 0.474219491393 0.110128 0.175623
181 0.49977579841 0.417854763917 0.110128 0.175623
182 0.509002315481 0.428154410236 0.110128 0.175623
183 0.499084502562 0.415033863947 0.110128 0.175623
184 0.513365010049 0.462419821585 0.110128 0.175623
185 0.516630536045 0.451718095237 0.110128 0.175623
186 0.508077457298 0.428571382421 0.110128 0.175623
187 0.524280855725 0.471616923631 0.110128 0.175623
188 0.506203039479 0.512296035727 0.110128 0.175623
189 0.498351726779 0.54953266738 0.110128 0.175623
190 0.50956757212 0.565685556135 0.110128 0.175623
191 0.501914856955 0.581863575945 0.110128 0.175623
192 0.506522728313 0.583387039428 0.110128 0.175623
193 0.501972058712 0.576766187052 0.110128 0.175623
194 0.504400693808 0.563483549389 0.110128 0.175623
195 0.501845916374 0.556246556608 0.110128 0.175623
196 0.5014307719 0.553219136659 0.110128 0.175623
197 0.497338171416 0.541998896902 0.110128 0.175623
198 0.515262051116 0.522012196107 0.110128 0.175623
199 0.492743894482 0.465107083367 0.110128 0.175623
200 0.502584380878 0.428747550232 0.110128 0.175623
201 0.496082123381 0.399325750654 0.110128 0.175623
202 0.481252831132 0.414329086357 0.110128 0.175623
203 0.48771356775 0.414498541138 0.110128 0.175623
204 0.478412940376 0.411211926773 0.110128 0.175623
205 0.485945455473 0.391353056256 0.110128 0.175623
206 0.491296548013 0.373313118011 0.110128 0.175623
207 0.507907781929 0.382307949276 0.110128 0.175623
208 0.487695703684 0.402511829452 0.110128 0.175623
209 0.488123694413 0.383597908801 0.110128 0.175623
210 0.473552138321 0.374062932401 0.110128 0.175623
211 0.471499052787 0.392113157776 0.110128 0.175623
212 0.469212529053 0.398610291627 0.110128 0.175623
213 0.494042420912 0.404437050633 0.110128 0.175623
214 0.48702087255 0.398356495596 0.110128 0.175623
215 0.483427728243 0.38176456094 0.110128 0.175623
216 0.447863430637 0.333951518935 0.110128 0.175623
217 0.420304170225 0.2757083252 0.110128 0.175623
218 0.412837590614 0.257805578255 0.110128 0.175623
219 0.416481864122 0.259956570979 0.110128 0.175623
220 0.454864416097 0.325329805639 0.110128 0.175623
221 0.466361934022 0.329836010657 0.110128 0.175623
222 0.484349248 0.360159897856 0.110128 0.175623
223 0.459637994772 0.410429908529 0.110128 0.175623
224 0.434260194669 0.491621923859 0.110128 0.175623
225 0.449700957045 0.437415412366 0.110128 0.175623
226 0.476495488395 0.406154123188 0.110128 0.175623
227 0.486334493384 0.404132644589 0.110128 0.175623
228 0.484933913649 0.392403264333 0.110128 0.175623
229 0.480840462796 0.317613515112 0.110128 0.175623
230 0.478745049825 0.395865275491 0.110128 0.175623
231 0.466030926815 0.532081714093 0.110128 0.175623
232 0.448941112223 0.603509087824 0.110128 0.175623
233 0.448404931123 0.65732359645 0.110128 0.175623
234 0.44534225194 0.66529814306 0.110128 0.175623
235 0.432712536901 0.631642950019 0.110128 0.175623
236 0.436718310713 0.606845345689 0.110128 0.175623
237 0.428604607338 0.58757668738 0.110128 0.175623
238 0.437547743407 0.578924102045 0.110128 0.175623
239 0.450014164309 0.563270270569 0.110128 0.175623
240 0.431850461658 0.569010567607 0.110128 0.175623
241 0.412461849581 0.583015811892 0.110128 0.175623
242 0.413802301266 0.576302617606 0.110128 0.175623
243 0.415558341459 0.577082220805 0.110128 0.175623
244 0.41532674185 0.576082670727 0.110128 0.175623
245 0.430460620865 0.574157353437 0.110128 0.175623
246 0.432439818273 0.552201184069 0.110128 0.175623
247 0.444968849047 0.546104564498 0.110128 0.175623
248 0.413634998942 0.54526045448 0.110128 0.175623
249 0.40433858435 0.557247177044 0.110128 0.175623
250 0.416732610205 0.563636235508 0.110128 0.175623
251 0.414148418875 0.559104469804 0.110128 0.175623
252 0.422640890046 0.563091837614 0.110128 0.175623
253 0.441396332356 0.561126486164 0.110128 0.175623
254 0.42173189019 0.558628336723 0.110128 0.175623
255 0.424177840667 0.551625503999 0.110128 0.175623
256 0.425418101722 0.538809955679 0.110128 0.175623
257 0.403013263875 0.513151432712 0.110128 0.175623
258 0.399528624819 0.533039362208 0.110128 0.175623
259 0.413481020966 0.545277551284 0.110128 0.175623
260 0.416988970199 0.527747736197 0.110128 0.175623
261 0.41299942997 0.528388121404 0.110128 0.175623
262 0.41753889277 0.546718764318 0.110128 0.175623
263 0.417068305498 0.555046872267 0.110128 0.175623
264 0.43845005327 0.564839956884 0.110128 0.175623
265 0.444594117192 0.561682580047 0.110128 0.175623
266 0.445743728331 0.548564648279 0.110128 0.175623
267 0.44006227571 0.538450388399 0.110128 0.175623
268 0.430306818749 0.548550604132 0.110128 0.175623
269 0.427370802708 0.560091670789 0.110128 0.175623
270 0.429233422921 0.557018898419 0.110128 0.175623
271 0.419110406558 0.545613304503 0.110128 0.175623
272 0.410751253684 0.55847759867 0.110128 0.175623
273 0.426113141107 0.553401607199 0.110128 0.175623
274 0.437132176995 0.559575435253 0.110128 0.175623
275 0.442922941967 0.563918449255 0.110128 0.175623
276 0.452380613492 0.561254764063 0.110128 0.175623
277 0.458692081734 0.552253680993 0.110128 0.175623
278 0.436862844563 0.560810436796 0.110128 0.175623
279 0.434726487148 0.54750078656 0.110128 0.175623
280 0.447176212268 0.533123338958 0.110128 0.175623
281 0.427054805882 0.548019225148 0.110128 0.175623
282 0.424715296843 0.557420644661 0.110128 0.175623
283 0.436577878212 0.546894548522 0.110128 0.175623
284 0.437227584344 0.553295212279 0.110128 0.175623
285 0.435074739822 0.564319371594 0.110128 0.175623
286 0.440205944248 0.567429372331 0.110128 0.175623
287 0.443853188022 0.582494513277 0.110128 0.175623
288 0.456954736137 0.546613185196 0.110128 0.175623
289 0.46143748176 0.543258668224 0.110128 0.175623
290 0.460892842072 0.53308817759 0.110128 0.175623
291 0.456332688777 0.531308298546 0.110128 0.175623
292 0.430348949962 0.531548575084 0.110128 0.175623
293 0.414614522737 0.53759288756 0.110128 0.175623
294 0.411349428241 0.517803035808 0.110128 0.175623
295 0.424793352942 0.523197900934 0.110128 0.175623
296 0.417183165613 0.534408877324 0.110128 0.175623
297 0.426785589051 0.53320698021 0.110128 0.175623
298 0.434872918591 0.530017844094 0.110128 0.175623
299 0.437500130983 0.538209788836 0.110128 0.175623
300 0.436686346966 0.540821621979 0.110128 0.175623
301 0.445061300072 0.537326877738 0.110128 0.175623
302 0.413936199739 0.558279047918 0.110128 0.175623
303 0.420133994618 0.565880548859 0.110128 0.175623
304 0.412724197992 0.571360861455 0.110128 0.175623
305 0.39810904104 0.558287920895 0.110128 0.175623
306 0.389835337461 0.558664420864 0.110128 0.175623
307 0.386336068291 0.553758297159 0.110128 0.175623
308 0.384738070917 0.549690816908 0.110128 0.175623
309 0.389306534309 0.548118519529 0.110128 0.175623
310 0.403615798716 0.530974883711 0.110128 0.175623
311 0.393780272141 0.531183059085 0.110128 0.175623
312 0.369299504267 0.53361894709 0.110128 0.175623
313 0.36360858739 0.539435590747 0.110128 0.175623
314 0.364742999437 0.542061938892 0.110128 0.175623
315 0.371791397938 0.543388882582 0.110128 0.175623
316 0.366794484791 0.540079274921 0.110128 0.175623
317 0.36552823538 0.544969351969 0.110128 0.175623
318 0.361660879617 0.533569701036 0.110128 0.175623
319 0.369020995849 0.539644870049 0.110128 0.175623
320 0.384688100148 0.550754550646 0.110128 0.175623
321 0.390221766655 0.557799697359 0.110128 0.175623
322 0.385631874752 0.553343610932 0.110128 0.175623
323 0.383727963458 0.55897372931 0.110128 0.175623
324 0.393041123828 0.554224089549 0.110128 0.175623
325 0.395144386998 0.55613601586 0.110128 0.175623
326 0.395875807917 0.557349261945 0.110128 0.175623
327 0.402184147754 0.552783112614 0.110128 0.175623
328 0.39101599425 0.555115876947 0.110128 0.175623
329 0.398019568284 0.549473398205 0.110128 0.175623
330 0.412650436897 0.55039317559 0.110128 0.175623
331 0.41934381828 0.5500697256 0.110128 0.175623
332 0.40843130377 0.553987193705 0.110128 0.175623
333 0.407939732207 0.552364533002 0.110128 0.175623
334 0.428031860826 0.55133044155 0.110128 0.175623
335 0.420327874448 0.55739154451 0.110128 0.175623
336 0.437933015421 0.555116434897 0.110128 0.175623
337 0.438276540499 0.555603338436 0.110128 0.175623
338 0.43430425034 0.551598239628 0.110128 0.175623
339 0.419885975513 0.556019826988 0.110128 0.175623
340 0.423085652157 0.555990732024 0.110128 0.175623
341 0.433704564706 0.541940811248 0.110128 0.175623
342 0.430104736295 0.537117882839 0.110128 0.175623
343 0.397537204242 0.544999298897 0.110128 0.175623
344 0.368881074973 0.550076132684 0.110128 0.175623
345 0.358124796323 0.550568920354 0.110128 0.175623
346 0.372979414419 0.548235650355 0.110128 0.175623
347 0.378642091128 0.559215279513 0.110128 0.175623
348 0.389669872464 0.569517402766 0.110128 0.175623
349 0.428630063119 0.5585064186 0.110128 0.175623
350 0.409079118545 0.565007021839 0.110128 0.175623
351 0.388090852431 0.564203746556 0.110128 0.175623
352 0.400779162201 0.565822278858 0.110128 0.175623
353 0.397528872499 0.562400407763 0.110128 0.175623
354 0.393146134434 0.559881689973 0.110128 0.175623
355 0.367296279749 0.550883138824 0.110128 0.175623
356 0.356214488236 0.553014925151 0.110128 0.175623
357 0.360039365773 0.551619392641 0.110128 0.175623
358 0.354046508949 0.553192162731 0.110128 0.175623
359 0.383310789104 0.551693851789 0.110128 0.175623
360 0.371521443049 0.556843470143 0.110128 0.175623
361 0.366876186889 0.557313667445 0.110128 0.175623
362 0.35399229821 0.557023303728 0.110128 0.175623
363 0.349231341392 0.554919741464 0.110128 0.175623
364 0.371888800197 0.552805396598 0.110128 0.175623
365 0.377880254934 0.538578472748 0.110128 0.175623
366 0.370137978575 0.527653167931 0.110128 0.175623
367 0.372008323588 0.530701620447 0.110128 0.175623
368 0.38903269108 0.537265890061 0.110128 0.175623
369 0.409259469816 0.535459496024 0.110128 0.175623
370 0.434601288072 0.529994079887 0.110128 0.175623
371 0.420729297448 0.521289532237 0.110128 0.175623
372 0.418146406161 0.520524948201 0.110128 0.175623
373 0.419136245093 0.5120882785 0.110128 0.175623
374 0.407425066484 0.505387498929 0.110128 0.175623
375 0.412804524967 0.505644628269 0.110128 0.175623
376 0.418244782037 0.50027737637 0.110128 0.175623
377 0.433767468995 0.502480164271 0.110128 0.175623
378 0.434794660274 0.503339826589 0.110128 0.175623
379 0.424619802953 0.494027586545 0.110128 0.175623
380 0.447654683025 0.489725781099 0.110128 0.175623
381 0.42403000032 0.484527313327 0.110128 0.175623
382 0.43026227178 0.48825226748 0.110128 0.175623
383 0.431244945951 0.492321316641 0.110128 0.175623
384 0.461616964892 0.503304163899 0.110128 0.175623
385 0.444258119723 0.504757687891 0.110128 0.175623
386 0.432928948913 0.496031487221 0.110128 0.175623
387 0.427460722874 0.505460620258 0.110128 0.175623
388 0.398386879777 0.505860701866 0.110128 0.175623
389 0.374842839787 0.507505312377 0.110128 0.175623
390 0.38901824855 0.507397929344 0.110128 0.175623
391 0.375116339315 0.499338516566 0.110128 0.175623
392 0.360948912066 0.484218093756 0.110128 0.175623
393 0.375117423664 0.485334434697 0.110128 0.175623
394 0.375701711764 0.478446023381 0.110128 0.175623
395 0.396848474958 0.473558329672 0.110128 0.175623
396 0.410794120415 0.481259048597 0.110128 0.175623
397 0.420331653426 0.490797602051 0.110128 0.175623
398 0.40289989129 0.494422449914 0.110128 0.175623
399 0.385003160266 0.490959014101 0.110128 0.175623
400 0.389450812401 0.492509983542 0.110128 0.175623
401 0.390001526336 0.499953322183 0.110128 0.175623
402 0.391104367621 0.504948415178 0.110128 0.175623
403 0.374187365564 0.496698250909 0.110128 0.175623
404 0.388123780239 0.510548792095 0.110128 0.175623
405 0.376593988655 0.514586739045 0.110128 0.175623
406 0.384761671686 0.525816217781 0.110128 0.175623
407 0.393276146998 0.52289634271 0.110128 0.175623
408 0.407364230325 0.526236481342 0.110128 0.175623
409 0.418212954911 0.534634171616 0.110128 0.175623
410 0.402974659875 0.533221125959 0.110128 0.175623
411 0.391698702872 0.532412190509 0.110128 0.175623
412 0.391601891053 0.533324443869 0.110128 0.175623
413 0.363742821433 0.529339364757 0.110128 0.175623
414 0.34538855168 0.513395989249 0.110128 0.175623
415 0.370359053832 0.520272748535 0.110128 0.175623
416 0.397568114719 0.523922130095 0.110128 0.175623
417 0.402185897907 0.534737181331 0.110128 0.175623
418 0.388070769006 0.532131711978 0.110128 0.175623
419 0.361816814548 0.523349175372 0.110128 0.175623
420 0.361959252271 0.525969349945 0.110128 0.175623
421 0.399422968863 0.52127544769 0.110128 0.175623
422 0.403741855441 0.522736668327 0.110128 0.175623
423 0.408811675773 0.524027280281 0.110128 0.175623
424 0.385277601984 0.518976108104 0.110128 0.175623
425 0.38549288302 0.519976584919 0.110128 0.175623
426 0.380273918068 0.520857728076 0.110128 0.175623
427 0.38864083361 0.525878551849 0.110128 0.175623
428 0.370687805321 0.515072417862 0.110128 0.175623
429 0.369784093539 0.51187700897 0.110128 0.175623
430 0.387315116966 0.521945941355 0.110128 0.175623
431 0.396141866843 0.521805951289 0.110128 0.175623
432 0.385445262126 0.514613632758 0.110128 0.175623
433 0.366573267965 0.505481731548 0.110128 0.175623
434 0.347941404136 0.503844964468 0.110128 0.175623
435 0.288163773228 0.576653646177 0.110128 0.175623
436 0.267233122557 0.594481022282 0.110128 0.175623
437 0.258451736874 0.586623628661 0.110128 0.175623
438 0.270905446535 0.582091524189 0.110128 0.175623
439 0.262082593055 0.58972158537 0.110128 0.175623
440 0.261501407171 0.568164600679 0.110128 0.175623
441 0.281537361677 0.538030431915 0.110128 0.175623
442 0.289118349859 0.536597163281 0.110128 0.175623
443 0.300763491336 0.564267197574 0.110128 0.175623
444 0.315688239766 0.576402312443 0.110128 0.175623
445 0.35167299194 0.555716765308 0.110128 0.175623
446 0.393020496682 0.552342317322 0.110128 0.175623
447 0.440126891202 0.571334233065 0.110128 0.175623
448 0.44481523768 0.562896371896 0.110128 0.175623
449 0.421748418471 0.54274320316 0.110128 0.175623
450 0.379018658412 0.505384238792 0.110128 0.175623
451 0.350360408571 0.492369844914 0.110128 0.175623
452 0.29406333346 0.538763875665 0.110128 0.175623
453 0.282566939678 0.575219758544 0.110128 0.175623
454 0.238470123893 0.613782703699 0.110128 0.175623
455 0.2299253899 0.626890506049 0.110128 0.175623
456 0.175704641874 0.624155965552 0.110128 0.175623
457 0.264688708852 0.60965269236 0.110128 0.175623
458 0.427628124303 0.561424523212 0.110128 0.175623
459 0.559943207678 0.51630413042 0.110128 0.175623
460 0.5711256417 0.476328811061 0.110128 0.175623
461 0.479381587967 0.4566815413 0.110128 0.175623
462 0.425492871974 0.405560373298 0.110128 0.175623
463 0.435954728856 0.395058036469 0.110128 0.175623
464 0.456818999112 0.382481351634 0.110128 0.175623
465 0.484464251445 0.351215963812 0.110128 0.175623
466 0.489879237694 0.368446759484 0.110128 0.175623
467 0.485834289639 0.35562613919 0.110128 0.175623
468 0.471529340683 0.353459856116 0.110128 0.175623
469 0.487134432364 0.353882182616 0.110128 0.175623
470 0.477567978975 0.34761095687 0.110128 0.175623
471 0.482660968358 0.346708799818 0.110128 0.175623
472 0.481515901872 0.355133685254 0.110128 0.175623
473 0.491348290635 0.373615351864 0.110128 0.175623
474 0.480536755237 0.36907418675 0.110128 0.175623
475 0.466595469508 0.377423245962 0.110128 0.175623
476 0.475555167224 0.361171655744 0.110128 0.175623
477 0.484150153993 0.36494417181 0.110128 0.175623
478 0.480510223533 0.377343271042 0.110128 0.175623
479 0.49256422157 0.392295168036 0.110128 0.175623
480 0.472589989253 0.368945863994 0.110128 0.175623
481 0.480702088366 0.372899929202 0.110128 0.175623
482 0.469414726037 0.3686599251 0.110128 0.175623
483 0.483275153047 0.353136544542 0.110128 0.175623
484 0.483755579379 0.373611252989 0.110128 0.175623
485 0.479477812495 0.367321577362 0.110128 0.175623
486 0.485364799199 0.362848308567 0.110128 0.175623
487 0.493843009363 0.37073823973 0.110128 0.175623
488 0.488247377391 0.352730602778 0.110128 0.175623
489 0.481726074768 0.343661512513 0.110128 0.175623
490 0.485919764698 0.353583326109 0.110128 0.175623
491 0.469666212669 0.35458470339 0.110128 0.175623
492 0.473424679109 0.36743538902 0.110128 0.175623
493 0.422446285122 0.381074003871 0.110128 0.175623
494 0.40653040933 0.424163961731 0.110128 0.175623
495 0.381330445537 0.42058740517 0.110128 0.175623
496 0.400841856124 0.405859029426 0.110128 0.175623
497 0.401218603801 0.407482223642 0.110128 0.175623
498 0.42120613215 0.388118215308 0.110128 0.175623
499 0.449969549594 0.377243028654 0.110128 0.175623
500 0.469669282905 0.366976288235 0.110128 0.175623
501 0.46769941132 0.365017183402 0.110128 0.175623
502 0.477470025414 0.382053559725 0.110128 0.175623
503 0.449002252393 0.395993195158 0.110128 0.175623
504 0.466712712721 0.393445422182 0.110128 0.175623
505 0.459999461699 0.426760660907 0.110128 0.175623
506 0.476412561973 0.416707665021 0.110128 0.175623
507 0.438696953377 0.389492939861 0.110128 0.175623
508 0.418710064488 0.429094292096 0.110128 0.175623
509 0.467673139832 0.399919637222 0.110128 0.175623
510 0.41647851153 0.397306824973 0.110128 0.175623
511 0.424768106291 0.395538488202 0.110128 0.175623
512 0.459083449721 0.412650775993 0.110128 0.175623
513 0.478441585509 0.376690806903 0.110128 0.175623
514 0.481571649638 0.34590910676 0.110128 0.175623
515 0.465686947598 0.341187417583 0.110128 0.175623
516 0.464776582387 0.361251133214 0.110128 0.175623
517 0.461978598852 0.347904739876 0.110128 0.175623
518 0.439406401464 0.338087906875 0.110128 0.175623
519 0.477063398299 0.340896590987 0.110128 0.175623
520 0.50695617501 0.349677254431 0.110128 0.175623
521 0.51010341014 0.377306823321 0.110128 0.175623
522 0.505365803388 0.356868841213 0.110128 0.175623
523 0.485640850154 0.344784917525 0.110128 0.175623
524 0.486118783922 0.338346561216 0.110128 0.175623
525 0.527188188807 0.327600265605 0.110128 0.175623
526 0.51358846431 0.361001861216 0.110128 0.175623
527 0.500836204088 0.388755864488 0.110128 0.175623
528 0.516749597972 0.402222569697 0.110128 0.175623
529 0.494683954502 0.405128815286 0.110128 0.175623
530 0.436581888616 0.378115926743 0.110128 0.175623
531 0.415955353285 0.395044374364 0.110128 0.175623
532 0.500347158739 0.396772602012 0.110128 0.175623
533 0.537682686724 0.367139310815 0.110128 0.175623
534 0.50113909114 0.352532626612 0.110128 0.175623
535 0.491216199531 0.354275902915 0.110128 0.175623
536 0.533275006544 0.363469909093 0.110128 0.175623
537 0.500093125322 0.335447741687 0.110128 0.175623
538 0.448660777927 0.339360709516 0.110128 0.175623
539 0.535681859062 0.337904501663 0.110128 0.175623
540 0.52798497055 0.295434183068 0.110128 0.175623
541 0.498238296994 0.336598382459 0.110128 0.175623
542 0.517309638885 0.378667494434 0.110128 0.175623
543 0.468944384193 0.445074496057 0.110128 0.175623
544 0.407783693864 0.456140956396 0.110128 0.175623
545 0.414291159651 0.455852397558 0.110128 0.175623
546 0.414804384288 0.450658162385 0.110128 0.175623
547 0.411308566459 0.453690853282 0.110128 0.175623
548 0.412465192641 0.449719336467 0.110128 0.175623
549 0.405313337649 0.445520090812 0.110128 0.175623
550 0.423119221316 0.445503657947 0.110128 0.175623
551 0.418655975622 0.450477088903 0.110128 0.175623
552 0.429994478854 0.450906507582 0.110128 0.175623
553 0.422584468178 0.451491206004 0.110128 0.175623
554 0.410751130806 0.451986610924 0.110128 0.175623
555 0.422700458142 0.452945661599 0.110128 0.175623
556 0.420475870701 0.446719843801 0.110128 0.175623
557 0.432532326641 0.444181013536 0.110128 0.175623
558 0.4230821363 0.446920755154 0.110128 0.175623
559 0.409743388185 0.445580478579 0.110128 0.175623
560 0.396265797176 0.439059178871 0.110128 0.175623
561 0.35804402398 0.429780940818 0.110128 0.175623
562 0.334943379373 0.431565704669 0.110128 0.175623
563 0.344058835279 0.445347646362 0.110128 0.175623
564 0.340696586697 0.44085565933 0.110128 0.175623
565 0.368091698211 0.445771744284 0.110128 0.175623
566 0.360059821628 0.454056045561 0.110128 0.175623
567 0.344881794449 0.454874347751 0.110128 0.175623
568 0.360393020685 0.474746809191 0.110128 0.175623
569 0.333390688243 0.484748759283 0.110128 0.175623
570 0.313977398842 0.490014032303 0.110128 0.175623
571 0.302169111179 0.497867716279 0.110128 0.175623
572 0.272213331234 0.525600247258 0.110128 0.175623
573 0.251963147038 0.570536559676 0.110128 0.175623
574 0.245612947121 0.602448115614 0.110128 0.175623
575 0.295559429995 0.595814436715 0.110128 0.175623
576 0.346983676167 0.562567320432 0.110128 0.175623
577 0.306655307807 0.563237104573 0.110128 0.175623
578 0.333453008436 0.554335910878 0.110128 0.175623
579 0.408594336886 0.507866003064 0.110128 0.175623
580 0.396645896894 0.494762168903 0.110128 0.175623
581 0.402734858933 0.494877123487 0.110128 0.175623
582 0.408129691867 0.467665143028 0.110128 0.175623
583 0.374469945714 0.465632684486 0.110128 0.175623
584 0.339024272825 0.465744128749 0.110128 0.175623
585 0.374755858418 0.413586171651 0.110128 0.175623
586 0.342155254859 0.438961642548 0.110128 0.175623
587 0.332540956302 0.44135851905 0.110128 0.175623
588 0.35876805194 0.417149193316 0.110128 0.175623
589 0.396703314753 0.352615514745 0.110128 0.175623
590 0.422075085119 0.324756270417 0.110128 0.175623
591 0.291895614575 0.490968771899 0.110128 0.175623
592 0.296237635845 0.498977116486 0.110128 0.175623
593 0.382967484474 0.371930689564 0.110128 0.175623
594 0.347012228371 0.444457919386 0.110128 0.175623
595 0.279542149537 0.529471019334 0.110128 0.175623
596 0.30596867829 0.486633327463 0.110128 0.175623
597 0.32952012664 0.485633092911 0.110128 0.175623
598 0.416303459532 0.39383753378 0.110128 0.175623
599 0.503144090392 0.394033461314 0.110128 0.175623
600 0.483671632146 0.475789729135 0.110128 0.175623
601 0.56221966479 0.441270452717 0.110128 0.175623
602 0.543263895054 0.471879649368 0.110128 0.175623
603 0.55949598155 0.427618881029 0.110128 0.175623
604 0.589624009673 0.328670179558 0.110128 0.175623
605 0.640467217177 0.202575008368 0.110128 0.175623
606 0.662714370909 0.170766091321 0.110128 0.175623
607 0.693699928659 0.159877084592 0.110128 0.175623
608 0.718820629745 0.0986908043883 0.110128 0.175623
609 0.741438010486 0.0796178367733 0.110128 0.175623
610 0.743823144795 0.0766341765109 0.110128 0.175623
611 0.739764002631 0.112307174337 0.110128 0.175623
612 0.745032983429 0.117449337047 0.110128 0.175623
613 0.750182871663 0.109381497198 0.110128 0.175623
614 0.754679922218 0.159560051939 0.110128 0.175623
615 0.769776725358 0.173615867086 0.110128 0.175623
616 0.757990357496 0.188201738153 0.110128 0.175623
617 0.757418617025 0.207845252321 0.110128 0.175623
618 0.765538562633 0.216886199551 0.110128 0.175623
619 0.741037061859 0.241387347149 0.110128 0.175623
620 0.75204606347 0.220940835724 0.110128 0.175623
621 0.731902136523 0.270153793305 0.110128 0.175623
622 0.721081350698 0.301005061478 0.110128 0.175623
623 0.732610510291 0.268518229338 0.110128 0.175623
624 0.721316606364 0.283342201779 0.110128 0.175623
625 0.745714365562 0.240907087366 0.110128 0.175623
626 0.710638808793 0.285704203686 0.110128 0.175623
627 0.724167350662 0.262532263442 0.110128 0.175623
628 0.725557018501 0.263113021707 0.110128 0.175623
629 0.742463906371 0.238575329758 0.110128 0.175623
630 0.761455991284 0.225357968616 0.110128 0.175623
631 0.75029431303 0.223470973312 0.110128 0.175623
632 0.761911133003 0.226125414806 0.110128 0.175623
633 0.772616690154 0.226365281607 0.110128 0.175623
634 0.767577789374 0.204919218011 0.110128 0.175623
635 0.773735404493 0.217693476862 0.110128 0.175623
636 0.767449622426 0.211675615856 0.110128 0.175623
637 0.753562275278 0.201309867188 0.110128 0.175623
638 0.743908834229 0.198693167548 0.110128 0.175623
639 0.738412044762 0.183337447112 0.110128 0.175623
640 0.7533559022 0.165689007295 0.110128 0.175623
641 0.747567871756 0.127075451947 0.110128 0.175623
642 0.728712300018 0.0738176943977 0.110128 0.175623
643 0.709563793396 0.0322866578411 0.110128 0.175623
644 0.733067064582 0.0724024550161 0.110128 0.175623
645 0.759390913121 0.147674565199 0.110128 0.175623
646 0.759999264114 0.136794612085 0.110128 0.175623
647 0.759478620765 0.158781986343 0.110128 0.175623
648 0.762227381057 0.155595759799 0.110128 0.175623
649 0.710237576309 0.189348934144 0.110128 0.175623
650 0.703578277732 0.179788449813 0.110128 0.175623
651 0.692890851888 0.147076232869 0.110128 0.175623
652 0.70689822199 0.125845804708 0.110128 0.175623
653 0.699187810929 0.0968945822732 0.110128 0.175623
654 0.684395202191 0.0947174033737 0.110128 0.175623
655 0.677921723828 0.0947165452071 0.110128 0.175623
656 0.693821462481 0.0966143979702 0.110128 0.175623
657 0.680818437573 0.11865003369 0.110128 0.175623
658 0.723738930054 0.0797164271344 0.110128 0.175623
659 0.689207555071 0.0796912955057 0.110128 0.175623
660 0.688750700877 0.0598825504506 0.110128 0.175623
661 0.670915156419 0.0919789963001 0.110128 0.175623
662 0.675889866717 0.0692965055629 0.110128 0.175623
663 0.694450623265 0.0516985387584 0.110128 0.175623
664 0.706754822996 0.0442966772677 0.110128 0.175623
665 0.670898845102 0.086201503216 0.110128 0.175623
666 0.631252060512 0.133538594914 0.110128 0.175623
667 0.633097119307 0.130408558151 0.110128 0.175623
668 0.631266832288 0.152634864784 0.110128 0.175623
669 0.618093086439 0.166645976639 0.110128 0.175623
670 0.629405500847 0.197185546681 0.110128 0.175623
671 0.642054741841 0.172961153353 0.110128 0.175623
672 0.65123431511 0.0815604615149 0.110128 0.175623
673 0.677710843621 0.0580923976067 0.110128 0.175623
674 0.69307642494 0.0656214316928 0.110128 0.175623
675 0.698614098982 0.135074361192 0.110128 0.175623
676 0.693797596167 0.127301537087 0.110128 0.175623
677 0.671554051892 0.121552760303 0.110128 0.175623
678 0.697432567581 0.091393247393 0.110128 0.175623
679 0.708191531027 0.0611756549891 0.110128 0.175623
680 0.736678102194 0.00771759880215 0.110128 0.175623
681 0.744007849704 0.00579173436433 0.110128 0.175623
682 0.717215111871 0.0233029367363 0.110128 0.175623
683 0.734936632339 0.0177105593156 0.110128 0.175623
684 0.719033234199 0.0579046329051 0.110128 0.175623
685 0.700876781595 0.0730708342149 0.110128 0.175623
686 0.698956287422 0.0781664088656 0.110128 0.175623
687 0.684045505452 0.0702068342646 0.110128 0.175623
688 0.679041782571 0.0548535150665 0.110128 0.175623
689 0.691521205507 0.0742173993313 0.110128 0.175623
690 0.714315659447 0.0413900991941 0.110128 0.175623
691 0.723964493602 0.0562053605728 0.110128 0.175623
692 0.732582222801 0.0203591428845 0.110128 0.175623
693 0.725612721155 0.0399778735855 0.110128 0.175623
694 0.744756873026 0.0155115872365 0.110128 0.175623
695 0.723749905695 0.0354914285718 0.110128 0.175623
696 0.719354990911 0.0245642443606 0.110128 0.175623
697 0.716956221557 0.0207900040407 0.110128 0.175623
698 0.735542050763 0.0195439847982 0.110128 0.175623
699 0.727004537134 0.0356523338766 0.110128 0.175623
700 0.724689362595 0.0372528452187 0.110128 0.175623
701 0.715608625685 0.0548110360422 0.110128 0.175623
702 0.714389786592 0.0478153010749 0.110128 0.175623
703 0.719831247008 0.0675399043927 0.110128 0.175623
704 0.733015167636 0.0700994363976 0.110128 0.175623
705 0.728813832512 0.0630735667849 0.110128 0.175623
706 0.729904524941 0.0467534229714 0.110128 0.175623
707 0.716405532321 0.0243019286117 0.110128 0.175623
708 0.729085699878 0.0411184231671 0.110128 0.175623
709 0.754452127759 0.0310216510901 0.110128 0.175623
710 0.727943387396 0.0598361836134 0.110128 0.175623
711 0.723565681685 0.0501458306729 0.110128 0.175623
712 0.729471094511 0.0483115295297 0.110128 0.175623
713 0.715164485284 0.0497184139647 0.110128 0.175623
714 0.713925017507 0.063511214826 0.110128 0.175623
715 0.72183427945 0.0694869432104 0.110128 0.175623
