./../data/Vid_G_rubikscube.avi.avi
0 0.441495 0.422018 0.110128 0.175623
1 0.440547442825 0.418172832499 0.110524657385 0.176346359647
2 0.431007513183 0.419204902692 0.111395910837 0.175327429253
3 0.430792643271 0.427218951073 0.111673269845 0.174278853587
4 0.436116804005 0.424330284171 0.111910451202 0.17328816117
5 0.431327566874 0.430393795177 0.112488590665 0.175415965951
6 0.43718577392 0.425699858553 0.111568997231 0.175848120305
7 0.430175591428 0.43018399599 0.111772590629 0.173902023845
8 0.435955994408 0.426913374036 0.112249039398 0.174529776199
9 0.438374636229 0.425602398426 0.11250968192 0.174855199039
10 0.437921199307 0.425350307745 0.112141074866 0.174554714475
11 0.442142018873 0.426504581971 0.112470497576 0.174137010233
12 0.441593245753 0.424372001902 0.112201352425 0.174784474953
13 0.437589357227 0.435210237477 0.112697562915 0.174768953274
14 0.437198929567 0.431807334861 0.112813965898 0.174893162892
15 0.437946817851 0.433154356987 0.112484215854 0.174807196143
16 0.43948089066 0.425824055157 0.111945699364 0.176649606239
17 0.442369583074 0.426682146614 0.111418691596 0.176004223619
18 0.438897159638 0.424933460566 0.11245119029 0.175292051072
19 0.441035019129 0.426071532503 0.11222089366 0.175326958316
20 0.442950931527 0.426038095658 0.112230101456 0.175439653155
21 0.437172425927 0.43225914277 0.11316093099 0.174460071944
22 0.439691035507 0.431619395716 0.113359661356 0.174356991177
23 0.437762509404 0.429057857574 0.113165769268 0.174694092665
24 0.442264581011 0.430714570592 0.113206924596 0.175188962408
25 0.444601527283 0.432491328506 0.113326245055 0.175901174935
26 0.443801504184 0.426231810097 0.112788146423 0.176547277224
27 0.446003716306 0.428335667153 0.112376646341 0.175738140844
28 0.438598651355 0.424759119256 0.111926478699 0.176099630233
29 0.446829707734 0.427058910752 0.11224274687 0.176445079367
30 0.446230788902 0.426752542231 0.113024274375 0.176652074334
31 0.443070959339 0.432668150465 0.113125108049 0.176123076862
32 0.440480642483 0.430687026181 0.112699394448 0.174938343624
33 0.439893163606 0.424692536695 0.112698344765 0.174686808814
34 0.442930290556 0.429605958592 0.112868346231 0.175206078487
35 0.444084428997 0.427044254521 0.112963713012 0.174304098624
36 0.445172138669 0.426049848747 0.112492525505 0.174226116025
37 0.441759835472 0.431000745458 0.112654509609 0.175335668337
38 0.439036218412 0.422326959463 0.112319409575 0.175578033278
39 0.441360237783 0.426409574975 0.112871694803 0.176084030704
40 0.437831906473 0.423101967 0.111829738835 0.175082083697
41 0.443122947104 0.420760541866 0.1120621076 0.174186182721
42 0.442867536737 0.428156850935 0.111508247476 0.174747612515
43 0.429107451196 0.42668658708 0.112196798703 0.175084177781
44 0.438312523136 0.428356537631 0.113113341745 0.174015869136
45 0.437051698539 0.427466203934 0.113234155848 0.17359237623
46 0.439482514951 0.426542040729 0.112708279407 0.174078280965
47 0.439940734693 0.429767529235 0.112557156429 0.174794031495
48 0.437534186624 0.425823284428 0.112714935484 0.17522993196
49 0.440078259248 0.426267276149 0.112392046781 0.177021927619
50 0.440039527972 0.425562080308 0.111867060036 0.17593810485
51 0.439610517819 0.428873119702 0.111945700994 0.175596133886
52 0.440233910711 0.427029268267 0.112953579049 0.17540997519
53 0.436524468342 0.422799261311 0.112039390724 0.174229003471
54 0.43845719931 0.419775469191 0.112591777758 0.174101553472
55 0.437650614849 0.421538461192 0.112040800056 0.175568408052
56 0.4369074649 0.411217943801 0.113832908514 0.174167800639
57 0.441071563813 0.423394591605 0.112252509627 0.174801939861
58 0.43451837089 0.42586426964 0.114009786577 0.175117620459
59 0.437386577043 0.422798731193 0.112989959592 0.17699742213
60 0.441628894105 0.433900199558 0.113210431385 0.174374674696
61 0.435332675598 0.432830997088 0.112669484378 0.173927804665
62 0.437813039439 0.427565064375 0.112512625869 0.174259408235
63 0.440834653262 0.427324063355 0.112645596787 0.175191852711
64 0.435836450346 0.426943611879 0.112805119678 0.175897036543
65 0.442304015137 0.432432347547 0.112574735335 0.176358606079
66 0.440296849305 0.427107226036 0.112873675043 0.176816621334
67 0.441225455068 0.430265660514 0.113113735845 0.177102199319
68 0.439635642912 0.432790793921 0.112865780189 0.175349019252
69 0.441209816514 0.431759500653 0.111361299214 0.17465297909
70 0.425810852993 0.433865972265 0.112097841425 0.175730518487
71 0.435474623372 0.43162404481 0.112729391856 0.176462189462
72 0.43875383812 0.427973507786 0.112528030918 0.174688018559
73 0.435558506156 0.429486663917 0.11300708967 0.174112337342
74 0.438259745148 0.430177367373 0.112969578245 0.174770505166
75 0.436113901821 0.43406361499 0.112404113829 0.174845724515
76 0.431154063608 0.434418547537 0.112699251826 0.174825142981
77 0.432401673796 0.435971504841 0.112382563639 0.17401942987
78 0.435760735536 0.442083947315 0.112407248475 0.174236842843
79 0.435999213904 0.437365458729 0.111959274747 0.176087504203
80 0.431289001212 0.443311237003 0.112161765218 0.17460459982
81 0.437375389372 0.436717887904 0.11239176473 0.174624151084
82 0.43357829357 0.439012724402 0.112665613964 0.174829470263
83 0.437490410399 0.43945183538 0.112029850917 0.173573383659
84 0.42984587957 0.439241197169 0.111778749095 0.173819182839
85 0.427863126787 0.436893160354 0.111682464196 0.174877578794
86 0.427596822843 0.437051475899 0.112098864903 0.17468876531
87 0.425868599681 0.437942962451 0.11209686943 0.174757225982
88 0.420010364761 0.442722085295 0.112345583698 0.174473752758
89 0.421707842226 0.439156084839 0.112876982556 0.174373352235
90 0.419499801147 0.446733375047 0.112752650072 0.175239976421
91 0.417253686837 0.453947579016 0.112361210276 0.174647188081
92 0.415032943651 0.459057263421 0.112847529408 0.174431688945
93 0.409398907071 0.451433712064 0.11215573181 0.175454456059
94 0.402575495882 0.433265542889 0.111935593519 0.174746901482
95 0.395645524118 0.415305518967 0.111934437453 0.174455416106
96 0.396772118306 0.445195444314 0.113561055775 0.173863786717
97 0.395464043596 0.456990684442 0.112755721209 0.173910775712
98 0.4018988901 0.463889298761 0.113111917237 0.17534107798
99 0.401487004176 0.462672760958 0.112676701998 0.175898418027
100 0.40366591437 0.468237350985 0.112691995184 0.175259458807
101 0.410729929561 0.471902968701 0.113409048373 0.176108755046
102 0.40986794948 0.47167928545 0.113296296725 0.176726686562
103 0.420606219557 0.468616595389 0.113167030769 0.176631413829
104 0.423315873047 0.464499341059 0.112990503101 0.177108390136
105 0.424624508457 0.470610049679 0.112502840392 0.175316999129
106 0.434569950463 0.465030463476 0.113376406554 0.175744876945
107 0.430260024827 0.470720852229 0.113118846265 0.174620884759
108 0.436175359881 0.467107314679 0.112332318971 0.174673288319
109 0.436416962634 0.464862451939 0.112045286695 0.174315224845
110 0.437778576774 0.465567829779 0.113311340912 0.173440692827
111 0.442045691012 0.460996208771 0.11319165174 0.17329364756
112 0.442817869628 0.463227052584 0.112413672762 0.174111939523
113 0.440868445823 0.458798956542 0.112000817727 0.174578632596
114 0.444726163583 0.449699511163 0.112211379404 0.174999450651
115 0.44602004352 0.451310058366 0.112211900481 0.175382130815
116 0.446821248529 0.450173528922 0.113111099856 0.174390761811
117 0.453217190232 0.451243192973 0.111904947272 0.175607284739
118 0.454016969173 0.454911775758 0.112712545904 0.17492088451
119 0.45138239472 0.448527286378 0.11319506742 0.173710917274
120 0.45544113002 0.442747037065 0.113327006546 0.175127538714
121 0.457654795418 0.441626550797 0.11277167516 0.174841748056
122 0.46110616757 0.440619177373 0.111801531054 0.174882546248
123 0.460233231053 0.441549457663 0.112834962172 0.175026175401
124 0.466768421335 0.446381683783 0.112293035119 0.174374932328
125 0.465028812031 0.445559130322 0.112020451486 0.175512345817
126 0.46725282771 0.447787242205 0.1117111105 0.17529836788
127 0.46157236253 0.454938473534 0.112046320933 0.17393934509
128 0.464266516302 0.455682354119 0.11315910063 0.173805709085
129 0.47106980373 0.456425789618 0.113036076065 0.174635606682
130 0.470307188337 0.458934967862 0.113245078009 0.175351349893
131 0.469757203902 0.458138998974 0.112156461766 0.17595857782
132 0.467743792097 0.463992834467 0.112228718886 0.175250063075
133 0.472051506523 0.463367716972 0.112179439939 0.173072322812
134 0.478964886704 0.469556029677 0.112042302423 0.174676908396
135 0.476046379777 0.469413350687 0.111666559212 0.174664394032
136 0.47086826682 0.460854563635 0.112395056853 0.174897098636
137 0.469021688696 0.465716331545 0.112815020012 0.175164472981
138 0.468744713414 0.469244111639 0.112657372193 0.175712897446
139 0.469794095783 0.467599959693 0.1120578638 0.175440600449
140 0.463601968086 0.464528317773 0.112986489765 0.176100298618
141 0.46284585243 0.460223466037 0.112059658606 0.176411570162
142 0.456837517307 0.464347078545 0.112616718603 0.17662509515
143 0.450737596317 0.464860268206 0.113058646143 0.175367447558
144 0.451187960395 0.460357667797 0.112707527623 0.175688123555
145 0.441753378792 0.459784711099 0.11268328305 0.17521094168
146 0.443435230805 0.467317591369 0.113095968174 0.174311695148
147 0.441988575951 0.46905619763 0.113393948764 0.174213355625
148 0.444906163763 0.470968745856 0.111984333503 0.174226964173
149 0.444578633697 0.465305522906 0.112636313138 0.174657568949
150 0.452004104667 0.464026454896 0.112345077513 0.174609180182
151 0.453130282322 0.466073588898 0.112361572357 0.17645023069
152 0.4561469937 0.463728973732 0.112397531287 0.175311393415
153 0.459878269311 0.460685535105 0.112496888747 0.17536989964
154 0.462882021719 0.463774066989 0.11279898743 0.174817551905
155 0.462379675778 0.456317820749 0.113159455643 0.174823739281
156 0.455737580693 0.460454452266 0.112837750062 0.175129127961
157 0.456093454104 0.459234296841 0.113020588511 0.176430525129
158 0.45616589292 0.459986839342 0.112961663359 0.175975730208
159 0.45086790227 0.46338641561 0.112732265052 0.175698793979
160 0.445018772598 0.456382352526 0.112669842041 0.175286835169
161 0.441882361294 0.465401679197 0.112799127199 0.174476184595
162 0.439525665122 0.468103287348 0.112977645419 0.174262434403
163 0.448566562464 0.475234465787 0.112636728395 0.175390946047
164 0.447335699065 0.477325088201 0.11304432357 0.175692288437
165 0.449158135581 0.477280289326 0.112272111074 0.17604827383
166 0.44894226307 0.481848508808 0.112331077795 0.175491403316
167 0.448592504049 0.471330642991 0.11297967969 0.175699799609
168 0.44939522772 0.476833656295 0.112770662766 0.175665296171
169 0.44527641073 0.480562173622 0.111958312981 0.174890260833
170 0.447169183624 0.483089021247 0.112899250471 0.17540189673
171 0.441378815883 0.480910541016 0.111956710225 0.175108797217
172 0.444983518236 0.476672472219 0.11162306559 0.175166533898
173 0.445339290975 0.473204460184 0.112710120611 0.175625875963
174 0.448504993177 0.467690713514 0.112610938939 0.175824346297
175 0.450694725084 0.474735897217 0.112364174374 0.174956645382
176 0.455457967301 0.470876181138 0.111670382617 0.174521109753
177 0.455854020907 0.481542351897 0.112596086517 0.174734578223
178 0.462059230883 0.479448360643 0.112549661603 0.174312986095
179 0.468201064493 0.47668536346 0.111712089795 0.175874569102
180 0.469221428786 0.477217466689 0.112386570213 0.175511272437
181 0.470454566764 0.478627652037 0.112849693044 0.174585895161
182 0.470819632593 0.482079897308 0.112541333273 0.174894401056
183 0.474006438282 0.484737848752 0.112563991509 0.17430443956
184 0.469948780621 0.485002366218 0.113034827588 0.173665353139
185 0.470233317981 0.481428571839 0.112292682871 0.174802192789
186 0.471725142193 0.482113608922 0.111990580291 0.1745032119
187 0.466724207392 0.483717136228 0.112351984782 0.174642147226
188 0.468386462792 0.481132004318 0.112381113437 0.17465788534
189 0.460757737787 0.489200767013 0.112619379791 0.173968711772
190 0.460865441646 0.480954880464 0.11297181821 0.174375101834
191 0.464043653366 0.47637683346 0.113754737514 0.174132375715
192 0.466226809411 0.474656070209 0.114061170846 0.175222451051
193 0.466769964712 0.471448728561 0.113263183688 0.175744183884
194 0.466581245126 0.473832413473 0.112596213832 0.17481613012
195 0.46778417907 0.470277464485 0.11170814783 0.174863629896
196 0.463429974463 0.468216013434 0.112249605361 0.175074945872
197 0.462314217497 0.468150961523 0.112104169021 0.174503139199
198 0.458766379707 0.461420238889 0.113113710774 0.173813398481
199 0.452775970334 0.466946999301 0.113453755706 0.174812603086
200 0.454276384447 0.470303037685 0.113070925005 0.17423335453
201 0.452000613271 0.467730794181 0.113727269061 0.174044710194
202 0.45313000818 0.47057461833 0.112098987985 0.174646250948
203 0.454343013029 0.479736405125 0.111838751844 0.174937924956
204 0.458539240062 0.488146733129 0.111974298709 0.174722904699
205 0.451384968484 0.486048127248 0.112776051461 0.17565092044
206 0.457813243078 0.491243120626 0.112618974168 0.1748264336
207 0.458642684997 0.495870714676 0.112406937617 0.174022391098
208 0.460817835075 0.492725053587 0.112974107866 0.174700083706
209 0.459371798027 0.494983156999 0.11229274169 0.174813521687
210 0.453928205919 0.49486524679 0.112482390119 0.173686086817
211 0.452543648069 0.49957595803 0.112149256145 0.173756312723
212 0.448877157467 0.499565698719 0.112109505274 0.174819148202
213 0.448531715267 0.501597754558 0.112773686512 0.175835992021
214 0.446365751945 0.498983593374 0.112610464921 0.175873149192
215 0.437696512302 0.503209078554 0.111402089282 0.174130357611
216 0.439793776401 0.50463029903 0.1109968689 0.173777761476
217 0.432692388446 0.516763193517 0.111351551017 0.173255991942
218 0.429978410337 0.513594257738 0.111620775882 0.173311832777
219 0.42700003824 0.507020749462 0.112176953047 0.174106395489
220 0.423122621285 0.499588332255 0.112827180722 0.174231158168
221 0.417200931888 0.503180807475 0.112725006007 0.174189834436
222 0.411690589459 0.509973637611 0.112730128271 0.174101469331
223 0.409496668215 0.504628936873 0.112470830045 0.174120267455
224 0.413977287659 0.505476985163 0.112449785744 0.173783721273
225 0.412356365936 0.502682444512 0.111920040623 0.174256517509
226 0.412519089437 0.497659714135 0.111954574222 0.174138599159
227 0.413452360117 0.49996261201 0.112111281745 0.175011920074
228 0.415322654032 0.504078516767 0.112393993548 0.17562138967
229 0.42304286553 0.514880444568 0.112260735389 0.175453302484
230 0.426104022553 0.5128482812 0.112734649774 0.175317890227
231 0.425392190333 0.511412866668 0.112776389756 0.17478460941
232 0.42999001915 0.510556821643 0.112789680828 0.174671394289
233 0.431262285022 0.5074077565 0.112572604646 0.175025957589
234 0.428845732798 0.511811088711 0.112735637434 0.174524646168
235 0.42826503369 0.515733223546 0.11243911265 0.175033192624
236 0.425077015294 0.515595739821 0.112696851413 0.174605549811
237 0.41917350545 0.503860936774 0.11260534556 0.175078237608
238 0.419163644374 0.506895729111 0.112463414273 0.17504724723
239 0.414170783842 0.504205796136 0.112536213925 0.175060560669
240 0.415153141819 0.506595481928 0.112643004757 0.175581502409
241 0.411029887692 0.5006046165 0.112700910448 0.175385415297
242 0.410663466101 0.501100297645 0.113112093127 0.175765851491
243 0.411155139186 0.495985244318 0.11273374284 0.175177076772
244 0.409835486139 0.493608550593 0.112564067437 0.174618459295
245 0.412988335712 0.487975891952 0.113026775258 0.174577745474
246 0.410733222214 0.491846987302 0.11266037041 0.174279525446
247 0.415556671367 0.490998120428 0.112120919588 0.173480110832
248 0.419299594515 0.484179898041 0.112317581242 0.174685872524
249 0.420912774431 0.493358267923 0.112611732839 0.174977725289
250 0.425695641652 0.493381472651 0.112825759258 0.17520321784
251 0.421055198684 0.495400647617 0.112408009729 0.175000014427
252 0.421183698179 0.485177284607 0.112580323532 0.175011796235
253 0.427192578956 0.490093634153 0.112456877994 0.175461276381
254 0.425375140231 0.483939870575 0.112430327455 0.175925630635
255 0.427129284222 0.481088176893 0.112743426527 0.176250816028
256 0.428418056574 0.485728960321 0.112761451299 0.175862436021
257 0.42772209942 0.480013538465 0.112146654046 0.175079687941
258 0.424700837307 0.487278123204 0.112615089778 0.174648846331
259 0.426300948738 0.481722908193 0.112595093056 0.175348639543
260 0.427801726726 0.48702070143 0.112676277053 0.174974900817
261 0.426046068149 0.497623225296 0.112525062699 0.174597250327
262 0.424579127151 0.490048713033 0.112662676253 0.17365266849
263 0.422988374088 0.486739346948 0.112951883697 0.174347082372
264 0.424819744321 0.489027419454 0.11289915102 0.174693334066
265 0.426407681579 0.485335740544 0.113106390438 0.174467426242
266 0.429231250345 0.475910776256 0.112919501166 0.175189638321
267 0.425723684994 0.489344707835 0.11181683512 0.174710233834
268 0.424218253994 0.48287692208 0.112004147021 0.174419375788
269 0.426518728292 0.477098170323 0.112210271601 0.174816092294
270 0.418797978255 0.484589313745 0.112846568334 0.174872623787
271 0.424092899807 0.485978157822 0.113225514582 0.174618526442
272 0.4219917939 0.481886366408 0.112893397448 0.175182787761
273 0.424424444244 0.478653580065 0.113393025424 0.175117441357
274 0.427884743369 0.477491155681 0.112779264824 0.174267433379
275 0.427794982198 0.48461213837 0.112619792366 0.17403649717
276 0.428682154621 0.484516751109 0.113042194929 0.174337182414
277 0.428696714792 0.484222111674 0.112761615073 0.174594433291
278 0.427088339087 0.479215738495 0.112412833547 0.175238971291
279 0.423952371272 0.482070598657 0.113338562344 0.175091934714
280 0.421013890539 0.484228212412 0.112350896755 0.175241538767
281 0.41729367255 0.483320018529 0.112645191621 0.17511858814
282 0.416312141706 0.46699924373 0.112336042232 0.175919901251
283 0.420877876134 0.464814881241 0.112174072441 0.175273286389
284 0.42037697645 0.468499270348 0.111989987308 0.175055820923
285 0.422297904334 0.46199044382 0.112211557096 0.175218644358
286 0.421285809191 0.462087605793 0.112067315194 0.174619934459
287 0.42491641548 0.462042970493 0.111863025708 0.17386306062
288 0.426529239774 0.453539719894 0.112297915173 0.175114401179
289 0.42818340983 0.448949875579 0.113079836597 0.175363867068
290 0.428892424158 0.451904238625 0.112651504814 0.173872499315
291 0.425961582647 0.447180784522 0.112935417939 0.175504683651
292 0.432902571071 0.444154172621 0.111923191815 0.176352864924
293 0.4261326195 0.430848480015 0.112043877985 0.174867836069
294 0.424603908864 0.439290722885 0.112264620502 0.175062470172
295 0.418488413749 0.443840275031 0.111843412505 0.174958928258
296 0.416047841992 0.452072080858 0.111607182313 0.173774318109
297 0.409926091343 0.451159645609 0.112204897228 0.173711713706
298 0.406451009888 0.467089510541 0.112355480132 0.174553828576
299 0.408370038967 0.463856510535 0.112565815572 0.17528401137
300 0.411535592466 0.469065218351 0.111640674299 0.175204128715
301 0.403675280188 0.471677646685 0.112469183969 0.175066450616
302 0.400746895589 0.471370626219 0.112724370019 0.175506710828
303 0.393562872675 0.466682643996 0.112466213221 0.176440780283
304 0.388165850729 0.468706691002 0.112768137423 0.176378239708
305 0.387062492354 0.465677489589 0.112737203434 0.176141062865
306 0.38250520477 0.464331901919 0.112626685055 0.176029738612
307 0.378589301058 0.459973590563 0.113110781174 0.175705397264
308 0.379982220641 0.45804234551 0.112732497267 0.174710900256
309 0.382003933563 0.462861557261 0.112404204842 0.174349975511
310 0.382980668529 0.458030356477 0.112076436593 0.174666200917
311 0.382878300879 0.465432002269 0.112665323864 0.174405693739
312 0.382510925074 0.454978796587 0.113214021552 0.175945144531
313 0.382744624099 0.461352613218 0.112859128331 0.176204820431
314 0.381138520444 0.462417166883 0.112710265103 0.176059919574
315 0.370994290505 0.461581999598 0.112776326996 0.174912138879
316 0.375761842414 0.467587740427 0.1133113832 0.174721757854
317 0.376102734689 0.467406506212 0.113285911042 0.175272529183
318 0.376996182174 0.458983537904 0.112199872043 0.174941134438
319 0.383212275486 0.466852707185 0.11072867595 0.174645269073
320 0.380964412052 0.462681980894 0.112127347267 0.175016376379
321 0.378108497748 0.468380243511 0.113066590674 0.174884228256
322 0.379847342837 0.472312810687 0.112405393043 0.17578763923
323 0.384590964702 0.487645135143 0.112431364153 0.175167290618
324 0.38224442136 0.475768364418 0.11278442286 0.175088527006
325 0.385501214681 0.471660201587 0.112507302599 0.174947981235
326 0.386437495012 0.480960647863 0.112262239816 0.174607507856
327 0.394639440855 0.475774519246 0.112359916327 0.174478014076
328 0.392461273419 0.479463276303 0.11296797526 0.174519913803
329 0.39537881775 0.480683185278 0.113659949129 0.174223127856
330 0.401451946587 0.474384905547 0.113117876525 0.175190621806
331 0.404687248753 0.469615641148 0.113017971088 0.175116486344
332 0.409312032582 0.475668106664 0.112286833229 0.175951873378
333 0.409979002539 0.471744079886 0.112460558352 0.174978858654
334 0.411400296318 0.483868419728 0.111497368445 0.175584194402
335 0.420086185916 0.485583245462 0.111963301524 0.175558564494
336 0.418651845228 0.486047913554 0.111987465195 0.17528430624
337 0.424228983645 0.481926375453 0.11216063727 0.174827173231
338 0.420887163828 0.473145875465 0.111364825319 0.174379191111
339 0.417977940101 0.468349758677 0.11195032373 0.174782872457
340 0.422850377787 0.465418661383 0.112345838334 0.174295334023
341 0.410304163181 0.461672919084 0.112210346508 0.175223044318
342 0.40048610094 0.460859074046 0.111898708017 0.175007553535
343 0.389058132285 0.458031923217 0.112781441722 0.174999488773
344 0.382750295397 0.469885024472 0.112682301566 0.17496071332
345 0.386473595163 0.472149861192 0.111482304842 0.17578884838
346 0.375433110332 0.463103421827 0.11250908173 0.175829453132
347 0.380384920037 0.476417221256 0.11187988184 0.175445022685
348 0.383770109787 0.484801913373 0.111724787711 0.174519781724
349 0.381683996014 0.479670636145 0.111989231003 0.174703990536
350 0.381852240908 0.475084129775 0.112369100294 0.175044171539
351 0.375703675061 0.483372222859 0.112607518279 0.175039857467
352 0.380806118719 0.479583821578 0.112558902334 0.174449670609
353 0.383178777182 0.479200085267 0.112134472799 0.174227114177
354 0.381543768063 0.478985601166 0.112099392006 0.174630686669
355 0.375036947538 0.482208062338 0.112662646671 0.174641959048
356 0.368738587357 0.485885253043 0.113031611092 0.174647898783
357 0.364670260305 0.4746364432 0.112443755862 0.17554507501
358 0.361829215918 0.477168454838 0.113108293207 0.175031311747
359 0.35579081008 0.475377444563 0.112854985589 0.175095464665
360 0.351823464433 0.470202443534 0.112872442767 0.175104294122
361 0.350399147981 0.475515618724 0.112733983033 0.174925572213
362 0.353525590244 0.476285098678 0.112654886146 0.175310929839
363 0.355117141561 0.469658025598 0.112662064097 0.175397683351
364 0.359219705367 0.468334010432 0.11228475552 0.17552582859
365 0.36874230283 0.467075101028 0.112372156013 0.174959683991
366 0.370175007887 0.466797643769 0.112580546905 0.175338856974
367 0.36564446347 0.458938722472 0.112663598723 0.175402233434
368 0.375763088379 0.460306374012 0.112442582796 0.175135462441
369 0.380696039977 0.459485384304 0.112280542871 0.1753478406
370 0.391251920458 0.454908333953 0.111958159332 0.175410001823
371 0.399394105738 0.454161633202 0.111937263996 0.175139291747
372 0.404208326389 0.450547250791 0.112257225407 0.174428285386
373 0.402275552665 0.444731342363 0.112571954257 0.174630085211
374 0.404710223284 0.441493143097 0.11239837809 0.174091935918
375 0.41306376648 0.444167955155 0.112225968819 0.17446155623
376 0.41638562169 0.438041082911 0.112139147348 0.174383252498
377 0.416232637534 0.424908096244 0.112519308283 0.175187018335
378 0.412414600389 0.428799021062 0.112192305575 0.175235987538
379 0.412854859755 0.429502350975 0.112880551594 0.175140184689
380 0.411943481722 0.422492527064 0.112972129384 0.174403258239
381 0.41197940126 0.425835450252 0.113060855207 0.175357868122
382 0.409776788381 0.421884258127 0.112310313684 0.174853864719
383 0.406534122352 0.428070540558 0.112052141342 0.175036556982
384 0.401394951885 0.426572014242 0.112253501969 0.175548299721
385 0.39748523241 0.42982845399 0.112510009195 0.174747106857
386 0.397637994451 0.429860196203 0.112180730998 0.174746565168
387 0.393484672138 0.432504963111 0.112878272002 0.174948317604
388 0.389506323547 0.432164479433 0.112369132797 0.175494351583
389 0.387977985315 0.431288831775 0.112669088955 0.175083510228
390 0.389710668413 0.437976935148 0.111772895236 0.175502289823
391 0.388325626575 0.445610364073 0.11165750787 0.17493736543
392 0.389072412632 0.441384058696 0.111711522173 0.174250387757
393 0.395902472971 0.438391532462 0.112227487436 0.174406941246
394 0.406258384301 0.430512317277 0.111265674854 0.17501197483
395 0.40520836931 0.420182151869 0.111944736506 0.17575861278
396 0.40587502745 0.421358560855 0.112113866739 0.175536092644
397 0.398713759379 0.420296756236 0.112936409125 0.175578170407
398 0.397548102715 0.421682465175 0.112547296261 0.176338498803
399 0.392129114586 0.425547512736 0.112913397898 0.176277910871
400 0.388299757549 0.429398947865 0.11314784744 0.175169283547
401 0.38922336317 0.428848419477 0.112685494571 0.176022573245
402 0.389185417215 0.427643995976 0.111697942601 0.174811890632
403 0.38554875076 0.438040469775 0.112045333467 0.173802959585
404 0.384064146216 0.44539613156 0.111911921938 0.174139520507
405 0.374673843392 0.449423948024 0.11214594646 0.175570112146
406 0.373705896723 0.453155685213 0.112434872885 0.176004579428
407 0.377175448399 0.445069382258 0.112557151013 0.175560750986
408 0.376697010552 0.456916975454 0.112117289962 0.174139182501
409 0.380127473798 0.462177204393 0.112474268067 0.174642840904
410 0.376762479832 0.458756027305 0.111469375498 0.174347913251
411 0.380275502356 0.46292673366 0.111798810908 0.174598326449
412 0.380856848364 0.466554026166 0.111889835763 0.174384156274
413 0.380847238442 0.45932044277 0.112408022673 0.174289831334
414 0.379804271938 0.462061827462 0.111809144031 0.173871672297
415 0.37669554811 0.463774443537 0.112504264132 0.174160274021
416 0.379051595288 0.460253781999 0.112110972278 0.174802371734
417 0.383979886784 0.460277611725 0.112238473112 0.174333484007
418 0.381082414799 0.453728536568 0.111553666034 0.174654317823
419 0.384118807556 0.458939356285 0.112192247645 0.174864823739
420 0.383554920841 0.463310961399 0.112963655225 0.174414002998
421 0.384398129315 0.454953369353 0.111864489872 0.175696928367
422 0.384324802913 0.456189243926 0.113229871789 0.175117741805
423 0.386512120178 0.454251562633 0.113202127257 0.175436587618
424 0.388026794361 0.454584546869 0.112466444738 0.175645293112
425 0.384512174752 0.453404463959 0.112962896971 0.175367235443
426 0.384815483742 0.454715931681 0.112362006425 0.175529680699
427 0.383638148418 0.44346966197 0.112319936044 0.17492095187
428 0.38042296458 0.451580841726 0.112627137725 0.174695121893
429 0.381364151233 0.451247081582 0.112582008051 0.175215979023
430 0.379838953714 0.448126016821 0.112247237689 0.175000334242
431 0.37585032538 0.452970119575 0.112382327673 0.175795318371
432 0.381632340096 0.457694932989 0.112228057917 0.17585433163
433 0.380755449678 0.455257740801 0.11268265954 0.174895260435
434 0.380353606418 0.454188243245 0.113229499462 0.174585156694
435 0.381454642101 0.451802720888 0.112867899161 0.175483103954
436 0.379162473869 0.456799148629 0.11294460352 0.173609110738
437 0.379847037151 0.456854181725 0.113340734676 0.175605956372
438 0.380069120538 0.4559550224 0.11218270639 0.175368870554
439 0.380388374392 0.454639574586 0.112169636882 0.174686922735
440 0.384028016004 0.46346095474 0.112950810588 0.175283368993
441 0.380428566511 0.455633088002 0.113191609005 0.173597565752
442 0.381193841139 0.449991804999 0.112625770201 0.175819245169
443 0.385443286912 0.445080688734 0.112149792072 0.175631536493
444 0.386390867048 0.455540916571 0.112523376801 0.175669261383
445 0.38718046588 0.456545407171 0.112427220473 0.174281543081
446 0.383230051282 0.457032124434 0.112589263981 0.175608870728
447 0.386595649241 0.457701872939 0.112583799463 0.175458032011
448 0.388529080815 0.452678693355 0.111966477307 0.174603865333
449 0.38842383555 0.45018382474 0.11220522331 0.173776145613
450 0.396583826297 0.45041474705 0.112041659649 0.173876307438
451 0.392571879905 0.447409080113 0.112583396386 0.173319020774
452 0.393387965287 0.444551655396 0.11234690066 0.173268757311
453 0.386550415396 0.443568065396 0.113009543757 0.17282848944
454 0.386833766219 0.434375673743 0.113274527854 0.174584239303
455 0.390588321403 0.437667578307 0.112340344515 0.174875899629
456 0.383880914866 0.431745234298 0.112205230337 0.174650995357
457 0.385815802673 0.421593430941 0.11204943875 0.17513962076
458 0.383794008275 0.425919470987 0.111631025479 0.174502381048
459 0.382640057429 0.427766196395 0.112959088851 0.173891505605
460 0.379072778108 0.433422692496 0.112734778882 0.172389588834
461 0.378866945337 0.414014084095 0.113614567777 0.173977578528
462 0.380325474055 0.412930237531 0.112239892013 0.175545872496
463 0.380381848439 0.414274999655 0.112396318369 0.175510825517
464 0.381003709389 0.411891401033 0.112616784064 0.174734606176
465 0.38009791433 0.412082774982 0.112700903782 0.172260244831
466 0.390829585145 0.414492112241 0.111534904428 0.173555485526
467 0.382965391628 0.400848970834 0.111734398587 0.173913931063
468 0.385784006114 0.409325053033 0.111985169711 0.174749811889
469 0.382842407476 0.402148742911 0.111676431722 0.175639371476
470 0.38339917198 0.399977221155 0.112374563804 0.174254872665
471 0.379731021113 0.383073266093 0.112681510116 0.17391720192
472 0.384662440538 0.389283309303 0.112311041127 0.173849711131
473 0.38388101685 0.401815922649 0.112188309211 0.17347420609
474 0.384474868024 0.401217043815 0.113060094162 0.17477539133
475 0.38250596559 0.404389039583 0.112975734388 0.175093247981
476 0.381761613305 0.409426558559 0.112875226353 0.175070698763
477 0.377785918602 0.398224543405 0.113089019717 0.174734692384
478 0.384662091961 0.397147214477 0.113344167125 0.175099265962
479 0.37748524481 0.405401089407 0.113445651819 0.174969155682
480 0.375948132119 0.410925487677 0.112850594534 0.174102211104
481 0.375461586789 0.394539935423 0.112516008549 0.173912549934
482 0.38375961257 0.396910822802 0.111114409716 0.174383094622
483 0.378615000104 0.407872576644 0.111337117524 0.174124899381
484 0.379041155944 0.408668524507 0.111813304968 0.173942060851
485 0.376896085677 0.405645270587 0.111866499468 0.17350514013
486 0.378444907803 0.406619907536 0.111927398981 0.173666810134
487 0.377344054089 0.411286276704 0.112250634757 0.174082201272
488 0.375645355967 0.40753475153 0.112577020876 0.174403432568
489 0.374421640004 0.40013587988 0.112595333915 0.174985280383
490 0.372050356027 0.406585881837 0.112539838125 0.175492455172
491 0.369295455153 0.397336303583 0.113699270215 0.175407171617
492 0.368815343564 0.409989856513 0.112860233697 0.174982477603
493 0.36419766223 0.40806225511 0.112996988487 0.174565110643
494 0.364977701972 0.413138205854 0.112840654625 0.174086704464
495 0.368475429011 0.393835664914 0.112175077584 0.175693951619
496 0.366760996238 0.406087236653 0.112690409439 0.175228023055
497 0.369073709342 0.409988974565 0.112255352699 0.175268972871
498 0.370084859205 0.399474817502 0.111756828296 0.176439073373
499 0.369049370077 0.412582275712 0.112507108156 0.175896851219
500 0.369534111503 0.416231954146 0.111830914814 0.175614212866
501 0.367365817117 0.410265188653 0.112095307184 0.174842815609
502 0.368681773189 0.411229193186 0.112414357207 0.174509945942
503 0.368433394933 0.411302171161 0.112257280822 0.175134919281
504 0.36819597932 0.412827905448 0.112304088334 0.174252722568
505 0.369794813682 0.409478836436 0.113046357459 0.176241044923
506 0.368389395707 0.404981512475 0.113107212042 0.175381241313
507 0.370850600153 0.410353028032 0.112928235734 0.175453852289
508 0.371897582517 0.403904670269 0.112523914669 0.175272903611
509 0.374304430675 0.400381207435 0.11219687864 0.174224249936
510 0.375933595607 0.402632392627 0.112451784792 0.173792085267
511 0.379350586292 0.39331988886 0.112348571432 0.174283119033
512 0.379705630748 0.384165115065 0.112384729659 0.174507803884
513 0.381621883504 0.381032642372 0.112382737023 0.174247795088
514 0.384203168258 0.37866950326 0.112208555414 0.174334289008
515 0.386340068142 0.386172426052 0.112066973143 0.173492379432
516 0.386059721516 0.378842982637 0.11209617163 0.174042706579
517 0.385242757635 0.381693435563 0.112163521647 0.174404298333
518 0.389899024002 0.380495695858 0.112567090228 0.17436074341
519 0.393151452352 0.387157078918 0.112875911625 0.174524167989
520 0.392348518981 0.380256885263 0.112643535979 0.175559057162
521 0.401549553197 0.39016534834 0.112851694529 0.172552684844
522 0.403511484138 0.393611959159 0.11231154181 0.175129750426
523 0.413009031171 0.388176018262 0.11171284778 0.175597739799
524 0.416995501177 0.386042880131 0.112487267647 0.174992892487
525 0.421466842558 0.382419810156 0.112283146459 0.174553414012
526 0.425757720853 0.380852915225 0.11237554475 0.174593904432
527 0.431045891258 0.383716968449 0.11252882323 0.175555772185
528 0.432902059014 0.387641258418 0.111961923397 0.175693862826
529 0.43360804893 0.388862300416 0.112453706844 0.175320048632
530 0.438886671578 0.387418670186 0.112081700575 0.174579221939
531 0.440795919984 0.394077828605 0.112970652905 0.173466748745
532 0.439605228752 0.387254307065 0.112774769295 0.175173787884
533 0.435321518404 0.394197462679 0.113144297652 0.174703558606
534 0.431139024735 0.389628236621 0.11387498405 0.174569604281
535 0.427878178748 0.394130499927 0.113729123463 0.174604214968
536 0.430092264488 0.39277964523 0.113450055965 0.174552672535
537 0.431222619651 0.385544194762 0.112580526921 0.175080428639
538 0.428569793358 0.386960783357 0.112969923479 0.174778560473
539 0.428942133862 0.3960808064 0.111997716792 0.175386567263
540 0.429670528506 0.390857780735 0.1116444547 0.175348682811
541 0.425438836445 0.376961652339 0.112514017184 0.175280832139
542 0.424321558406 0.385813076223 0.112109021762 0.175721161361
543 0.42558787809 0.394056951875 0.112534810494 0.175233185695
544 0.426111661785 0.386294632281 0.112497888071 0.175724769559
545 0.421567459455 0.383964621358 0.112724253699 0.175826119192
546 0.420289991915 0.377114865059 0.111989153529 0.176011401448
547 0.419595065263 0.377083616737 0.112046144949 0.175923672756
548 0.423453210016 0.386124582594 0.111670478762 0.17512595114
549 0.422704967174 0.376976897747 0.112403372767 0.174092159587
550 0.422742635685 0.371596330695 0.112702729981 0.174516382629
551 0.42204279532 0.375493398314 0.113087430347 0.174520439739
552 0.425076928348 0.365914971543 0.112121400778 0.174931365104
553 0.421177315546 0.363917729906 0.112007783838 0.175415207947
554 0.418784666198 0.369444555383 0.112269221401 0.175238012099
555 0.419879230858 0.371665518117 0.112367038958 0.175179625967
556 0.414650623789 0.361114708045 0.112297898546 0.175234481532
557 0.409076663569 0.355789951642 0.112639797827 0.175355281915
558 0.406948232254 0.353046572763 0.113128021916 0.174466692388
559 0.400849312967 0.344028206583 0.113311520389 0.174083958799
560 0.392934168281 0.345611737796 0.112498341398 0.174698991259
561 0.390361961256 0.351334055691 0.11254275629 0.174983356255
562 0.38452629891 0.352631241527 0.11305489493 0.174526666812
563 0.385851021961 0.360467595993 0.112307123482 0.172942770979
564 0.383999778068 0.35850314459 0.112922898902 0.172488683447
565 0.387466736422 0.369122683936 0.11229240613 0.173122954508
566 0.382364943937 0.379311278249 0.112614955702 0.174608566978
567 0.372708475544 0.381466284756 0.112947880655 0.174232312556
568 0.373620202429 0.387354923148 0.113427852091 0.174712411608
569 0.380761589782 0.39546605622 0.112511081633 0.175700177066
570 0.378710580991 0.400488464321 0.112638483454 0.176189628284
571 0.376647337761 0.407415205496 0.112664339208 0.175738634994
572 0.377540309487 0.410269394157 0.112475223327 0.175685961923
573 0.372670076748 0.413499038526 0.112821444102 0.174198123714
574 0.366231282295 0.422613832535 0.112639361009 0.175647815166
575 0.361200204149 0.424026306233 0.112413657821 0.175649953164
576 0.354930132836 0.421620582749 0.112218445252 0.175394628064
577 0.34919591751 0.428196810381 0.112322789886 0.174855034961
578 0.346242308396 0.43059229346 0.112207898326 0.175426625409
579 0.344949455962 0.436556741516 0.112230086528 0.176192737241
580 0.343175976419 0.447510622897 0.112600995792 0.175814628768
581 0.343259575772 0.451280739321 0.112075853004 0.175187286381
582 0.3449506218 0.448966100615 0.1115187412 0.174862580575
583 0.343405958284 0.456877167405 0.112186139663 0.174797279442
584 0.335371080758 0.450887295039 0.11184510491 0.175172222495
585 0.336619704413 0.454238744132 0.112759621645 0.175116078994
586 0.335129798637 0.465420011343 0.112814906676 0.174364675191
587 0.338568814394 0.461570818732 0.112561873448 0.174690144457
588 0.331679798844 0.457733954397 0.112777267882 0.174796504198
589 0.337248085904 0.461428910156 0.113111879643 0.175256811659
590 0.338026644766 0.475934627287 0.113350141435 0.174590320118
591 0.330720251929 0.472911847227 0.113118356306 0.174489662659
592 0.338299771318 0.472631167229 0.112360877942 0.174659068559
593 0.341247009806 0.489190779686 0.112743613804 0.175101943484
594 0.337537261395 0.490451801258 0.112402433844 0.175077187871
595 0.337323737402 0.48413753564 0.112320010575 0.174948376752
596 0.331726713557 0.48527086962 0.112813416183 0.174773870195
597 0.335310512444 0.49569979489 0.112601884804 0.174384744593
598 0.334652259527 0.496725860862 0.112689920287 0.175108774687
599 0.331921557387 0.502101455838 0.112774327398 0.175259723671
600 0.330854914222 0.500125542716 0.112027109245 0.175247030557
601 0.330897000102 0.503964954531 0.112228349281 0.175330805637
602 0.333320146448 0.50804114983 0.112084778824 0.17523599223
603 0.330492868994 0.504841745732 0.111837260806 0.174623461664
604 0.328999073279 0.504392908719 0.112188922714 0.174516001774
605 0.331331226547 0.50093018789 0.112509569718 0.174790842954
606 0.330334084998 0.501764516244 0.112293506173 0.175008568838
607 0.329744546392 0.503152891491 0.112426876875 0.174841523682
608 0.33108944895 0.511248600584 0.112318758385 0.175144196287
609 0.330380170053 0.508959800775 0.112034487365 0.174565693463
610 0.336238290894 0.522761191807 0.111959571656 0.174788088161
611 0.332435038519 0.521799012562 0.112208509589 0.174608293532
612 0.335796936638 0.518105441611 0.112928739245 0.174569440068
613 0.328248532447 0.514730562401 0.112968340191 0.174460608682
614 0.331199038346 0.521077669104 0.113263463423 0.174628556694
615 0.333127620871 0.524728085485 0.112965060181 0.174209574162
616 0.333369243915 0.530587598335 0.112376739165 0.174919553132
617 0.330875802599 0.533007839119 0.112450500566 0.174947276777
618 0.331109434374 0.538191688516 0.112830445838 0.175323959389
619 0.332231449725 0.533291460019 0.112487689036 0.17517718542
620 0.332003906727 0.532198037806 0.112560499175 0.175279391824
621 0.330966807135 0.531762180857 0.112581484817 0.175760448734
622 0.333782448103 0.535954183584 0.112689270287 0.175717231178
623 0.328019802696 0.520406243579 0.112541750259 0.175190024273
624 0.334690750675 0.517126674065 0.112741433436 0.175041667158
625 0.33104603917 0.523048775616 0.112775779838 0.174945260694
626 0.330435006264 0.52843717893 0.113364913181 0.174858867876
627 0.334621261001 0.524290271263 0.112555780048 0.175218513587
628 0.33224349301 0.517711759786 0.112201668154 0.175178383978
629 0.331453393816 0.522354996714 0.112810227408 0.175732279825
630 0.336218945826 0.522799410366 0.1114642621 0.174870945059
631 0.337825446209 0.512327614971 0.111116696823 0.175030405723
632 0.335072943536 0.518920956803 0.111765768938 0.174513027761
633 0.334406072389 0.518187337222 0.11199454103 0.175239464236
634 0.335645353995 0.529711273383 0.112456900002 0.175305357735
635 0.33308106189 0.523779583568 0.112957414259 0.175029776609
636 0.332199711943 0.521144032592 0.112506139931 0.175080214142
637 0.330996432804 0.517719571928 0.112714585956 0.174812752298
638 0.330258197629 0.523289065236 0.112966313457 0.174442906427
639 0.333920857392 0.531517765386 0.112769285252 0.174152171371
640 0.334478200266 0.52340444048 0.113116994352 0.174481454135
641 0.331849074412 0.527000624526 0.112526981156 0.174901027892
642 0.332942529479 0.520395479256 0.113728145701 0.176557759796
643 0.328053280801 0.514114984458 0.112747050932 0.175841518742
644 0.333616936267 0.513292233095 0.110848160657 0.176774771255
645 0.330584444295 0.512550835878 0.112208998184 0.176426127533
646 0.333772080697 0.514936162016 0.11208554896 0.175289028629
647 0.33387930272 0.515289175872 0.112617819582 0.174690585752
648 0.332947269356 0.517772884154 0.112871167379 0.174515873555
649 0.331680314759 0.506296196281 0.113244114833 0.175032334373
650 0.334317089823 0.513316728366 0.112891029622 0.175438303206
651 0.333261607577 0.507317960934 0.112548164853 0.175587344666
652 0.334884864125 0.498653698442 0.111907436397 0.175922794521
653 0.333952025507 0.502593063894 0.112307424157 0.175493896206
654 0.33822616162 0.49494241134 0.111900233007 0.175517608339
655 0.331951006843 0.494010937835 0.112016177611 0.175353229519
656 0.330309009526 0.499584698475 0.112999584848 0.175706325232
657 0.328056389461 0.492102277138 0.112598348655 0.175828360788
658 0.331318931719 0.488880385798 0.111887006701 0.176144006166
659 0.326740013707 0.487649251112 0.112710584782 0.176320345758
660 0.324711447907 0.483669272873 0.112285124384 0.175539475269
661 0.325129345221 0.466850375797 0.11245607773 0.174916209388
662 0.328099802273 0.462417573926 0.112310326637 0.174876945183
663 0.324823389063 0.455146141985 0.11254982806 0.174833182124
664 0.325863025598 0.45417944212 0.112497921562 0.173778758702
665 0.326478460256 0.449564604707 0.112921394856 0.174786972535
666 0.321511040004 0.440593872465 0.112723707292 0.174327108344
667 0.3239264035 0.439559765664 0.112168979842 0.174577170594
668 0.321997622133 0.433455149123 0.112115247891 0.17531432611
669 0.326472935573 0.43502578942 0.112296158281 0.175216136601
670 0.32198736809 0.427345839399 0.111825983433 0.175569722552
671 0.315323969422 0.425439379248 0.111972027609 0.174650803898
672 0.319866110536 0.416848743489 0.112339093733 0.17426676894
673 0.316040715292 0.417209329237 0.112330510851 0.175034508012
674 0.319644847701 0.404301890596 0.112475285287 0.175227027474
675 0.317042173397 0.403756635966 0.111982802385 0.175406154313
676 0.31682016161 0.414238517359 0.113022173611 0.174369878454
677 0.321124066386 0.402548378907 0.11280498217 0.174998808982
678 0.322666489498 0.398636143672 0.11237693928 0.175450581054
679 0.332860588783 0.398704544175 0.112598922593 0.175750140524
680 0.335203396964 0.39259288259 0.112727164555 0.175596067483
681 0.342079156133 0.381077845616 0.112607230228 0.173882911798
682 0.345688120949 0.375175769578 0.112343214075 0.17205729727
683 0.349028918853 0.376213661716 0.11263771386 0.171386574201
684 0.342679557803 0.364741654856 0.112647251315 0.17447430874
685 0.345093424975 0.368235570698 0.112612145816 0.176201543848
686 0.343904528365 0.366984688073 0.112422146586 0.176405634779
687 0.348835392572 0.356123874005 0.112267019728 0.175989526441
688 0.351542607252 0.354008442768 0.111887617753 0.176299898538
689 0.346793391814 0.364141761697 0.11187369585 0.175365866153
690 0.34558029373 0.36977210031 0.111885282658 0.174233863457
691 0.346163893928 0.346040613941 0.112132220071 0.175108505652
692 0.344703535299 0.354346671747 0.112885331187 0.175476172624
693 0.346434011881 0.357306170695 0.112648675183 0.174915249448
694 0.349688604479 0.353657909459 0.112761688809 0.174494038244
695 0.350934399932 0.340575124303 0.112783844872 0.175009442352
696 0.353568004536 0.336482310565 0.112556659979 0.175094684296
697 0.355836711986 0.324417833425 0.112458123082 0.174217690669
698 0.361812322902 0.332318030494 0.111625319838 0.174743798325
699 0.360507569583 0.331909009221 0.111991573337 0.174720780477
700 0.357299401371 0.327848676249 0.112556560162 0.175429135765
701 0.35891335029 0.330104379275 0.112338547219 0.175334405281
702 0.35708719909 0.318766282255 0.112273653324 0.175016283928
703 0.363006923875 0.324217809382 0.111638961915 0.175425496548
704 0.359909700601 0.310608886319 0.111677267957 0.174648197812
705 0.366186879718 0.31402812691 0.112108529238 0.174687368334
706 0.366617802915 0.315900196999 0.112232064226 0.174501723103
707 0.363544294036 0.319308795064 0.112294322888 0.174636066218
708 0.367995390661 0.312503244727 0.112762166965 0.174909302781
709 0.366124039362 0.30186397375 0.112564693064 0.175917735539
710 0.37266518255 0.297246073931 0.112416311665 0.175881394195
711 0.371120723557 0.304995363392 0.111778046144 0.175991038881
712 0.372870728459 0.301464344357 0.111515806882 0.176231711132
713 0.373663617134 0.298011559233 0.11249261049 0.175226485981
714 0.373362887221 0.279000171939 0.1122752052 0.175823608352
715 0.375582931367 0.28405918011 0.111885019133 0.175561735721
