./../data/Vid_F_person_fully_occluded.avi.avi
0 0.316017 0.176923 0.122655 0.634615
1 0.317004009021 0.180930554043 0.122468508687 0.634520065225
2 0.312632985922 0.184466241128 0.12164044662 0.634087348178
3 0.31656201001 0.182103741099 0.121407043405 0.633365627408
4 0.320619386644 0.171117183697 0.12233971947 0.632962283711
5 0.332023704327 0.163405080324 0.12131258747 0.632345117324
6 0.324320980932 0.169318400527 0.119308330892 0.631722817045
7 0.327839265516 0.174411092685 0.120814605761 0.632885981538
8 0.327704758357 0.185394375969 0.120483829745 0.63239225217
9 0.325825269287 0.169165409658 0.120351546328 0.635140451977
10 0.326185086671 0.174029316151 0.119386506729 0.634993455869
11 0.328754946024 0.181963386232 0.118822005569 0.6334659909
12 0.329530060295 0.174637550851 0.118572268951 0.631620133906
13 0.328948422498 0.17269542423 0.119534105199 0.62849615849
14 0.329114720986 0.177865823959 0.118189513853 0.626706740648
15 0.327174003635 0.182685949519 0.120257642573 0.62955246231
16 0.327988500814 0.180026476986 0.119002126843 0.631693939803
17 0.328091252419 0.17735170685 0.11916215848 0.632700680546
18 0.328422218779 0.1736497113 0.119011827262 0.632044391088
19 0.327481770713 0.16179527999 0.118709642427 0.63203791422
20 0.328441261173 0.185080766351 0.118316087569 0.629824310373
21 0.325318315898 0.178858475718 0.118126069905 0.629510349918
22 0.327142328494 0.174958606574 0.118436964164 0.628916372972
23 0.326816630725 0.179066147388 0.118700094904 0.628363468502
24 0.325894835441 0.180475700186 0.11817801645 0.628113853259
25 0.324424483383 0.183635969272 0.118499030837 0.629768009607
26 0.326642055086 0.179221619323 0.118424803608 0.631518221515
27 0.324734268766 0.181940841851 0.119329902333 0.632591642944
28 0.326126692178 0.18734261624 0.119166215238 0.630373128387
29 0.324256099912 0.185222015293 0.119383892769 0.629987416412
30 0.321947124652 0.180357406734 0.118255920344 0.629604106828
31 0.322476717794 0.194669008595 0.119432519209 0.631445950831
32 0.323667678983 0.196089578021 0.118547177742 0.631159702759
33 0.322838493181 0.191333248848 0.119190495124 0.631726265287
34 0.324647419441 0.190415566152 0.119770781308 0.631165487981
35 0.32135336344 0.190536462172 0.118736754375 0.631485353461
36 0.324237198686 0.188027083952 0.118498521126 0.629707194029
37 0.326895531832 0.186659823396 0.117772032954 0.630690094581
38 0.329380134457 0.188877834634 0.118460421308 0.629554416617
39 0.329107571191 0.180468136896 0.117759309214 0.633601739508
40 0.328197093037 0.1961144278 0.117335358459 0.632875519731
41 0.329827602332 0.201012111365 0.117246964435 0.633316133679
42 0.328848621348 0.211481115906 0.118093252837 0.630588018666
43 0.329246429824 0.197819448028 0.117732856993 0.628059315244
44 0.333493717724 0.200030983343 0.117356905869 0.627526902557
45 0.331429660872 0.192916472125 0.117744991487 0.627215722783
46 0.333956230305 0.1907109929 0.118098543934 0.628469683464
47 0.335639955912 0.199789230589 0.118391081558 0.628573576595
48 0.33761293225 0.199148088544 0.11835699215 0.62869281804
49 0.339098361619 0.191820562966 0.118624158588 0.631126629484
50 0.339559671725 0.204904609742 0.118568860052 0.628497110542
51 0.340580352874 0.207603353408 0.11799918038 0.627774296341
52 0.336571825262 0.205422532797 0.118340999642 0.626798719362
53 0.335775269054 0.203522491456 0.118446544006 0.629109572742
54 0.337293132825 0.196919221488 0.118752247064 0.630007287573
55 0.344138692949 0.206447555797 0.118449498137 0.629396408808
56 0.34917380528 0.196556926106 0.118762967148 0.631032023081
57 0.348585766248 0.180053475468 0.119111258444 0.632230973374
58 0.350661076111 0.176448596175 0.118892331084 0.632664093245
59 0.349927928995 0.181301164902 0.118838503171 0.632691742564
60 0.351789662131 0.186956449522 0.118568967089 0.631476801416
61 0.344550459244 0.186317571689 0.118719561856 0.633518374881
62 0.33944595875 0.186623561238 0.118834789484 0.633368448523
63 0.340729974046 0.176447109439 0.118889459517 0.631837395916
64 0.339601755066 0.193543834878 0.118330891461 0.632991578945
65 0.342219605546 0.182487009889 0.11859908476 0.635522689984
66 0.339300319608 0.170654232149 0.118718321313 0.636797003267
67 0.348530609653 0.167409606538 0.119238616246 0.636052094569
68 0.361452363308 0.162914595956 0.119078921632 0.636885883143
69 0.374787657666 0.158021772393 0.118724436854 0.635631975568
70 0.360371191946 0.159677162705 0.118647506897 0.634117749759
71 0.363770290182 0.156777945506 0.117794098745 0.622040936508
72 0.367049018875 0.155992125318 0.118316402381 0.620063388273
73 0.365423216005 0.15838950451 0.118421919839 0.618726835266
74 0.366129741377 0.169112517202 0.118550303495 0.617510469268
75 0.361418899943 0.163580911387 0.118472059799 0.616891571401
76 0.356314558208 0.166667302065 0.118852988838 0.616329681406
77 0.353388875003 0.163458788405 0.118567499684 0.617080144368
78 0.353141353741 0.170253861555 0.118691786827 0.615172758723
79 0.354431158478 0.15508529083 0.118671176486 0.614163522501
80 0.358739612023 0.159589409255 0.11851471389 0.614723466593
81 0.339592857202 0.168524515397 0.118755530167 0.613609531
82 0.327156144732 0.178365864304 0.118777209377 0.614135570776
83 0.319082915955 0.163254156003 0.118755012205 0.615369054764
84 0.324617569911 0.165663329721 0.118812392098 0.615149423857
85 0.335150709605 0.194332979342 0.118732386628 0.614717341745
86 0.353097614936 0.187737696417 0.118332889494 0.615975576628
87 0.358635038949 0.186951018355 0.119123079166 0.616159561702
88 0.376717332199 0.176764348817 0.118799813962 0.614955633681
89 0.404629153276 0.169367937892 0.118726325847 0.613760610828
90 0.395122184029 0.177129524838 0.119077762848 0.614099740976
91 0.393020511165 0.170383313492 0.118896836707 0.609900762427
92 0.376782133041 0.182318723083 0.118145275683 0.611905482773
93 0.356006457099 0.16801005765 0.118658961826 0.611006232649
94 0.348765923122 0.183990029591 0.118696384686 0.611239533238
95 0.345435263955 0.189634438332 0.11889211797 0.61238937379
96 0.334463811245 0.21141125142 0.118738948056 0.612161800999
97 0.326518913177 0.194260754222 0.11900584323 0.61213627147
98 0.328478575136 0.199229530528 0.118984197739 0.612559177628
99 0.319047832186 0.20000500396 0.118779103802 0.61233525885
100 0.314324924821 0.191614681538 0.118689170015 0.612489628157
101 0.31458208565 0.189616817881 0.118937190135 0.615790127675
102 0.329376082909 0.195139898212 0.118501501671 0.615442114263
103 0.346239895472 0.193302747593 0.118705852234 0.612653267461
104 0.364482474294 0.17052529201 0.119202774444 0.604923030049
105 0.378688604707 0.158241709046 0.119095812802 0.602840131664
106 0.378961958728 0.177684109981 0.118934615435 0.601999259886
107 0.382559681132 0.191238777226 0.118712338982 0.600590799794
108 0.382550125043 0.197371459983 0.118653557086 0.59982278974
109 0.379866116584 0.185979897586 0.118921035766 0.600412650167
110 0.382192182428 0.179059011259 0.118790713993 0.600705659883
111 0.379101994694 0.195805644504 0.118785701593 0.600974990008
112 0.384739069128 0.212359886576 0.118664352232 0.601899364658
113 0.384476698362 0.215478361962 0.118916872007 0.601369156016
114 0.372000452763 0.198559212204 0.118832773914 0.601587032421
115 0.372950955218 0.196300831925 0.118561963091 0.604052223919
116 0.370819174018 0.191350039171 0.118675020892 0.603068010443
117 0.382281920449 0.197435797111 0.118428759715 0.603154642974
118 0.397311929154 0.1861279905 0.118453495709 0.601908531822
119 0.395964775374 0.180080188032 0.118720525089 0.60054208546
120 0.402458763168 0.186802756893 0.118476566055 0.599653141811
121 0.406418405285 0.188115738355 0.118585076005 0.599130352921
122 0.406031738707 0.196774608026 0.118805134545 0.597914588299
123 0.410173480592 0.204708352115 0.118616782326 0.596423004321
124 0.408909855393 0.209846267662 0.118316931331 0.59571937436
125 0.405144086496 0.217337050447 0.11870354091 0.592889193861
126 0.402986079642 0.231776009587 0.118759736309 0.59273456479
127 0.395341300295 0.227328912064 0.118904518095 0.594841554228
128 0.393981618227 0.235806828051 0.118730626995 0.593946096
129 0.389452017034 0.227039618366 0.118772857285 0.59356752906
130 0.379000858496 0.236381180524 0.119552480912 0.595425516248
131 0.369021831747 0.240431272053 0.119011041355 0.596475604756
132 0.356689304775 0.254156151142 0.118907503679 0.596679218477
133 0.349595932527 0.259186759192 0.118650458409 0.59791665806
134 0.340634229752 0.257606178699 0.118873629994 0.601164338442
135 0.357112876603 0.264545172449 0.118754401072 0.600826103206
136 0.37456603034 0.260110703222 0.119012904102 0.601524290892
137 0.375529156532 0.240446964794 0.118965024849 0.601650933228
138 0.368315930232 0.24903832031 0.119242569291 0.600743553381
139 0.35094779842 0.261675006131 0.119065820242 0.598939698909
140 0.345482537119 0.263240009536 0.1192128764 0.599816332367
141 0.344021931178 0.260345252353 0.118464933018 0.605060091422
142 0.355239123764 0.258918870593 0.118654770976 0.605268775677
143 0.375287856304 0.2522373299 0.118836040137 0.612179536295
144 0.391472118122 0.245747255953 0.118891696405 0.615373076071
145 0.459507202272 0.213624821014 0.118974142744 0.615544795065
146 0.491364458482 0.208079901863 0.118890128128 0.616006502998
147 0.475540373236 0.191064292336 0.118208410841 0.615584350392
148 0.466170653705 0.0903253675425 0.11861043998 0.615271837693
149 0.437873019807 0.0249012918624 0.118894220511 0.615666376102
150 0.406606860295 0.0428827263751 0.11889144122 0.615666036371
151 0.373875598301 0.00439552160688 0.118796926621 0.616546800071
152 0.343063904402 0.00608953223421 0.118619967609 0.616501216938
153 0.309075166055 0.00459511095729 0.118693585332 0.616517654867
154 0.280075536863 0.00987801919379 0.118608080161 0.616325268391
155 0.247818540486 0.0199767509957 0.118711354816 0.616586468793
156 0.21822552762 0.0311031199319 0.118612020265 0.616705293654
157 0.188217149826 0.0368322434652 0.118680110363 0.616062519151
158 0.160156507929 0.0424875752387 0.118765050522 0.616478285841
159 0.126716569755 0.0273416032981 0.118626309428 0.616901853903
160 0.0950495470344 0.0323804789123 0.118516575177 0.616683958941
161 0.0650990760304 0.0285561309796 0.118446028549 0.61638241786
162 0.0338350205464 0.02638879579 0.118595004642 0.616942188619
163 0.000438690826673 0.0051927011034 0.118756980356 0.616108926867
164 2.7904867975e-05 0.00937006839213 0.11780502521 0.616822767953
165 0.000135074282278 0.207857478844 0.118228827943 0.619645356513
166 0.000488974375533 0.411196370255 0.118479965185 0.621418363414
167 0.00169246651704 0.500484685212 0.118522575072 0.621675130279
168 0.00273087661045 0.498879987501 0.118576050591 0.622290940862
169 0.00345970173537 0.516645570348 0.118632088872 0.622969875149
170 0.00279142348906 0.501805686629 0.11872339884 0.623777843414
171 0.00812166358992 0.417044648811 0.118537052975 0.624057150724
172 0.0046974964228 0.386082348273 0.118607466883 0.624607195275
173 0.00271607786771 0.27746804454 0.118702531275 0.624033365944
174 0.00141291011604 0.19677934241 0.11874300305 0.623680293991
175 0.00338764479962 0.179825180295 0.118573852226 0.623081620359
176 0.0523595822412 0.172891938396 0.118474619737 0.61985498521
177 0.259580925305 0.109504414663 0.119342530105 0.607083891371
178 0.363277816298 0.147873428941 0.118747341528 0.607006650337
179 0.373864426152 0.203745668832 0.118746591694 0.607006525157
180 0.383162782286 0.21717587164 0.119261770697 0.607644960055
181 0.391262429069 0.187434339344 0.118574099079 0.609006791982
182 0.384276658967 0.200678887267 0.11852931122 0.608155607281
183 0.395700818943 0.192949599134 0.118469842153 0.608456691548
184 0.400814421724 0.200184809834 0.118504368766 0.606226188799
185 0.391779007414 0.216628885002 0.118583552397 0.605457224584
186 0.388164783518 0.21928389397 0.118524159859 0.605399400439
187 0.384921306236 0.227876028488 0.118489535483 0.60454631144
188 0.377204835181 0.234400762917 0.118693060205 0.603343455806
189 0.367198862923 0.249278670934 0.118490935537 0.603953669718
190 0.36127542065 0.219766806105 0.118692146554 0.603968856961
191 0.357354357718 0.237971644621 0.118798695365 0.605809791157
192 0.348848827327 0.229301909311 0.119097946404 0.605891848086
193 0.339461716369 0.228131585937 0.118908826814 0.607551461446
194 0.341519373107 0.220263016047 0.118937993361 0.607006011486
195 0.343241667815 0.22964226796 0.118974783496 0.607018832385
196 0.339820685831 0.223592485652 0.118830273762 0.609945778281
197 0.346492472796 0.246865726104 0.118772917327 0.608603302509
198 0.371196716037 0.253261795081 0.119062039874 0.606478429401
199 0.382525976391 0.246331139772 0.118303491839 0.607343406594
200 0.380373728774 0.243468386438 0.117965052447 0.605325045153
201 0.390666158666 0.256882678249 0.118483055535 0.604039870545
202 0.401065089118 0.258238635599 0.118699039238 0.602806005888
203 0.39275901389 0.253517249147 0.11866053528 0.603635514439
204 0.391646329217 0.24358850503 0.118574956136 0.603855219313
205 0.403567747213 0.256288505819 0.118356398339 0.604056930942
206 0.396460676593 0.241960527542 0.118762428361 0.603634963584
207 0.394130319343 0.247936533014 0.118690041816 0.602411977192
208 0.396662315277 0.255039417753 0.11881530126 0.60242837337
209 0.405406444215 0.246667725297 0.118713582928 0.600925221907
210 0.400785738065 0.237503972603 0.118741957486 0.601923457058
211 0.398354529548 0.230165918629 0.118527795718 0.603744609243
212 0.401410340816 0.235371488577 0.118794232917 0.602648554281
213 0.40161952057 0.237765064547 0.118848243621 0.600204516137
214 0.411363456423 0.247625088386 0.118591738575 0.59625407997
215 0.419034510973 0.245853452875 0.118647721643 0.592527613058
216 0.414919887885 0.245706932629 0.118455063834 0.590862721397
217 0.418270587681 0.234843288392 0.118761891454 0.591326937215
218 0.415668547788 0.245632964147 0.118566654552 0.591939518653
219 0.415607091265 0.256450229458 0.118896562579 0.590831683507
220 0.414885870256 0.249929292903 0.118618910506 0.593115443934
221 0.410448857033 0.24425954591 0.118885626946 0.595989993836
222 0.416891325404 0.260106631611 0.118707575015 0.59191492287
223 0.429737250461 0.289850543197 0.118295340255 0.596388029456
224 0.459782100027 0.288979507256 0.11856517564 0.591794729412
225 0.439724931095 0.268736041207 0.118092616773 0.596014238511
226 0.420449815918 0.276768105597 0.118295866492 0.59495801155
227 0.383464835013 0.284282440658 0.118625168234 0.595956358483
228 0.392377074204 0.313262828241 0.118391232398 0.592802688087
229 0.379144251087 0.293117399847 0.118394556278 0.589608599797
230 0.364018290029 0.283866420499 0.118691188274 0.592142081455
231 0.375714426148 0.2881504475 0.118500962821 0.593947278611
232 0.425129891952 0.278538192337 0.118323726424 0.595867504462
233 0.431512353388 0.271154263034 0.118685079152 0.598304721832
234 0.429379746957 0.281949737236 0.119075701536 0.598381628064
235 0.424028550564 0.281404894779 0.119066301397 0.60087014633
236 0.424190273521 0.280733379836 0.119043714928 0.600883991163
237 0.445961634395 0.277695304975 0.118864396014 0.602741199266
238 0.449584869423 0.270202375196 0.118722188507 0.602841443593
239 0.45333122137 0.266854609148 0.11888352341 0.602580083208
240 0.479771348655 0.238862149068 0.118503367572 0.596457996401
241 0.478195541734 0.264786089159 0.118444667596 0.583371515584
242 0.471340666286 0.278418947209 0.118799085298 0.579298505327
243 0.471472527843 0.277673694439 0.118814358643 0.571434310175
244 0.454762659964 0.287853107048 0.118550844111 0.56733763018
245 0.431650389672 0.289229244318 0.11897156518 0.564199499984
246 0.428921391952 0.295341002629 0.118416807713 0.561901349165
247 0.420568847118 0.251939504885 0.118631491679 0.561385949344
248 0.402496412502 0.224107502742 0.118781996453 0.562129037202
249 0.37896841778 0.194264781401 0.118781938591 0.560515209782
250 0.339149638531 0.154617704324 0.118479810252 0.559867014732
251 0.294892862089 0.1144144032 0.118060796466 0.561664737806
252 0.253380287406 0.0944293379919 0.11807820447 0.560867241873
253 0.214846043007 0.0905002705724 0.11803335568 0.560166616569
254 0.179281797908 0.0851709094914 0.118365784159 0.559462820838
255 0.142620310306 0.0636008306618 0.118339600008 0.5588533479
256 0.107808000996 0.0663300401473 0.118506019568 0.559585093945
257 0.0738023559816 0.0879858415955 0.118191817542 0.56079500522
258 0.0376122310969 0.101880971085 0.118356071634 0.561251704756
259 0.00510292075904 0.12783846844 0.117872144217 0.561155900403
260 0.00206804713379 0.32911719628 0.118550802136 0.561118984836
261 0.00253954114946 0.466556263407 0.118448911782 0.561427732458
262 0.00496663786063 0.518424107845 0.119477155238 0.561010920741
263 0.0073323981509 0.618746482893 0.121111136737 0.559836042141
264 0.0871895318579 0.468789663778 0.121778585644 0.559366763962
265 0.0361284283897 0.76988872515 0.123429735887 0.559735798838
266 0.0975098479188 0.909648027857 0.12169632978 0.561469925291
267 0.347155318802 0.39994630995 0.11970859536 0.568327993817
268 0.439107495349 0.24960220748 0.119479762388 0.569593749392
269 0.455269824789 0.203922473536 0.119565284105 0.568124836559
270 0.466349000213 0.179261882352 0.119128416634 0.567587823284
271 0.46726141087 0.159526737749 0.119034151208 0.57148416705
272 0.476557579104 0.0678813601652 0.118436427498 0.572587662516
273 0.467098963274 0.0475413234173 0.117962461663 0.571382064335
274 0.462473970974 0.0501226263409 0.118310688499 0.569315157187
275 0.462237229499 0.0496140870771 0.118847233122 0.569898272133
276 0.452159975505 0.0666489327646 0.119171769623 0.569110490544
277 0.445051946161 0.0760320110933 0.119294187974 0.566491446317
278 0.441852736427 0.0941129014286 0.118800323665 0.560484264277
279 0.428394000977 0.0931272854218 0.119044051123 0.558421069682
280 0.419348995447 0.105059032004 0.119174287444 0.557861566783
281 0.417913469922 0.0912149080899 0.119165227198 0.558086897145
282 0.408029952906 0.108683817624 0.118930646268 0.557292714337
283 0.399846905255 0.147726875671 0.119014302174 0.557847492784
284 0.400431314595 0.149769734048 0.119046346301 0.559466775122
285 0.378918784158 0.143712481064 0.118669853136 0.559980948569
286 0.391372879049 0.1786648454 0.118491420466 0.556553952644
287 0.38339889776 0.187900579607 0.119123305447 0.556364772337
288 0.383308766648 0.200385367843 0.119267628055 0.554014139895
289 0.391722628116 0.209330012179 0.119329025531 0.553849542584
290 0.423125618882 0.249299883678 0.118861194215 0.553874011541
291 0.429804970401 0.281815175938 0.118585604676 0.554168235647
292 0.423225452989 0.241484426519 0.11868133903 0.555191822641
293 0.43017317657 0.272010195917 0.118551839102 0.555903878703
294 0.416993571404 0.244177424071 0.118741234814 0.556471804922
295 0.409393258037 0.211584587436 0.118790603215 0.556323221797
296 0.417859311925 0.180171565142 0.118718559537 0.556462348497
297 0.418776502682 0.169484936167 0.118805986998 0.556564012478
298 0.423404448156 0.185653426555 0.118952766171 0.556294710683
299 0.421552941431 0.179777442018 0.118631094144 0.556342650763
300 0.427079153793 0.174269172268 0.118640239244 0.556191472992
301 0.427238400792 0.200327456845 0.118779003231 0.557221377927
302 0.433525930955 0.19598396865 0.118828451757 0.556327188206
303 0.432507608795 0.184560874523 0.118578729206 0.555553575845
304 0.42912870614 0.182007631667 0.118760105025 0.555924444437
305 0.443333003657 0.199855097056 0.118694824639 0.556077014902
306 0.437908146385 0.201048295089 0.118849742957 0.554764285379
307 0.44155351156 0.197943363603 0.119123002735 0.556081562979
308 0.44820782936 0.226967042718 0.119038635873 0.556879652032
309 0.445070394984 0.237266354516 0.118882228592 0.557435840255
310 0.442801495453 0.225959881502 0.118897148008 0.557974571579
311 0.447712925002 0.198715601263 0.118878390402 0.557613399652
312 0.454975501835 0.166945903015 0.118782503482 0.557543237134
313 0.462117613811 0.172020607576 0.118696994691 0.558173834911
314 0.461614971814 0.181254111124 0.119032593021 0.557729608343
315 0.468848426564 0.207228841062 0.118959351815 0.556409573137
316 0.475864186478 0.227618577037 0.118812027774 0.555495446816
317 0.470364356168 0.217868790697 0.118097801453 0.553926813817
318 0.464154305307 0.211830366603 0.118680159488 0.551112004358
319 0.461848820146 0.210263653245 0.118382151403 0.550935196166
320 0.47263662269 0.217767942862 0.118365476892 0.550366851146
321 0.480914328498 0.23465810973 0.118771224454 0.550049650021
322 0.478124442907 0.252610924137 0.118821249903 0.550515518715
323 0.473392556858 0.270759532293 0.118536500643 0.549724144873
324 0.461856613167 0.26612771466 0.118371629971 0.548303114403
325 0.455529772368 0.263592373046 0.118254585713 0.547867748031
326 0.453385370437 0.254605717043 0.118591546561 0.54685735938
327 0.452763006606 0.23234620841 0.118806641607 0.54719540813
328 0.456396340231 0.251902761288 0.118802667461 0.547739701972
329 0.457924790316 0.231400911611 0.118686035452 0.547361619979
330 0.455408999404 0.217444980914 0.118625578309 0.546641734017
331 0.446449884334 0.18868922205 0.118342314159 0.549232934943
332 0.446322128715 0.159664254627 0.118489066773 0.549271372717
333 0.450848752666 0.151961107323 0.118352868744 0.548957118982
334 0.461462622452 0.155412825288 0.117916650899 0.544760051182
335 0.468309743733 0.210006991796 0.118656773785 0.53502796983
336 0.46546731375 0.23458589067 0.118551545752 0.529377300009
337 0.453694051413 0.247594684711 0.118791519475 0.525735209984
338 0.442886918368 0.244796653644 0.118743423503 0.523130044307
339 0.435241335545 0.237383263259 0.118901627057 0.520355642704
340 0.426166913711 0.230672232793 0.11877455872 0.520508556132
341 0.41915143027 0.22153643878 0.118768680328 0.518889015465
342 0.419256991574 0.22768465063 0.118740609152 0.517941554009
343 0.41994586563 0.219084212843 0.118539765104 0.5157267775
344 0.413142075475 0.234001116859 0.118696548648 0.517078216787
345 0.409768488518 0.242282822179 0.118881021668 0.516912496811
346 0.404171123006 0.250885887487 0.118785877167 0.516350907662
347 0.402440343452 0.255846171186 0.118580020273 0.512223241144
348 0.393431914926 0.291101509046 0.118775165289 0.508870631627
349 0.384380593491 0.25749941584 0.118724789684 0.507613678658
350 0.397994363857 0.262511980018 0.118708905724 0.506303875956
351 0.400824743785 0.247502276734 0.118671024021 0.505866161494
352 0.377087148166 0.271610933922 0.118498997822 0.502030485473
353 0.355779220761 0.287597066186 0.118047965148 0.503112782123
354 0.321007842999 0.331869173881 0.119606692915 0.507140873905
355 0.306832705229 0.380660298659 0.120245516644 0.502021703464
356 0.368103781408 0.407751745259 0.119920806286 0.503705718963
357 0.661177282553 0.387878122795 0.118413227678 0.508372881135
358 0.516979052516 0.36426386962 0.118278052764 0.505007559861
359 0.429217205612 0.277679561055 0.118722552922 0.5030737848
360 0.454398410408 0.24918431992 0.118852795753 0.502493015946
361 0.498183397959 0.224474707432 0.118784178989 0.502423005463
362 0.448207240448 0.200166925023 0.118828495329 0.50112910412
363 0.407850761012 0.184216975168 0.118662434251 0.500588543174
364 0.366643651684 0.153551589628 0.118630017155 0.50171853034
365 0.327797570397 0.130023790776 0.118675249486 0.502912353835
366 0.286816122422 0.0970707305587 0.118586314693 0.501297332235
367 0.222729145668 0.0863898680987 0.118690400939 0.500158625443
368 0.177281088744 0.0670011580513 0.118843178829 0.499761872379
369 0.0969888092337 0.0324102222542 0.118664334961 0.501176712874
370 0.0389200571553 0.0116323381525 0.118744871909 0.500102869906
371 0.0233893231685 0.00488703034642 0.118708537115 0.502111316438
372 0.0209657540767 0.00231659473995 0.118688704459 0.501570635912
373 0.00674683588884 0.00101462793212 0.118744660741 0.501881193794
374 0.00192919978447 0.000773360425628 0.118737381866 0.50390916564
375 0.000656139537399 0.00123989519651 0.118776819591 0.506970340453
376 0.000687726090004 0.00270760524553 0.118704578106 0.506581027834
377 6.19808889909e-05 0.0156609003526 0.11839056701 0.508382390906
378 0.000726580131867 0.0649100876766 0.118125876965 0.508710758704
379 0.000219061230911 0.0943742866288 0.118510755729 0.504565948863
380 0.000232880819665 0.141402497109 0.11830848146 0.502608176006
381 8.48871138298e-05 0.18204178546 0.11822137709 0.501497514986
382 0.0018678779347 0.212669282765 0.118554579909 0.503967658487
383 0.000333116026985 0.185361184584 0.11863260974 0.505083923451
384 0.000393278971261 0.0811990719494 0.118335231852 0.501359564773
385 0.000808961972418 0.0194354142627 0.118284111447 0.498610639514
386 0.000529537417845 0.00543747697244 0.118075696103 0.50635252829
387 0.000703477778801 0.00142275938881 0.117991744362 0.50891897452
388 0.000194856365643 0.000291347792199 0.118609261802 0.509740949266
389 0.00147252837443 0.000720233917895 0.118368663717 0.510167118742
390 0.000213628862624 0.000851816735396 0.118740551188 0.510695522279
391 0.000803586075135 0.00182834808835 0.119238585425 0.510921504274
392 0.00047229838664 0.00200552537418 0.118659710215 0.511387136472
393 0.000497349413668 0.0072524230221 0.118649224518 0.510972096661
394 0.00070411873584 0.0200760779063 0.11845291459 0.509990679384
395 0.000674723005401 0.025540126815 0.118565642837 0.510908478068
396 0.000258545678569 0.0276412857444 0.118728930342 0.50819358425
397 0.00109129380976 0.027233025667 0.118692398827 0.508435510641
398 0.00251237122554 0.0268280765113 0.118696500813 0.507248117562
399 0.0025487395768 0.0105589199259 0.118309671948 0.508781700374
400 0.00542071610839 0.0155117154686 0.118596685971 0.509701665053
401 0.00417373830043 0.0327351849399 0.118523497015 0.508497921657
402 0.00421353412258 0.0282564710719 0.118535730825 0.508317494841
403 0.000843974946497 0.0371953607046 0.118633445292 0.508027206712
404 0.000921575195601 0.0493660471289 0.118901136391 0.507978137279
405 0.00174458176174 0.0472243482906 0.11885148308 0.507915737186
406 0.00141337609155 0.039003303855 0.118950008168 0.508551992279
407 0.000541506382895 0.0322557316947 0.118802159489 0.508323732808
408 0.0006861178709 0.0282804911308 0.118596620796 0.508211018582
409 0.000722774212689 0.0385531051941 0.118737060648 0.508450353942
410 0.000626381734851 0.041711055943 0.118639144494 0.508050372131
411 0.000320489879635 0.0582945792108 0.11882682418 0.508293758589
412 0.0010203738889 0.0616463445198 0.118482447668 0.507868191862
413 0.00163797328107 0.0520655847015 0.118649252074 0.507167887538
414 0.0016420078027 0.0344253972791 0.119021731342 0.507969802265
415 0.000302575413279 0.0495330197927 0.119075259403 0.507963668732
416 0.000376220717228 0.0452918421157 0.118989108329 0.508326889011
417 0.000121673376172 0.0334971840639 0.118864436497 0.508170187553
418 0.000709563226788 0.0596699025939 0.118948740443 0.508093260879
419 9.8648001042e-05 0.0307891432436 0.118163699264 0.507974138857
420 0.000252622067439 0.048534736427 0.11846388321 0.508320649913
421 0.000134382306249 0.0702138611799 0.118197347032 0.506433648373
422 0.000208969002021 0.0820308306394 0.117969809462 0.507577125463
423 0.000278128568606 0.0601839480336 0.118229200116 0.507949872511
424 0.000343498718342 0.0694122281281 0.11852157241 0.507925952817
425 0.000196590314766 0.0689251332557 0.118652246513 0.507849431414
426 5.95736613929e-05 0.099202988128 0.118522465106 0.508147225486
427 0.000322419896737 0.111190981083 0.118475750572 0.507519308402
428 0.000110787774026 0.067038146617 0.118543800335 0.508547754621
429 4.26941991158e-05 0.0964563079569 0.118312362246 0.507403830439
430 0.00101389708585 0.127186715164 0.118547847078 0.506826240381
431 0.0246928700926 0.22474547395 0.118342853075 0.506757200206
432 0.0210024045753 0.249193978479 0.118590310501 0.506677536116
433 0.00975612839649 0.285037486542 0.118245646744 0.507939826712
434 0.00118878876611 0.280460223762 0.118734632902 0.507226256883
435 0.000379875802116 0.266951230557 0.118912101102 0.50675341847
436 0.00035004203937 0.236909051329 0.119083560314 0.506956240902
437 7.45279277408e-05 0.228084061032 0.118035965501 0.50504762525
438 0.000236506005463 0.244205675729 0.118137500291 0.504621630055
439 0.000986249952881 0.285216881017 0.118203203323 0.50358936676
440 0.00129097673005 0.334440198368 0.118252215025 0.503484844793
441 0.00148269679353 0.369766885628 0.118913687723 0.503302865958
442 0.00465661689429 0.378234570117 0.118961188262 0.504594827793
443 0.00177478044362 0.392201784183 0.118297448926 0.504505256571
444 0.000647441076609 0.421551427312 0.117776460194 0.504141826277
445 0.00108954463423 0.451982134065 0.116820489542 0.50329680952
446 0.00255154149996 0.471233702417 0.115456421209 0.50236339296
447 0.0164971649077 0.449217558369 0.11347269432 0.499350413319
448 0.114566851353 0.291554095394 0.11545170544 0.498761616089
449 0.213263609192 0.121947493786 0.116829791387 0.500508612508
450 0.22117786135 0.0778858690381 0.117289604023 0.499419874321
451 0.217910833582 0.0572736148755 0.117725884879 0.500506921195
452 0.213376991473 0.0349593152324 0.118006364622 0.500040417524
