./Vid_B_cup.avi
0 0.3896 0.384615 0.146011 0.2440651
1 0.389905094754 0.376963384709 0.145265534867 0.242381529747
2 0.391217640405 0.380320609213 0.145504536155 0.244255197678
3 0.374226090016 0.381638124573 0.14456018639 0.244694290865
4 0.389203184001 0.382686868213 0.14307360011 0.244369207221
5 0.393585412934 0.397623185852 0.143075173948 0.241194693646
6 0.381464847203 0.390497004802 0.145403382383 0.240020275757
7 0.384843859827 0.411312387296 0.145002095974 0.243707525846
8 0.396893278881 0.387095830547 0.14329572428 0.241232355513
9 0.390747328097 0.381138254597 0.144238035372 0.243391926896
10 0.382236823403 0.401262197588 0.144718330702 0.241055486168
11 0.378397723148 0.394591720219 0.141757271399 0.24332506631
12 0.389608803016 0.391348351826 0.142528536146 0.242341486979
13 0.378621760804 0.40984852729 0.143512497462 0.242240205514
14 0.374279706153 0.405317635344 0.143322881425 0.244978436974
15 0.375951681862 0.409737260761 0.14426504049 0.240714470849
16 0.376204947464 0.422314475577 0.143696223737 0.246340313345
17 0.388886746245 0.458286294169 0.143954286921 0.246163678114
18 0.36175162604 0.413557902739 0.144543365515 0.243803714279
19 0.366565002931 0.399392373984 0.145846018584 0.244989090341
20 0.363318013684 0.392812984205 0.143396348955 0.24490952775
21 0.373427924457 0.390631578504 0.144725296839 0.244965455148
22 0.366787638602 0.386113240358 0.146496239772 0.244363488954
23 0.375828560581 0.399038847139 0.145019516247 0.244744689707
24 0.381606949763 0.405404190663 0.144256160504 0.243772882124
25 0.385809318002 0.383681840204 0.144285891268 0.239526403957
26 0.396565935555 0.371626006408 0.144764674083 0.24154697126
27 0.403161659539 0.362515696951 0.144850625851 0.2414504964
28 0.395742643058 0.372728761301 0.145847436077 0.239441894424
29 0.390074641657 0.371821549208 0.144418829612 0.237295406496
30 0.400243514369 0.360291199059 0.145026338852 0.236567296369
31 0.402290776103 0.349332416174 0.143882869645 0.236943880605
32 0.392670688447 0.317691344854 0.143845789198 0.239470699438
33 0.390956517707 0.343232642531 0.145774630758 0.242017209373
34 0.397239461726 0.332935401046 0.144413831995 0.244870348731
35 0.384682411001 0.339334274402 0.144123399312 0.23897137093
36 0.404913968386 0.31025147573 0.14421508849 0.238812135739
37 0.381186384332 0.322319944961 0.146571980144 0.242799545895
38 0.359083797025 0.326307959085 0.144497166898 0.241073226073
39 0.340359914912 0.325503766019 0.144553743208 0.241696787002
40 0.360849442546 0.339873678274 0.143271790108 0.243274982991
41 0.380305990853 0.364250422879 0.14200531977 0.240610241529
42 0.36672733734 0.361410236338 0.141260658613 0.243301690841
43 0.402473525655 0.362576163686 0.141275805274 0.243229423304
44 0.368293982973 0.377956706551 0.144348728021 0.241065926695
45 0.36599600678 0.378833436918 0.142190098114 0.242807836986
46 0.350656915528 0.379666019677 0.145255418209 0.239888789575
47 0.350886666636 0.400989416107 0.141552524951 0.241905785086
48 0.361975785836 0.394482423754 0.143893973115 0.242343530495
49 0.371646489885 0.384662421126 0.14468946331 0.243271735386
50 0.370487766345 0.385144647429 0.144058327805 0.241543030865
51 0.372013594832 0.378465785713 0.144111240247 0.241225584615
52 0.377277893519 0.378378805122 0.143134833146 0.242183418653
53 0.377743032821 0.37466617753 0.144077596408 0.242918949123
54 0.387094647517 0.37121852861 0.142544311733 0.241689611544
55 0.377452547018 0.368936941705 0.143180430061 0.242620995207
56 0.377880974296 0.371105238322 0.143031144266 0.243194179592
57 0.377220393073 0.374672172675 0.143061463994 0.242469798615
58 0.377400038962 0.357857823168 0.142496938974 0.2441319676
59 0.375453578996 0.364542891703 0.143271647993 0.243160482946
60 0.371116394975 0.374385932517 0.143400450218 0.242162953243
61 0.371476793485 0.381828490732 0.143748006608 0.2425015115
62 0.369025765094 0.390074615255 0.1442123876 0.24135528738
63 0.372541734406 0.366204101116 0.143999971946 0.241247220711
64 0.368333028159 0.383369424602 0.143612982336 0.240642954812
65 0.373566467687 0.398443994852 0.143715900414 0.240588732715
66 0.376348107158 0.396553322018 0.143502844061 0.241218376297
67 0.376823505902 0.395501420405 0.142980313772 0.241722952632
68 0.386372525642 0.411180991875 0.143056094495 0.241857518016
69 0.383900330887 0.408871017991 0.143324580914 0.241384746309
70 0.393985293983 0.417564704685 0.143657295931 0.241708917839
71 0.395919416206 0.399342940244 0.143373882512 0.24165262765
72 0.382912798771 0.377192975357 0.143282948942 0.241235614196
73 0.381792920332 0.36323175147 0.144468508203 0.242049408745
74 0.385928718068 0.348158412461 0.144128377818 0.242001197454
75 0.386617734033 0.33423177475 0.14342087826 0.242096285142
76 0.390213229219 0.321712959397 0.143392021168 0.241975456414
77 0.38784171848 0.303480420859 0.142751731771 0.24241431868
78 0.386180955889 0.301693856042 0.143167672849 0.241510154971
79 0.382972277473 0.294707655999 0.144106526694 0.241041963708
80 0.386468755796 0.290667065828 0.143110417564 0.240946433162
81 0.382832698414 0.300300767842 0.142720753227 0.240297354111
82 0.381154014265 0.300401289098 0.142784012179 0.24036039255
83 0.384770389141 0.298381256036 0.142582499694 0.24153723561
84 0.384964534164 0.302093042796 0.143414613156 0.242192633931
85 0.37740323807 0.310218858323 0.143665228216 0.242695136729
86 0.373791185447 0.316773985589 0.143764233331 0.242592489409
87 0.367763017745 0.325298114773 0.143623482972 0.242668714857
88 0.3630318145 0.326942011244 0.142565428877 0.244024149202
89 0.350673792081 0.363025176446 0.144203622351 0.242704544902
90 0.35563451905 0.34805323043 0.143950887495 0.241194950372
91 0.353875958024 0.355844480255 0.145038753309 0.239763106512
92 0.347248474436 0.354199435199 0.144541419846 0.23981074339
93 0.33827341598 0.353413179065 0.144355353577 0.241086925281
94 0.335380658712 0.359861876723 0.144429222024 0.24244189498
95 0.330140344505 0.364854231443 0.143837519976 0.241843847821
96 0.323115363016 0.369109236922 0.144899180087 0.241995850221
97 0.326517012863 0.375250944185 0.144255627914 0.241812117787
98 0.322915772157 0.381223416564 0.143972467118 0.241922241449
99 0.318921574436 0.390896545353 0.144129435928 0.241657448855
100 0.324467311953 0.390038496535 0.143469445138 0.241893932347
101 0.326282122672 0.389783365979 0.143548469601 0.241486889646
102 0.333052068476 0.386416154323 0.14374050995 0.241580079058
103 0.338920344912 0.392061275161 0.143833952741 0.241580340795
104 0.343140303647 0.397428681182 0.143737558307 0.241821321495
105 0.353484575922 0.392516514429 0.143625724405 0.241945725779
106 0.365830919562 0.385954950128 0.143734205721 0.242241311027
107 0.378005051169 0.391958742245 0.143141728447 0.242170769243
108 0.38929052676 0.390395390134 0.143195167556 0.241039672963
109 0.401348221355 0.382088897667 0.143393419328 0.241160834736
110 0.411404265691 0.378274224336 0.143060360548 0.241723363384
111 0.419000089835 0.373877658967 0.143158371856 0.241394576959
112 0.424937788297 0.368647140285 0.143322721607 0.241628633021
113 0.42579743896 0.364257647066 0.143669707522 0.241432409964
114 0.431434181588 0.364025310615 0.143987844425 0.241612324511
115 0.436035227046 0.369983626759 0.143915502183 0.242027612799
116 0.434391243051 0.371108074519 0.143859391891 0.241848815658
117 0.433846892517 0.377988645872 0.143727150935 0.24176738352
118 0.431724460079 0.391074374573 0.143422761044 0.241540643159
119 0.424094094079 0.384581336903 0.143333324993 0.241389221089
120 0.415319731939 0.386170475663 0.143534473905 0.240800349459
121 0.404752113167 0.383094669977 0.143494620894 0.241088450623
122 0.401530394845 0.381217085664 0.144138815082 0.241397818667
123 0.396608310984 0.381146958313 0.143837906602 0.241862414915
124 0.395742838168 0.376011980639 0.144093499565 0.242469528704
125 0.385647399047 0.360440523155 0.144101486167 0.241615527171
126 0.380153178157 0.354369166416 0.144503685666 0.242456913041
127 0.372974267772 0.349884210676 0.143715656229 0.242226725532
128 0.364434520055 0.338827832794 0.144759919205 0.241209408894
129 0.363973429224 0.322329127925 0.144233801879 0.241566896416
130 0.348733306613 0.335989494348 0.144093281281 0.242029728862
131 0.346358766936 0.366599316733 0.144019147969 0.241545755416
132 0.350289468776 0.397500304638 0.143960747157 0.241173799841
133 0.337814985803 0.405710793945 0.14380998516 0.241561161368
134 0.320367058548 0.404927921101 0.14377182654 0.241443298895
135 0.32136469423 0.41152081327 0.143561672449 0.24179887718
136 0.328200750713 0.392085299529 0.14403260246 0.241914366573
137 0.316391040043 0.390997922675 0.143614688593 0.242026341129
138 0.319761322717 0.398439838465 0.143633870661 0.242068756222
139 0.337427855515 0.39209971418 0.144101568596 0.241948308604
140 0.330845645984 0.399169627612 0.143588456773 0.241794832402
141 0.325758451824 0.397234476602 0.143626155908 0.24190596537
142 0.322777259216 0.396732624111 0.143897652807 0.241850083171
143 0.342288952269 0.372862093778 0.144679394909 0.241519470989
144 0.347742551508 0.380607426574 0.14406606629 0.24171548551
145 0.343152720872 0.385791328705 0.143804739265 0.241680778272
146 0.35275659787 0.375154643366 0.143322078465 0.24167931599
147 0.352044433414 0.35869124543 0.143522102909 0.241591247725
148 0.336783283513 0.366637210204 0.143727768702 0.241864180644
149 0.327179120918 0.367514481852 0.143953077351 0.241293587271
150 0.315589080744 0.376539323346 0.143750114982 0.241493225327
151 0.301690027728 0.381850598472 0.143510030788 0.241459482685
152 0.292042836127 0.380552065372 0.143471746107 0.242048692632
153 0.289784986348 0.385604353995 0.143429876642 0.24210663924
154 0.282943039826 0.382843598087 0.143961137529 0.241926307562
155 0.281682631816 0.388089630517 0.143719908884 0.242162523207
156 0.283334196024 0.382266073916 0.144216536157 0.241927528705
157 0.275503585616 0.380870578015 0.144067662895 0.242118661264
158 0.28399871235 0.369254739218 0.143485007327 0.242322320732
159 0.277876021679 0.377776728478 0.143688749129 0.242100068907
160 0.282285163681 0.387273627099 0.14298476599 0.242513553699
161 0.284822426557 0.384693161243 0.142502546349 0.242987811119
162 0.284558172431 0.394048480052 0.143058457476 0.242125402021
163 0.285718121964 0.402335518781 0.143454701908 0.241866765131
164 0.287364102528 0.408630925648 0.143517666052 0.242162910187
165 0.283623964167 0.414627640517 0.144288430365 0.24240545799
166 0.280824575036 0.419882339272 0.143928045587 0.242438288808
167 0.281233700216 0.418966565496 0.143795873792 0.241628739267
168 0.275033722053 0.415296649802 0.143355905713 0.24191942425
169 0.273074935586 0.428551196251 0.144114146306 0.241722175983
170 0.274064568325 0.410936786217 0.1444575186 0.241009844385
171 0.269694892695 0.415228420767 0.144534108869 0.241019694729
172 0.26753828316 0.415424887051 0.144069772793 0.241019596272
173 0.263452030671 0.400730403096 0.143707091999 0.241564598711
174 0.260785470009 0.392635113115 0.143089988353 0.24176521971
175 0.253802352272 0.392430700635 0.143039569677 0.241208571813
176 0.24903762544 0.392946214522 0.143719162571 0.241995946156
177 0.246789923433 0.389621174986 0.144267764821 0.242279078387
178 0.242239381716 0.388368667341 0.14310360862 0.243414192532
179 0.237447805779 0.389635859141 0.143405648765 0.242406518154
180 0.229438789901 0.395047609712 0.144352703422 0.241229410622
181 0.223955289929 0.394573052343 0.143405198125 0.240908876699
182 0.223763538248 0.37995016751 0.14370220002 0.242549504766
183 0.214177081852 0.383443606172 0.143917393051 0.242498696244
184 0.206865950268 0.386372207341 0.14350189035 0.242249930505
185 0.206604015588 0.384151866219 0.143683963754 0.242626396829
186 0.197266212082 0.381510369883 0.1440706837 0.241019784593
187 0.197072397707 0.385796401623 0.14412783593 0.241817910535
188 0.196639838309 0.387593006848 0.143559096112 0.241401237897
189 0.19748463068 0.397070179318 0.143469820279 0.241851844079
190 0.200895064729 0.390818539084 0.142648366517 0.242182312117
191 0.201165389642 0.394927685569 0.142930079551 0.24162495058
