./../data/Vid_H_panda.avi.avi
0 0.101278 0.134993 0.223206 0.323722
1 0.114045409981 0.154166666667 0.223206 0.323722
2 0.104797692828 0.145833333333 0.223206 0.323722
3 0.11951462848 0.141156606884 0.223206 0.323722
4 0.107479811979 0.140026541113 0.223206 0.323722
5 0.0984246984187 0.130449619211 0.223206 0.323722
6 0.108223848611 0.119876318166 0.223206 0.323722
7 0.102178680709 0.145833333333 0.223206 0.323722
8 0.106102993315 0.13630100346 0.223206 0.323722
9 0.108747048064 0.133096736119 0.223206 0.323722
10 0.109051793395 0.134626415454 0.223206 0.323722
11 0.10531232417 0.131390502785 0.223206 0.323722
12 0.0991020113088 0.142265325794 0.223206 0.323722
13 0.103711174571 0.144094412581 0.223206 0.323722
14 0.108335580023 0.145833333333 0.223206 0.323722
15 0.0992308570736 0.139339428795 0.223206 0.323722
16 0.098184367728 0.138150133463 0.223206 0.323722
17 0.0991612086565 0.139040631408 0.223206 0.323722
18 0.0990850631536 0.128080922301 0.223206 0.323722
19 0.106458333333 0.117916666667 0.223206 0.323722
20 0.108223953115 0.129694083181 0.223206 0.323722
21 0.107348876306 0.137805585168 0.223206 0.323722
22 0.105842359597 0.127787820669 0.223206 0.323722
23 0.101841475519 0.136115786363 0.223206 0.323722
24 0.106831045857 0.134743015192 0.223206 0.323722
25 0.103413203705 0.130865096995 0.223206 0.323722
26 0.103634617586 0.13639467044 0.223206 0.323722
27 0.0955515086259 0.142633668526 0.223206 0.323722
28 0.0995390427713 0.141973971486 0.223206 0.323722
29 0.0836070393459 0.145833333333 0.223206 0.323722
30 0.0935867849876 0.145942143342 0.223206 0.323722
31 0.09375 0.141666666667 0.223206 0.323722
32 0.096875 0.141666666667 0.223206 0.323722
33 0.101998604035 0.139935175551 0.223206 0.323722
34 0.105865061275 0.150123189053 0.223206 0.323722
35 0.103125 0.15 0.223206 0.323722
36 0.10625 0.15 0.223206 0.323722
37 0.103018553603 0.141764567133 0.223206 0.323722
38 0.10625 0.146684343888 0.223206 0.323722
39 0.10625 0.145833333333 0.223206 0.323722
40 0.104422650221 0.143928365897 0.223206 0.323722
41 0.10625 0.141666666667 0.223206 0.323722
42 0.106007375282 0.141758611192 0.223206 0.323722
43 0.102944495054 0.137599423741 0.223206 0.323722
44 0.0997912313762 0.141666666667 0.223206 0.323722
45 0.108845306902 0.1375 0.223206 0.323722
46 0.108779893098 0.13448649336 0.223206 0.323722
47 0.105416666667 0.1375 0.223206 0.323722
48 0.107916666667 0.133333333333 0.223206 0.323722
49 0.105729166667 0.125555555556 0.223206 0.323722
50 0.105416666667 0.126666666667 0.223206 0.323722
51 0.0986886489158 0.135343264203 0.223206 0.323722
52 0.0959810350354 0.134790165128 0.223206 0.323722
53 0.102427668865 0.133840904898 0.223206 0.323722
54 0.105625 0.116666666667 0.223206 0.323722
55 0.105625 0.116666666667 0.223206 0.323722
56 0.102916666667 0.116666666667 0.223206 0.323722
57 0.10625 0.118591492697 0.223206 0.323722
58 0.114862516586 0.127779662668 0.223206 0.323722
59 0.109375 0.116666666667 0.223206 0.323722
60 0.102600477107 0.129011859583 0.223206 0.323722
61 0.102604211432 0.128145477375 0.223206 0.323722
62 0.101978818335 0.120278608885 0.223206 0.323722
63 0.108021311059 0.115956298017 0.223206 0.323722
64 0.109587602719 0.126604958979 0.223206 0.323722
65 0.113963828357 0.124556938036 0.223206 0.323722
66 0.108538441311 0.124566184085 0.223206 0.323722
67 0.107899623563 0.131765631658 0.223206 0.323722
68 0.101117785541 0.128879598396 0.223206 0.323722
69 0.104879866945 0.118862098845 0.223206 0.323722
70 0.107499539462 0.138710720908 0.223206 0.323722
71 0.0913821471726 0.136345913433 0.223206 0.323722
72 0.100583436117 0.124736028847 0.223206 0.323722
73 0.106079958132 0.13704146972 0.223206 0.323722
74 0.10625 0.128625561838 0.223206 0.323722
75 0.10625 0.1125 0.223206 0.323722
76 0.10625 0.111527777778 0.223206 0.323722
77 0.1040625 0.116666666667 0.223206 0.323722
78 0.098536992979 0.11847884328 0.223206 0.323722
79 0.100680403038 0.134215863033 0.223206 0.323722
80 0.0988528523995 0.140896208567 0.223206 0.323722
81 0.109116512102 0.121791995978 0.223206 0.323722
82 0.112817468915 0.119162249854 0.223206 0.323722
83 0.1125 0.115972222222 0.223206 0.323722
84 0.109693481522 0.126908919047 0.223206 0.323722
85 0.109707054697 0.11993886974 0.223206 0.323722
86 0.1125 0.118904761669 0.223206 0.323722
87 0.109922298699 0.118501727169 0.223206 0.323722
88 0.10625 0.123697746658 0.223206 0.323722
89 0.103436938769 0.120282101335 0.223206 0.323722
90 0.1125 0.138941738308 0.223206 0.323722
91 0.121875 0.139414712381 0.223206 0.323722
92 0.119688227009 0.1247094805 0.223206 0.323722
93 0.1125 0.138611060428 0.223206 0.323722
94 0.113030190757 0.127072870159 0.223206 0.323722
95 0.109114718596 0.142910510296 0.223206 0.323722
96 0.109375 0.134229072933 0.223206 0.323722
97 0.10625 0.145833333333 0.223206 0.323722
98 0.10625 0.142894844523 0.223206 0.323722
99 0.100619111847 0.146531868806 0.223206 0.323722
100 0.109791229996 0.151111487847 0.223206 0.323722
101 0.116395999229 0.155503002714 0.223206 0.323722
102 0.111194808216 0.150977748424 0.223206 0.323722
103 0.111809642986 0.146773516862 0.223206 0.323722
104 0.115234710125 0.162002682665 0.223206 0.323722
105 0.0982636316732 0.16183568243 0.223206 0.323722
106 0.10650614979 0.163578063481 0.223206 0.323722
107 0.10625 0.154166666667 0.223206 0.323722
108 0.0992144957983 0.174541247281 0.223206 0.323722
109 0.106165879379 0.198120128932 0.223206 0.323722
110 0.109441592907 0.220449638764 0.223206 0.323722
111 0.100861728297 0.192446488288 0.223206 0.323722
112 0.109896280815 0.180767197447 0.223206 0.323722
113 0.111691327457 0.186366403348 0.223206 0.323722
114 0.0980214082363 0.204326552886 0.223206 0.323722
115 0.0973013844978 0.190478210784 0.223206 0.323722
116 0.103011216367 0.154318378177 0.223206 0.323722
117 0.0984218902696 0.158624061406 0.223206 0.323722
118 0.0977708397026 0.164891081098 0.223206 0.323722
119 0.100529350922 0.187223700436 0.223206 0.323722
120 0.0992887279472 0.192331622768 0.223206 0.323722
121 0.0990372205053 0.238540285153 0.223206 0.323722
122 0.0869137152969 0.252682314175 0.223206 0.323722
123 0.101042041134 0.211344134443 0.223206 0.323722
124 0.101312334638 0.246669599433 0.223206 0.323722
125 0.096780854701 0.268110906929 0.223206 0.323722
126 0.0989684464819 0.237286091435 0.223206 0.323722
127 0.0884046352766 0.176317052012 0.223206 0.323722
128 0.0934319546589 0.171396152961 0.223206 0.323722
129 0.109051654609 0.191930762962 0.223206 0.323722
130 0.112521256996 0.201389314712 0.223206 0.323722
131 0.1123477046 0.194198803157 0.223206 0.323722
132 0.111712822927 0.19963860039 0.223206 0.323722
133 0.109253189262 0.198276252166 0.223206 0.323722
134 0.106317542678 0.17958876617 0.223206 0.323722
135 0.100498968075 0.175266116307 0.223206 0.323722
136 0.0998221207118 0.176723967241 0.223206 0.323722
137 0.104062035874 0.177507013452 0.223206 0.323722
138 0.100511771095 0.171650055486 0.223206 0.323722
139 0.102604166667 0.175833333333 0.223206 0.323722
140 0.103367753574 0.181253318352 0.223206 0.323722
141 0.0966480658149 0.18443626522 0.223206 0.323722
142 0.0863318228565 0.221923742871 0.223206 0.323722
143 0.0926673154052 0.21442568167 0.223206 0.323722
144 0.0985764492872 0.223416574365 0.223206 0.323722
145 0.112155830097 0.173282739572 0.223206 0.323722
146 0.109890798811 0.191666666667 0.223206 0.323722
147 0.105270405826 0.191666666667 0.223206 0.323722
148 0.1125 0.180833333333 0.223206 0.323722
149 0.106458333333 0.168194444444 0.223206 0.323722
150 0.106506198291 0.164463563447 0.223206 0.323722
151 0.109328794792 0.16690429345 0.223206 0.323722
152 0.109375 0.171666666667 0.223206 0.323722
153 0.1065625 0.171111111111 0.223206 0.323722
154 0.106561460375 0.175858284336 0.223206 0.323722
155 0.10625 0.19379312135 0.223206 0.323722
156 0.0974864504853 0.184860608383 0.223206 0.323722
157 0.0962577675351 0.189623906929 0.223206 0.323722
158 0.0939730644521 0.204602228093 0.223206 0.323722
159 0.100689162646 0.193902901362 0.223206 0.323722
160 0.108289816431 0.180487494749 0.223206 0.323722
161 0.104903583325 0.190951522353 0.223206 0.323722
162 0.10100574766 0.19062259327 0.223206 0.323722
163 0.0986915473498 0.203534599338 0.223206 0.323722
164 0.093051067863 0.189592573802 0.223206 0.323722
165 0.0963078969902 0.179239875724 0.223206 0.323722
166 0.0948046512796 0.201022261146 0.223206 0.323722
167 0.0975889657834 0.194641525435 0.223206 0.323722
168 0.100158193528 0.178809341482 0.223206 0.323722
169 0.103857259094 0.178165823763 0.223206 0.323722
170 0.105839694898 0.181278756852 0.223206 0.323722
171 0.111708488279 0.178916775951 0.223206 0.323722
172 0.105698212989 0.175968041123 0.223206 0.323722
173 0.104385843729 0.172217804407 0.223206 0.323722
174 0.0992102470745 0.178881016913 0.223206 0.323722
175 0.0953164151715 0.175790391176 0.223206 0.323722
176 0.0932921901072 0.186247898947 0.223206 0.323722
177 0.0912729825569 0.18236334963 0.223206 0.323722
178 0.0853071066781 0.19427145662 0.223206 0.323722
179 0.101136684787 0.181461169307 0.223206 0.323722
180 0.089756643194 0.189192763099 0.223206 0.323722
181 0.0880511470486 0.189137612059 0.223206 0.323722
182 0.0988418631533 0.176674190336 0.223206 0.323722
183 0.0884375 0.180416666667 0.223206 0.323722
184 0.0959375 0.175833333333 0.223206 0.323722
185 0.102296831262 0.175689006218 0.223206 0.323722
186 0.0946580494517 0.179598698837 0.223206 0.323722
187 0.088073982248 0.194935768472 0.223206 0.323722
188 0.0791673524588 0.198056947312 0.223206 0.323722
189 0.0869076019665 0.197241293847 0.223206 0.323722
190 0.0813071870415 0.218269388783 0.223206 0.323722
191 0.101128124937 0.167528014108 0.223206 0.323722
192 0.0859338050747 0.198939696273 0.223206 0.323722
193 0.095062214681 0.185953470914 0.223206 0.323722
194 0.08951794245 0.180923126652 0.223206 0.323722
195 0.0874347312764 0.219783520216 0.223206 0.323722
196 0.0950483064866 0.203951613869 0.223206 0.323722
197 0.0878781488994 0.235692880107 0.223206 0.323722
198 0.0934139379771 0.20507721469 0.223206 0.323722
199 0.098389233632 0.207225047875 0.223206 0.323722
200 0.100745134785 0.196838256547 0.223206 0.323722
201 0.097951475182 0.236828609409 0.223206 0.323722
202 0.108730609491 0.193135003608 0.223206 0.323722
203 0.10892698704 0.192629404383 0.223206 0.323722
204 0.108990082983 0.198666269816 0.223206 0.323722
205 0.10225286605 0.213375874033 0.223206 0.323722
206 0.093118065923 0.218457295719 0.223206 0.323722
207 0.0871662980764 0.223600901299 0.223206 0.323722
208 0.10729230223 0.182216743728 0.223206 0.323722
209 0.102578515584 0.190776854592 0.223206 0.323722
210 0.0992013903487 0.162791441515 0.223206 0.323722
211 0.101682950125 0.166666666667 0.223206 0.323722
212 0.103125 0.166666666667 0.223206 0.323722
213 0.0990632074758 0.165559538382 0.223206 0.323722
214 0.108407241247 0.133333333333 0.223206 0.323722
215 0.115625 0.118185975821 0.223206 0.323722
216 0.118427745553 0.123191025583 0.223206 0.323722
217 0.120210110057 0.110271115369 0.223206 0.323722
218 0.11875 0.1125 0.223206 0.323722
219 0.123337313599 0.114716915202 0.223206 0.323722
220 0.122674239786 0.108333333333 0.223206 0.323722
221 0.123951933369 0.118321210686 0.223206 0.323722
222 0.115521636803 0.117491791448 0.223206 0.323722
223 0.115625 0.117354480143 0.223206 0.323722
224 0.119589440216 0.112065883226 0.223206 0.323722
225 0.114057653807 0.121373252261 0.223206 0.323722
226 0.109375 0.117759438613 0.223206 0.323722
227 0.110727108991 0.119724656734 0.223206 0.323722
228 0.111768422467 0.125696045278 0.223206 0.323722
229 0.113431287405 0.119564632933 0.223206 0.323722
230 0.110825647317 0.123342081242 0.223206 0.323722
231 0.112184952813 0.117506792498 0.223206 0.323722
232 0.1125 0.122615154579 0.223206 0.323722
233 0.11136796792 0.13024903013 0.223206 0.323722
234 0.115625 0.126240205494 0.223206 0.323722
235 0.111384622535 0.12557238692 0.223206 0.323722
236 0.105199951988 0.137063592865 0.223206 0.323722
237 0.102167484235 0.129166666667 0.223206 0.323722
238 0.108319689348 0.133333333333 0.223206 0.323722
239 0.108139083169 0.130527570217 0.223206 0.323722
240 0.096875 0.133333333333 0.223206 0.323722
241 0.103125 0.143005469961 0.223206 0.323722
242 0.096875 0.145833333333 0.223206 0.323722
243 0.096875 0.15 0.223206 0.323722
244 0.0947892331179 0.15 0.223206 0.323722
245 0.0886686337318 0.143139549341 0.223206 0.323722
246 0.096875 0.141666666667 0.223206 0.323722
247 0.09375 0.141666666667 0.223206 0.323722
248 0.09375 0.145833333333 0.223206 0.323722
249 0.0979072233023 0.145833333333 0.223206 0.323722
250 0.0913546675577 0.133333333333 0.223206 0.323722
251 0.10625 0.141666666667 0.223206 0.323722
252 0.090625 0.154166666667 0.223206 0.323722
253 0.103125 0.133333333333 0.223206 0.323722
254 0.090625 0.147309441399 0.223206 0.323722
255 0.0829150115499 0.15 0.223206 0.323722
256 0.084375 0.15 0.223206 0.323722
257 0.084375 0.15 0.223206 0.323722
258 0.090625 0.15 0.223206 0.323722
259 0.090625 0.141666666667 0.223206 0.323722
260 0.0880405966373 0.145112537817 0.223206 0.323722
261 0.0883316525553 0.15 0.223206 0.323722
262 0.0884360248759 0.154166666667 0.223206 0.323722
263 0.1 0.145833333333 0.223206 0.323722
264 0.103125 0.145833333333 0.223206 0.323722
265 0.1 0.145833333333 0.223206 0.323722
266 0.0973890318202 0.141666666667 0.223206 0.323722
267 0.1 0.141666666667 0.223206 0.323722
268 0.1 0.141666666667 0.223206 0.323722
269 0.1 0.1375 0.223206 0.323722
270 0.090625 0.15 0.223206 0.323722
271 0.09375 0.15 0.223206 0.323722
272 0.09375 0.15 0.223206 0.323722
273 0.09375 0.158333333333 0.223206 0.323722
274 0.09375 0.158333333333 0.223206 0.323722
275 0.0958427926652 0.159416706752 0.223206 0.323722
276 0.0985347329915 0.158333333333 0.223206 0.323722
277 0.101343636004 0.154166666667 0.223206 0.323722
278 0.097391038348 0.154166666667 0.223206 0.323722
279 0.101765216802 0.148169024592 0.223206 0.323722
280 0.0918633323972 0.154166666667 0.223206 0.323722
281 0.104155085721 0.141666666667 0.223206 0.323722
282 0.107489429187 0.145833333333 0.223206 0.323722
283 0.084375 0.158333333333 0.223206 0.323722
284 0.084375 0.166666666667 0.223206 0.323722
285 0.079377193103 0.166734923453 0.223206 0.323722
286 0.089511314836 0.151484913552 0.223206 0.323722
287 0.0825427207619 0.15497122338 0.223206 0.323722
288 0.089337039894 0.146771184123 0.223206 0.323722
289 0.0923932291096 0.145833333333 0.223206 0.323722
290 0.0893723384093 0.15 0.223206 0.323722
291 0.0875 0.15 0.223206 0.323722
292 0.0864593279138 0.15 0.223206 0.323722
293 0.0875 0.15 0.223206 0.323722
294 0.0869734704685 0.15 0.223206 0.323722
295 0.0832600138705 0.150673273787 0.223206 0.323722
296 0.0836714951672 0.150938006444 0.223206 0.323722
297 0.0875 0.15 0.223206 0.323722
298 0.0977220237335 0.145833333333 0.223206 0.323722
299 0.0930663410101 0.147195069725 0.223206 0.323722
300 0.0797169128317 0.2035848657 0.223206 0.323722
301 0.0759018226751 0.203790404591 0.223206 0.323722
302 0.0809794242885 0.221790067851 0.223206 0.323722
303 0.0771314380706 0.276833650489 0.223206 0.323722
304 0.0868099039166 0.253735694142 0.223206 0.323722
305 0.0978602250205 0.189677581027 0.223206 0.323722
306 0.093717207063 0.179527057288 0.223206 0.323722
307 0.0904166666667 0.175 0.223206 0.323722
308 0.1040625 0.173055555556 0.223206 0.323722
309 0.098125 0.174444444444 0.223206 0.323722
310 0.0960416666667 0.167361111111 0.223206 0.323722
311 0.0895833333333 0.172222222222 0.223206 0.323722
312 0.0837379586403 0.171960217922 0.223206 0.323722
313 0.082108890005 0.17797545894 0.223206 0.323722
314 0.0962115556971 0.179414557413 0.223206 0.323722
315 0.0974471659246 0.170575773482 0.223206 0.323722
316 0.101979166667 0.164027777778 0.223206 0.323722
317 0.0976041666667 0.170972222222 0.223206 0.323722
318 0.0802811502856 0.193049260509 0.223206 0.323722
319 0.0966666666667 0.164444444444 0.223206 0.323722
320 0.0847841109635 0.191860359267 0.223206 0.323722
321 0.102125591919 0.167447168219 0.223206 0.323722
322 0.0966617064319 0.168213104375 0.223206 0.323722
323 0.0934808719663 0.167712251938 0.223206 0.323722
324 0.0848958333333 0.171388888889 0.223206 0.323722
325 0.089259125533 0.167938225242 0.223206 0.323722
326 0.086818643734 0.169952048905 0.223206 0.323722
327 0.0856704431794 0.176426768378 0.223206 0.323722
328 0.0902177001171 0.16732519445 0.223206 0.323722
329 0.0871768543558 0.167553029489 0.223206 0.323722
330 0.0959752417239 0.175538124155 0.223206 0.323722
331 0.0897476101253 0.179166666667 0.223206 0.323722
332 0.0976366599589 0.177538462126 0.223206 0.323722
333 0.0861458333333 0.195833333333 0.223206 0.323722
334 0.102421744661 0.18263797798 0.223206 0.323722
335 0.103125 0.184722222222 0.223206 0.323722
336 0.103022680842 0.177984313907 0.223206 0.323722
337 0.0905474592909 0.17148891253 0.223206 0.323722
338 0.0984375 0.167083333333 0.223206 0.323722
339 0.0866648408698 0.172803066885 0.223206 0.323722
340 0.0944418494353 0.194725093044 0.223206 0.323722
341 0.0958137016248 0.177904782436 0.223206 0.323722
342 0.0960104842802 0.170633452004 0.223206 0.323722
343 0.0959735800244 0.169970058742 0.223206 0.323722
344 0.102660756941 0.173797412959 0.223206 0.323722
345 0.108616958437 0.19219197984 0.223206 0.323722
346 0.10803147423 0.18911409883 0.223206 0.323722
347 0.107640454578 0.187158281378 0.223206 0.323722
348 0.0991523104269 0.191791388753 0.223206 0.323722
349 0.101634163637 0.239509660427 0.223206 0.323722
350 0.100458211946 0.189037661807 0.223206 0.323722
351 0.094445894951 0.201320575312 0.223206 0.323722
352 0.0972429948315 0.199133523306 0.223206 0.323722
353 0.0966210048099 0.270287926787 0.223206 0.323722
354 0.0990571275085 0.264134503033 0.223206 0.323722
355 0.111220123498 0.195286525738 0.223206 0.323722
356 0.101998768684 0.206794430469 0.223206 0.323722
357 0.0902391065169 0.255141343546 0.223206 0.323722
358 0.0913147519463 0.263220671502 0.223206 0.323722
359 0.0872140914755 0.27089581008 0.223206 0.323722
360 0.108043353178 0.17620644424 0.223206 0.323722
361 0.106979166667 0.170833333333 0.223206 0.323722
362 0.103541666667 0.175 0.223206 0.323722
363 0.107623473152 0.202198951006 0.223206 0.323722
364 0.0866606728177 0.194837372305 0.223206 0.323722
365 0.0960416666667 0.17125 0.223206 0.323722
366 0.1028125 0.167083333333 0.223206 0.323722
367 0.0989583333333 0.163194444444 0.223206 0.323722
368 0.103125 0.166666666667 0.223206 0.323722
369 0.1078125 0.163333333333 0.223206 0.323722
370 0.106979166667 0.167638888889 0.223206 0.323722
371 0.0970898694042 0.179254340627 0.223206 0.323722
372 0.0957473855556 0.171349247912 0.223206 0.323722
373 0.109242473374 0.178842085289 0.223206 0.323722
374 0.112288907827 0.176230501538 0.223206 0.323722
375 0.0972800658242 0.239792200473 0.223206 0.323722
376 0.108314243778 0.191044289359 0.223206 0.323722
377 0.108857164346 0.174885891931 0.223206 0.323722
378 0.109465455843 0.194069924402 0.223206 0.323722
379 0.0970252503486 0.202200300607 0.223206 0.323722
380 0.103307890372 0.201448600086 0.223206 0.323722
381 0.0869999487929 0.200372747029 0.223206 0.323722
382 0.0928850764578 0.296696580078 0.223206 0.323722
383 0.111027258359 0.300479871859 0.223206 0.323722
384 0.109262538411 0.297174268488 0.223206 0.323722
385 0.131206035229 0.302135371985 0.223206 0.323722
386 0.106328860419 0.294808945926 0.223206 0.323722
387 0.101589679538 0.301885199014 0.223206 0.323722
388 0.146621763993 0.298978227713 0.223206 0.323722
389 0.161857799675 0.302129481457 0.223206 0.323722
390 0.106488111467 0.202434111466 0.223206 0.323722
391 0.0937357086874 0.194028740504 0.223206 0.323722
392 0.0905727941483 0.192344736609 0.223206 0.323722
393 0.0877017442028 0.219458927928 0.223206 0.323722
394 0.082783023384 0.274727370143 0.223206 0.323722
395 0.103684720274 0.185508810987 0.223206 0.323722
396 0.110524164258 0.168641442966 0.223206 0.323722
397 0.109375 0.154166666667 0.223206 0.323722
398 0.106679429106 0.162786286071 0.223206 0.323722
399 0.0975 0.166666666667 0.223206 0.323722
400 0.103125 0.163355871822 0.223206 0.323722
401 0.10660356418 0.165573400894 0.223206 0.323722
402 0.10625 0.158333333333 0.223206 0.323722
403 0.0917789517309 0.176894048905 0.223206 0.323722
404 0.0888123824724 0.180297916425 0.223206 0.323722
405 0.0927083333333 0.170833333333 0.223206 0.323722
406 0.0932073372914 0.171045381891 0.223206 0.323722
407 0.0921554487959 0.181438690502 0.223206 0.323722
408 0.0986717259159 0.200585979016 0.223206 0.323722
409 0.0984350610599 0.185253351971 0.223206 0.323722
410 0.0933949591208 0.175291461791 0.223206 0.323722
411 0.102132213305 0.176062581571 0.223206 0.323722
