./../data/Vid_D_person.avi.avi
0 0.431753 0.240421 0.126437 0.543103
1 0.446287127892 0.0833313528659 0.126437 0.543103
2 0.463364696126 0.00870231305511 0.126437 0.543103
3 0.471873072857 0.0 0.126437 0.543103
4 0.469507513044 0.0 0.126437 0.543103
5 0.471033990831 0.0 0.126437 0.543103
6 0.468305989016 0.0 0.126437 0.543103
7 0.465878126309 0.0 0.126437 0.543103
8 0.46204860217 0.0 0.126437 0.543103
9 0.465913828449 0.0 0.126437 0.543103
10 0.465724771692 0.00347322836851 0.126437 0.543103
11 0.455927803124 0.0219823557391 0.126437 0.543103
12 0.455309311156 0.0363082368074 0.126437 0.543103
13 0.441006766604 0.0693351642118 0.126437 0.543103
14 0.439705793143 0.0573463309851 0.126437 0.543103
15 0.436058003084 0.0315228643545 0.126437 0.543103
16 0.472543059971 0.0 0.126437 0.543103
17 0.483441008694 0.0 0.126437 0.543103
18 0.486739921857 0.0 0.126437 0.543103
19 0.476099681169 0.0 0.126437 0.543103
20 0.466443707178 0.0164830221454 0.126437 0.543103
21 0.451400357454 0.0272329860579 0.126437 0.543103
22 0.461402721695 0.0242298314934 0.126437 0.543103
23 0.43864028824 0.0862810594574 0.126437 0.543103
24 0.421067076728 0.123097977133 0.126437 0.543103
25 0.441883922436 0.0626289472343 0.126437 0.543103
26 0.458582557293 0.0255654377706 0.126437 0.543103
27 0.444363913275 0.0594155341893 0.126437 0.543103
28 0.416010407608 0.139141462257 0.126437 0.543103
29 0.437232640155 0.0810174410724 0.126437 0.543103
30 0.425456411823 0.0974466270477 0.126437 0.543103
31 0.413585387986 0.136773300714 0.126437 0.543103
32 0.403721795477 0.153901465103 0.126437 0.543103
33 0.384826156476 0.207307338747 0.126437 0.543103
34 0.386202343441 0.170604705241 0.126437 0.543103
35 0.408838186933 0.0845913856816 0.126437 0.543103
36 0.431406759821 0.0182021507034 0.126437 0.543103
37 0.452104951807 0.013897258356 0.126437 0.543103
38 0.460117952181 0.00133330684405 0.126437 0.543103
39 0.471356079267 0.0 0.126437 0.543103
40 0.466413768949 0.0 0.126437 0.543103
41 0.464473984302 0.0 0.126437 0.543103
42 0.464299099744 0.0 0.126437 0.543103
43 0.465341981776 0.0 0.126437 0.543103
44 0.46527977417 0.0 0.126437 0.543103
45 0.450613624792 0.00737227386061 0.126437 0.543103
46 0.450836598054 0.0103082637832 0.126437 0.543103
47 0.444049244085 0.00168366693702 0.126437 0.543103
48 0.449927784013 0.0 0.126437 0.543103
49 0.444512768006 0.0127626330267 0.126437 0.543103
50 0.446330626082 0.00760598375174 0.126437 0.543103
51 0.438372764921 0.0122627371109 0.126437 0.543103
52 0.423950379627 0.0491316834662 0.126437 0.543103
53 0.415901685214 0.069471502459 0.126437 0.543103
54 0.407171180095 0.113426591161 0.126437 0.543103
55 0.406414223029 0.138914225876 0.126437 0.543103
56 0.421214239487 0.0976424840571 0.126437 0.543103
57 0.449507579826 0.0409012567744 0.126437 0.543103
58 0.462383118874 0.0194281953572 0.126437 0.543103
59 0.445323877236 0.0527342504001 0.126437 0.543103
60 0.45525575377 0.016933938228 0.126437 0.543103
61 0.453092967713 0.00864213963198 0.126437 0.543103
62 0.452873662343 0.0267119893181 0.126437 0.543103
63 0.452959287432 0.00589186615816 0.126437 0.543103
64 0.447137729012 0.00742913929358 0.126437 0.543103
65 0.455408145982 0.00153528866753 0.126437 0.543103
66 0.471468207617 0.0 0.126437 0.543103
67 0.455068305159 0.0 0.126437 0.543103
68 0.454405462957 0.000425746985208 0.126437 0.543103
69 0.429700305487 0.0111877034369 0.126437 0.543103
70 0.405656025484 0.0848575309552 0.126437 0.543103
71 0.393946138688 0.163277499627 0.126437 0.543103
72 0.413478191904 0.0802165664669 0.126437 0.543103
73 0.406961424969 0.138557124712 0.126437 0.543103
74 0.353201798962 0.392694255311 0.126437 0.543103
75 0.32786762359 0.461283109836 0.126437 0.543103
76 0.323462812757 0.446995406033 0.126437 0.543103
77 0.319056169005 0.44443598987 0.126437 0.543103
78 0.327689138464 0.392435460135 0.126437 0.543103
79 0.334336881278 0.424804145125 0.126437 0.543103
80 0.323513281773 0.479946985482 0.126437 0.543103
81 0.302233523482 0.447147760453 0.126437 0.543103
82 0.322758883482 0.431961291027 0.126437 0.543103
83 0.308900271123 0.469108282291 0.126437 0.543103
84 0.292247966193 0.440822834075 0.126437 0.543103
85 0.306211383357 0.487599811928 0.126437 0.543103
86 0.312591088331 0.456459384365 0.126437 0.543103
87 0.328006264067 0.459731481022 0.126437 0.543103
88 0.323157698831 0.470531671559 0.126437 0.543103
89 0.315610971694 0.468926104691 0.126437 0.543103
90 0.346441014095 0.471034356793 0.126437 0.543103
91 0.343963532482 0.463491916735 0.126437 0.543103
92 0.359126793231 0.462307796993 0.126437 0.543103
93 0.423890817673 0.458333333333 0.126437 0.543103
94 0.47817265114 0.377499540725 0.126437 0.543103
95 0.480560638427 0.358935677822 0.126437 0.543103
96 0.475002072606 0.285582440355 0.126437 0.543103
97 0.481398293477 0.207022989291 0.126437 0.543103
98 0.473437404294 0.0230145389869 0.126437 0.543103
99 0.475681631897 0.0331352515571 0.126437 0.543103
100 0.471065338227 0.0372563752465 0.126437 0.543103
101 0.465706772556 0.0429567324681 0.126437 0.543103
102 0.471404956708 0.0246515958578 0.126437 0.543103
103 0.471998134918 0.0389147390593 0.126437 0.543103
104 0.439074368503 0.090266561865 0.126437 0.543103
105 0.451901210803 0.0498344398343 0.126437 0.543103
106 0.459874999844 0.0107982212078 0.126437 0.543103
107 0.471204637823 0.00773905836825 0.126437 0.543103
108 0.45508013598 0.00337373573086 0.126437 0.543103
109 0.457655869738 0.0 0.126437 0.543103
110 0.458190593234 0.0 0.126437 0.543103
111 0.450962634311 0.0267477694061 0.126437 0.543103
112 0.449695771589 0.0251009651373 0.126437 0.543103
113 0.440013774596 0.0260974896405 0.126437 0.543103
114 0.447200320858 0.0341639123164 0.126437 0.543103
115 0.446177537245 0.0526342574595 0.126437 0.543103
116 0.439176915244 0.0283177636477 0.126437 0.543103
117 0.426988270949 0.0726227624126 0.126437 0.543103
118 0.425818777556 0.108050646748 0.126437 0.543103
119 0.418048875461 0.0904475798966 0.126437 0.543103
120 0.411806852464 0.121891983291 0.126437 0.543103
121 0.432700275798 0.0546537160943 0.126437 0.543103
122 0.439527970895 0.0444504375671 0.126437 0.543103
123 0.431970984243 0.0708596043377 0.126437 0.543103
124 0.418929248153 0.111118258346 0.126437 0.543103
125 0.413431217195 0.142216468699 0.126437 0.543103
126 0.413956481958 0.14130738274 0.126437 0.543103
127 0.423946687274 0.0776537973461 0.126437 0.543103
128 0.429924555967 0.0607545456058 0.126437 0.543103
129 0.42926152753 0.0626030309328 0.126437 0.543103
130 0.444216015728 0.0206568948937 0.126437 0.543103
131 0.472790050517 0.00122374682959 0.126437 0.543103
132 0.429315207833 0.0266868786288 0.126437 0.543103
133 0.420955283961 0.0556436377455 0.126437 0.543103
134 0.41750759988 0.0704638885127 0.126437 0.543103
135 0.432211498893 0.0813015661876 0.126437 0.543103
136 0.44100510106 0.0597369436087 0.126437 0.543103
137 0.447363795497 0.021706715024 0.126437 0.543103
138 0.451449698289 0.030312185226 0.126437 0.543103
139 0.434979272741 0.0492331887989 0.126437 0.543103
140 0.427229366075 0.111038581456 0.126437 0.543103
141 0.410869793387 0.167741490925 0.126437 0.543103
142 0.425483305375 0.132881888433 0.126437 0.543103
143 0.441534404528 0.0692638352815 0.126437 0.543103
144 0.436093165318 0.0867468792694 0.126437 0.543103
145 0.438466445803 0.0734480515426 0.126437 0.543103
146 0.441947762878 0.0823810006809 0.126437 0.543103
147 0.453315438927 0.0567885536087 0.126437 0.543103
148 0.453578163115 0.052519685649 0.126437 0.543103
149 0.452830681403 0.0391426019251 0.126437 0.543103
150 0.448795239631 0.0961295347402 0.126437 0.543103
151 0.464220118042 0.0196317477267 0.126437 0.543103
152 0.453872072251 0.0119922391501 0.126437 0.543103
153 0.4316826127 0.140518277519 0.126437 0.543103
154 0.416554919476 0.204128406925 0.126437 0.543103
155 0.408064172614 0.226250612592 0.126437 0.543103
156 0.417816938955 0.200090832746 0.126437 0.543103
157 0.42051421568 0.176049833455 0.126437 0.543103
158 0.427678270085 0.159711276093 0.126437 0.543103
159 0.431838673174 0.170531694844 0.126437 0.543103
160 0.433306887239 0.0702186569015 0.126437 0.543103
161 0.432639953459 0.107492736921 0.126437 0.543103
162 0.445519064302 0.074531273022 0.126437 0.543103
163 0.452435576565 0.0439159666791 0.126437 0.543103
164 0.454435168344 0.0383303094869 0.126437 0.543103
165 0.447858061517 0.0189322023624 0.126437 0.543103
166 0.447554577092 0.0230452945049 0.126437 0.543103
167 0.437566402068 0.0425062939736 0.126437 0.543103
168 0.442256719087 0.0187656398749 0.126437 0.543103
169 0.440831582022 0.0390534009084 0.126437 0.543103
170 0.433358347938 0.0332430279045 0.126437 0.543103
171 0.439241568767 0.0102792170314 0.126437 0.543103
172 0.447857921569 0.0 0.126437 0.543103
173 0.444855951825 0.0 0.126437 0.543103
174 0.440310792142 0.0 0.126437 0.543103
175 0.438030841658 0.0358457364603 0.126437 0.543103
176 0.438590776727 0.0355232869951 0.126437 0.543103
177 0.419379876038 0.0971366962304 0.126437 0.543103
178 0.418900481055 0.0663622844477 0.126437 0.543103
179 0.407105774239 0.13597946445 0.126437 0.543103
180 0.414360832851 0.0592874239356 0.126437 0.543103
181 0.418873245687 0.0666619292274 0.126437 0.543103
182 0.399944076675 0.174005340411 0.126437 0.543103
183 0.392335618199 0.178093942341 0.126437 0.543103
184 0.390837720288 0.129508877148 0.126437 0.543103
185 0.398125601584 0.200386109625 0.126437 0.543103
186 0.414413866691 0.149224494005 0.126437 0.543103
187 0.427583172576 0.0657446248106 0.126437 0.543103
188 0.431774715665 0.0379977627982 0.126437 0.543103
189 0.425883506449 0.0904454872106 0.126437 0.543103
190 0.416575361539 0.0789441460612 0.126437 0.543103
191 0.412208148126 0.0521853605 0.126437 0.543103
192 0.407510625599 0.0711284095439 0.126437 0.543103
193 0.414969434293 0.0634379171418 0.126437 0.543103
194 0.408671206234 0.1206149556 0.126437 0.543103
195 0.421644600311 0.128933478848 0.126437 0.543103
196 0.399265433221 0.194076020044 0.126437 0.543103
197 0.417048787025 0.111304427428 0.126437 0.543103
198 0.403991326798 0.169523310336 0.126437 0.543103
199 0.401211017616 0.136451487448 0.126437 0.543103
200 0.414305934461 0.0971155775413 0.126437 0.543103
201 0.388385192114 0.200820595321 0.126437 0.543103
202 0.361258823692 0.293412927354 0.126437 0.543103
203 0.359061540231 0.286023434903 0.126437 0.543103
204 0.359243457272 0.298027000293 0.126437 0.543103
205 0.391284066406 0.224406782284 0.126437 0.543103
206 0.422713743683 0.158720277431 0.126437 0.543103
207 0.443594271539 0.140474853396 0.126437 0.543103
208 0.428119848175 0.154799664374 0.126437 0.543103
209 0.414111921459 0.155361847287 0.126437 0.543103
210 0.422483296404 0.142341788794 0.126437 0.543103
211 0.414239844375 0.118941221506 0.126437 0.543103
212 0.433699505076 0.0683867056436 0.126437 0.543103
213 0.448339632738 0.0455002122568 0.126437 0.543103
214 0.443820116343 0.0847042496052 0.126437 0.543103
215 0.429514724223 0.127355871292 0.126437 0.543103
216 0.408524293437 0.193358040635 0.126437 0.543103
217 0.386103769518 0.254875145775 0.126437 0.543103
218 0.401921135076 0.249602234018 0.126437 0.543103
219 0.432046407011 0.17863982622 0.126437 0.543103
220 0.427836696267 0.176584879483 0.126437 0.543103
221 0.398508824751 0.243533727004 0.126437 0.543103
222 0.391855288694 0.244106860745 0.126437 0.543103
223 0.38532344444 0.237919988302 0.126437 0.543103
224 0.409886745634 0.1720779808 0.126437 0.543103
225 0.428801043661 0.130950658619 0.126437 0.543103
226 0.437515328759 0.1024863329 0.126437 0.543103
227 0.460171167558 0.0535858396721 0.126437 0.543103
228 0.429995197546 0.141011921248 0.126437 0.543103
229 0.382754176938 0.28919685146 0.126437 0.543103
230 0.350647429975 0.417678905111 0.126437 0.543103
231 0.32235043709 0.395454910493 0.126437 0.543103
232 0.349489175955 0.390258498139 0.126437 0.543103
233 0.343319388141 0.419551102976 0.126437 0.543103
234 0.34712678877 0.42746705077 0.126437 0.543103
235 0.354536549849 0.418226993032 0.126437 0.543103
236 0.366538559577 0.413277485171 0.126437 0.543103
237 0.371293956591 0.39123307253 0.126437 0.543103
238 0.385507535482 0.32889974624 0.126437 0.543103
239 0.383842667044 0.365962611341 0.126437 0.543103
240 0.36287454753 0.448387210325 0.126437 0.543103
241 0.336369575216 0.514866476024 0.126437 0.543103
242 0.34125 0.543333333333 0.126437 0.543103
243 0.34093956508 0.577885411704 0.126437 0.543103
244 0.338175665972 0.570970245644 0.126437 0.543103
245 0.326371520981 0.559510850752 0.126437 0.543103
246 0.34044570452 0.520237279576 0.126437 0.543103
247 0.340639793381 0.505235328906 0.126437 0.543103
248 0.347898579351 0.471554944777 0.126437 0.543103
249 0.392712909603 0.274701555585 0.126437 0.543103
250 0.45737306421 0.0151038447229 0.126437 0.543103
251 0.496428819895 0.0 0.126437 0.543103
252 0.565016245876 0.0 0.126437 0.543103
253 0.609249570639 0.0 0.126437 0.543103
254 0.616007675053 0.0 0.126437 0.543103
255 0.637063622282 0.0 0.126437 0.543103
256 0.628444626674 0.0 0.126437 0.543103
257 0.641766588632 0.0 0.126437 0.543103
258 0.636423743055 0.0 0.126437 0.543103
259 0.636796896223 0.0 0.126437 0.543103
260 0.60611524812 0.0 0.126437 0.543103
261 0.529881430107 0.0 0.126437 0.543103
262 0.495430069639 0.0 0.126437 0.543103
263 0.480130949647 0.00767858272953 0.126437 0.543103
264 0.492653326906 0.0 0.126437 0.543103
265 0.492885466994 0.0 0.126437 0.543103
266 0.490693414995 0.00425712945481 0.126437 0.543103
267 0.462495422146 0.0291856925827 0.126437 0.543103
268 0.379749473726 0.18426985652 0.126437 0.543103
269 0.385973160473 0.252469673482 0.126437 0.543103
270 0.442409057883 0.0888399180093 0.126437 0.543103
271 0.383687337108 0.261938282891 0.126437 0.543103
272 0.373478494982 0.256805701933 0.126437 0.543103
273 0.399435361328 0.132282661889 0.126437 0.543103
274 0.362807156395 0.336991189927 0.126437 0.543103
275 0.339686048305 0.415577015608 0.126437 0.543103
276 0.335080702634 0.46928739889 0.126437 0.543103
277 0.347997300638 0.482438139499 0.126437 0.543103
278 0.36690213477 0.470574995949 0.126437 0.543103
279 0.395531903871 0.308549608256 0.126437 0.543103
280 0.441823006718 0.240271269483 0.126437 0.543103
281 0.386377465738 0.359141139293 0.126437 0.543103
282 0.43459245378 0.330619960442 0.126437 0.543103
283 0.474445534725 0.349268459656 0.126437 0.543103
284 0.536261183861 0.346493195974 0.126437 0.543103
285 0.564518772621 0.299314019891 0.126437 0.543103
286 0.611712459893 0.0729999384815 0.126437 0.543103
287 0.662335968844 0.0244671087569 0.126437 0.543103
288 0.696217079115 0.0175692884505 0.126437 0.543103
289 0.740566863678 0.0 0.126437 0.543103
290 0.764921167577 0.0 0.126437 0.543103
291 0.738826278619 0.0 0.126437 0.543103
292 0.746985888421 0.0 0.126437 0.543103
293 0.736706160622 0.0 0.126437 0.543103
294 0.725849678914 0.0 0.126437 0.543103
295 0.718215314883 0.0 0.126437 0.543103
296 0.697945327826 0.0 0.126437 0.543103
297 0.692774085443 0.0 0.126437 0.543103
298 0.680153232789 0.0 0.126437 0.543103
299 0.635667623692 0.0 0.126437 0.543103
300 0.54717282439 0.0 0.126437 0.543103
301 0.469748073787 0.0 0.126437 0.543103
302 0.43364528382 0.0351759116916 0.126437 0.543103
303 0.386735716932 0.192208999716 0.126437 0.543103
304 0.442874143393 0.0250197373931 0.126437 0.543103
305 0.490771303204 0.00152233928381 0.126437 0.543103
306 0.489185544223 0.0 0.126437 0.543103
307 0.486600458441 0.0 0.126437 0.543103
308 0.482640700675 0.0 0.126437 0.543103
309 0.484089203441 0.0 0.126437 0.543103
310 0.486039864652 0.0 0.126437 0.543103
311 0.47232649869 0.0341207493345 0.126437 0.543103
312 0.46978847049 0.0681517064601 0.126437 0.543103
313 0.454235561356 0.111139932948 0.126437 0.543103
314 0.427196659745 0.169766271136 0.126437 0.543103
315 0.427483607441 0.159024124405 0.126437 0.543103
316 0.418719323022 0.213447127792 0.126437 0.543103
317 0.393974100026 0.266193821007 0.126437 0.543103
318 0.44292384631 0.113937684865 0.126437 0.543103
319 0.473075008773 0.0035741378709 0.126437 0.543103
320 0.459723647785 0.0294710338874 0.126437 0.543103
321 0.449824790857 0.0546288833542 0.126437 0.543103
322 0.42262346038 0.0736324469811 0.126437 0.543103
323 0.399061929441 0.137294014904 0.126437 0.543103
324 0.36517851492 0.333395324242 0.126437 0.543103
325 0.332274644398 0.456165334484 0.126437 0.543103
326 0.311157729838 0.491856948181 0.126437 0.543103
327 0.329690546598 0.523409585579 0.126437 0.543103
328 0.33125 0.560564184977 0.126437 0.543103
329 0.334375 0.51379781066 0.126437 0.543103
330 0.339149253104 0.53591403683 0.126437 0.543103
331 0.3403593301 0.507121362211 0.126437 0.543103
332 0.338863902258 0.473149080353 0.126437 0.543103
333 0.344736141464 0.458666603107 0.126437 0.543103
334 0.349852771461 0.458333333333 0.126437 0.543103
335 0.34648847911 0.458333333333 0.126437 0.543103
336 0.344316223804 0.458333333333 0.126437 0.543103
337 0.352902578311 0.454852979598 0.126437 0.543103
338 0.359669493502 0.45664874734 0.126437 0.543103
339 0.367211053434 0.458333333333 0.126437 0.543103
340 0.350031195829 0.455416713602 0.126437 0.543103
341 0.355079283475 0.464372291337 0.126437 0.543103
342 0.358269691504 0.459159172813 0.126437 0.543103
343 0.360046088782 0.458791124242 0.126437 0.543103
344 0.371275265276 0.435216205754 0.126437 0.543103
345 0.440168130305 0.175000100355 0.126437 0.543103
346 0.493168194842 0.0 0.126437 0.543103
347 0.536702257902 0.0 0.126437 0.543103
348 0.608711482836 0.0 0.126437 0.543103
349 0.663846569232 0.0 0.126437 0.543103
350 0.634554338319 0.0 0.126437 0.543103
351 0.712446202633 0.0 0.126437 0.543103
352 0.734498334035 0.0 0.126437 0.543103
353 0.744441244236 0.0 0.126437 0.543103
354 0.76851477492 0.0 0.126437 0.543103
355 0.73797257364 0.0 0.126437 0.543103
356 0.698103869819 0.0 0.126437 0.543103
357 0.691275644341 0.0 0.126437 0.543103
358 0.669444578145 0.0 0.126437 0.543103
359 0.656164198107 0.0 0.126437 0.543103
360 0.623039079856 0.0 0.126437 0.543103
361 0.552102899904 0.0 0.126437 0.543103
362 0.451591521024 0.0487220128292 0.126437 0.543103
363 0.388418625375 0.252223890921 0.126437 0.543103
364 0.367852267422 0.363786879331 0.126437 0.543103
365 0.345891597708 0.461579557614 0.126437 0.543103
366 0.326380799277 0.48751016705 0.126437 0.543103
367 0.351689000116 0.463553853095 0.126437 0.543103
368 0.357361866801 0.473462579844 0.126437 0.543103
369 0.362834997452 0.467777231814 0.126437 0.543103
370 0.361692395136 0.461185016416 0.126437 0.543103
371 0.357390989547 0.452710248828 0.126437 0.543103
372 0.352018144655 0.466435395509 0.126437 0.543103
373 0.35465744439 0.445033454891 0.126437 0.543103
374 0.349454539597 0.482953085595 0.126437 0.543103
375 0.36660528438 0.389250425907 0.126437 0.543103
376 0.382625265267 0.327976424456 0.126437 0.543103
377 0.406037552589 0.277909910564 0.126437 0.543103
378 0.437338263419 0.182005519333 0.126437 0.543103
379 0.458695922306 0.112791602356 0.126437 0.543103
380 0.449164702863 0.0511269893397 0.126437 0.543103
381 0.447671628705 0.0754797045388 0.126437 0.543103
382 0.44128261564 0.150797814898 0.126437 0.543103
383 0.416414249705 0.205234750228 0.126437 0.543103
384 0.383309863694 0.304920511354 0.126437 0.543103
385 0.39844461923 0.248327403393 0.126437 0.543103
386 0.425592261767 0.182793208296 0.126437 0.543103
387 0.449332192587 0.0689275697661 0.126437 0.543103
388 0.447268979626 0.0798056104609 0.126437 0.543103
389 0.436063365859 0.118155994733 0.126437 0.543103
390 0.404309121062 0.175315512008 0.126437 0.543103
391 0.392875672846 0.220282968021 0.126437 0.543103
392 0.389906776505 0.223343882841 0.126437 0.543103
393 0.420608743052 0.186616091829 0.126437 0.543103
394 0.428005121778 0.190132081883 0.126437 0.543103
395 0.421886116068 0.220939948258 0.126437 0.543103
396 0.42987414885 0.120325614479 0.126437 0.543103
397 0.41818159999 0.0849067490624 0.126437 0.543103
398 0.422555822842 0.0930200868966 0.126437 0.543103
399 0.423981223239 0.120729725769 0.126437 0.543103
400 0.416751141782 0.128949045881 0.126437 0.543103
401 0.400583301707 0.146384956211 0.126437 0.543103
402 0.40031804442 0.202999558144 0.126437 0.543103
403 0.413805933948 0.147125558133 0.126437 0.543103
404 0.449667253706 0.0923397384704 0.126437 0.543103
405 0.457748333624 0.0723495376422 0.126437 0.543103
406 0.436726018031 0.111522799139 0.126437 0.543103
407 0.432151536924 0.126378666683 0.126437 0.543103
408 0.432784477009 0.126853046073 0.126437 0.543103
409 0.438102788851 0.10504631399 0.126437 0.543103
410 0.455198679097 0.0808848991721 0.126437 0.543103
411 0.443816338396 0.102041447997 0.126437 0.543103
412 0.448608795132 0.0828736736402 0.126437 0.543103
413 0.454875539891 0.0785898672329 0.126437 0.543103
414 0.469205101254 0.0331956771253 0.126437 0.543103
415 0.476002255523 0.0281446286068 0.126437 0.543103
416 0.494904025386 0.00260882923773 0.126437 0.543103
417 0.49201762859 0.0139865657865 0.126437 0.543103
418 0.465305788439 0.0481194811258 0.126437 0.543103
419 0.45783034878 0.0653633030676 0.126437 0.543103
420 0.437481163897 0.114152504364 0.126437 0.543103
421 0.436099574946 0.134328905478 0.126437 0.543103
422 0.437243825134 0.108836553388 0.126437 0.543103
423 0.436587934431 0.152831576044 0.126437 0.543103
424 0.432562161164 0.129507421842 0.126437 0.543103
425 0.415023958957 0.171481838537 0.126437 0.543103
426 0.415378190466 0.160950067021 0.126437 0.543103
427 0.422826602138 0.176546316538 0.126437 0.543103
428 0.418853605949 0.133295172625 0.126437 0.543103
429 0.398497226289 0.194512522699 0.126437 0.543103
430 0.405897870452 0.205225307266 0.126437 0.543103
431 0.396186766565 0.180595762642 0.126437 0.543103
432 0.396361651774 0.192781803797 0.126437 0.543103
433 0.386558649754 0.214014296648 0.126437 0.543103
434 0.373354487044 0.251363024613 0.126437 0.543103
435 0.364717528667 0.259163051722 0.126437 0.543103
436 0.361526644782 0.257360101891 0.126437 0.543103
437 0.359893692184 0.266956222802 0.126437 0.543103
438 0.362834881219 0.236948447578 0.126437 0.543103
439 0.367809706698 0.237615907642 0.126437 0.543103
440 0.385048644301 0.219744654185 0.126437 0.543103
441 0.396524332784 0.208988014381 0.126437 0.543103
442 0.377581829074 0.220750504854 0.126437 0.543103
443 0.372507894205 0.206243421496 0.126437 0.543103
444 0.379117787682 0.208319755885 0.126437 0.543103
445 0.392644876011 0.214008778307 0.126437 0.543103
446 0.407064376085 0.198078846007 0.126437 0.543103
447 0.401772951285 0.216605235592 0.126437 0.543103
448 0.374355959486 0.14527228025 0.126437 0.543103
449 0.331994541262 0.00737240295278 0.126437 0.543103
450 0.382579706542 0.00240036444534 0.126437 0.543103
451 0.488303663434 0.0 0.126437 0.543103
452 0.497962747835 0.0 0.126437 0.543103
453 0.584503036192 0.0 0.126437 0.543103
454 0.61856703598 0.0 0.126437 0.543103
455 0.632798151888 0.0 0.126437 0.543103
456 0.64038632082 0.0 0.126437 0.543103
457 0.645087635987 0.0 0.126437 0.543103
458 0.637169081086 0.0 0.126437 0.543103
459 0.624008002544 0.00336788201874 0.126437 0.543103
460 0.489485102007 0.153492527971 0.126437 0.543103
461 0.42802939276 0.207351670923 0.126437 0.543103
462 0.288424224419 0.0682775032363 0.126437 0.543103
463 0.23608478402 0.0 0.126437 0.543103
464 0.173431981132 0.0 0.126437 0.543103
465 0.104527754059 0.0 0.126437 0.543103
466 0.053733111669 0.0 0.126437 0.543103
467 0.0134712487123 0.0 0.126437 0.543103
468 0.0145011368447 0.0 0.126437 0.543103
469 0.0 0.0 0.126437 0.543103
470 0.0 0.0 0.126437 0.543103
471 0.00101164632801 0.0 0.126437 0.543103
472 0.00459491205575 0.0 0.126437 0.543103
473 0.0148801092559 0.0 0.126437 0.543103
474 0.0265914400786 0.0 0.126437 0.543103
475 0.0425356853786 0.0 0.126437 0.543103
476 0.10332604369 0.0 0.126437 0.543103
477 0.160709628485 0.0 0.126437 0.543103
478 0.166582793717 0.0 0.126437 0.543103
479 0.0747850634073 0.0 0.126437 0.543103
480 0.0695419265982 0.0 0.126437 0.543103
481 0.16819975509 0.0 0.126437 0.543103
482 0.371253917199 0.0 0.126437 0.543103
483 0.478683459144 0.00618779804344 0.126437 0.543103
484 0.4853548043 0.0 0.126437 0.543103
485 0.493036366401 0.0 0.126437 0.543103
486 0.488289284017 0.0 0.126437 0.543103
487 0.491358479019 0.0 0.126437 0.543103
488 0.497466254324 0.0 0.126437 0.543103
489 0.49852811412 0.0 0.126437 0.543103
490 0.507767283795 0.0 0.126437 0.543103
491 0.505418382983 0.0 0.126437 0.543103
492 0.501216326652 0.0 0.126437 0.543103
493 0.508101278994 0.0 0.126437 0.543103
494 0.509133690927 0.0 0.126437 0.543103
495 0.519104802787 0.0 0.126437 0.543103
496 0.516983743561 0.0 0.126437 0.543103
497 0.524157436455 0.0 0.126437 0.543103
498 0.53365570618 0.0 0.126437 0.543103
499 0.531981281622 0.0 0.126437 0.543103
500 0.54442115912 0.0 0.126437 0.543103
501 0.543904876328 0.0 0.126437 0.543103
502 0.544788571858 0.0 0.126437 0.543103
503 0.552152972031 0.0 0.126437 0.543103
504 0.559293045079 0.0 0.126437 0.543103
505 0.57273976746 0.0 0.126437 0.543103
506 0.566450617121 0.0 0.126437 0.543103
507 0.570331299865 0.0 0.126437 0.543103
508 0.58094873344 0.0 0.126437 0.543103
509 0.585137078353 0.0 0.126437 0.543103
510 0.601768482875 0.0 0.126437 0.543103
511 0.600856696312 0.0 0.126437 0.543103
512 0.614286783537 0.0 0.126437 0.543103
513 0.62247385747 0.0 0.126437 0.543103
514 0.626661456755 0.0 0.126437 0.543103
515 0.635474911034 0.0 0.126437 0.543103
516 0.646203253284 0.0 0.126437 0.543103
517 0.657720168307 0.0 0.126437 0.543103
518 0.647760816767 0.0 0.126437 0.543103
519 0.641238699252 0.0 0.126437 0.543103
520 0.636283091422 0.0 0.126437 0.543103
521 0.653986204315 0.0 0.126437 0.543103
522 0.651646918865 0.0 0.126437 0.543103
523 0.64610483875 0.0 0.126437 0.543103
524 0.654126845237 0.0 0.126437 0.543103
525 0.645901606123 0.0 0.126437 0.543103
526 0.634680866141 0.0 0.126437 0.543103
527 0.632633393486 0.0 0.126437 0.543103
528 0.642943892769 0.0 0.126437 0.543103
529 0.641149753726 0.0 0.126437 0.543103
530 0.647743293697 0.0 0.126437 0.543103
531 0.661206856831 0.0 0.126437 0.543103
532 0.680151752146 0.0 0.126437 0.543103
533 0.693709388187 0.0 0.126437 0.543103
534 0.695310904067 0.0 0.126437 0.543103
535 0.699330776964 0.0 0.126437 0.543103
536 0.700610616104 0.0 0.126437 0.543103
537 0.701837122588 0.0 0.126437 0.543103
538 0.714368246034 0.0 0.126437 0.543103
539 0.711892210003 0.0 0.126437 0.543103
540 0.711465073522 0.0123062194872 0.126437 0.543103
541 0.711430693954 0.00333417596358 0.126437 0.543103
542 0.721415580851 0.0 0.126437 0.543103
543 0.722086257666 0.0 0.126437 0.543103
544 0.679653743121 0.0 0.126437 0.543103
545 0.596234086517 0.0 0.126437 0.543103
546 0.525343115635 0.0 0.126437 0.543103
547 0.485052453887 0.0 0.126437 0.543103
548 0.489390159824 0.0 0.126437 0.543103
549 0.453184385845 0.0 0.126437 0.543103
550 0.419032490543 0.0 0.126437 0.543103
551 0.454399118334 0.0 0.126437 0.543103
552 0.411073107587 0.0 0.126437 0.543103
553 0.52545749824 0.0 0.126437 0.543103
554 0.545678980104 0.0 0.126437 0.543103
555 0.485347232445 0.0 0.126437 0.543103
556 0.494387104057 0.0 0.126437 0.543103
557 0.504329212408 0.0 0.126437 0.543103
558 0.524723188559 0.0 0.126437 0.543103
559 0.529586435225 0.0 0.126437 0.543103
560 0.555255879128 0.0 0.126437 0.543103
561 0.565388358935 0.0 0.126437 0.543103
562 0.529830133529 0.0 0.126437 0.543103
563 0.512809327498 0.0 0.126437 0.543103
564 0.529314166679 0.0 0.126437 0.543103
565 0.534709428949 0.0 0.126437 0.543103
566 0.52551986186 0.0 0.126437 0.543103
567 0.5242210085 0.0 0.126437 0.543103
568 0.527148336236 0.0 0.126437 0.543103
569 0.527320039031 0.0 0.126437 0.543103
570 0.543791355255 0.0 0.126437 0.543103
571 0.567931340717 0.0 0.126437 0.543103
572 0.543974273572 0.0 0.126437 0.543103
573 0.548025065264 0.0 0.126437 0.543103
574 0.550737694311 0.0 0.126437 0.543103
575 0.539032702789 0.0 0.126437 0.543103
576 0.53698777911 0.0 0.126437 0.543103
577 0.530497300893 0.0 0.126437 0.543103
578 0.537317370413 0.0 0.126437 0.543103
579 0.543149044765 0.0 0.126437 0.543103
580 0.546997987246 0.0 0.126437 0.543103
581 0.546374967001 0.0 0.126437 0.543103
582 0.552895733403 0.0 0.126437 0.543103
583 0.566140589468 0.0 0.126437 0.543103
584 0.557144837775 0.0 0.126437 0.543103
585 0.552401816777 0.0 0.126437 0.543103
586 0.548146024881 0.0 0.126437 0.543103
587 0.553029638392 0.0 0.126437 0.543103
588 0.548805004532 0.0 0.126437 0.543103
589 0.548266144033 0.0 0.126437 0.543103
590 0.552018265114 0.0 0.126437 0.543103
591 0.563382660739 0.0 0.126437 0.543103
592 0.559457407284 0.0 0.126437 0.543103
593 0.560245284599 0.0 0.126437 0.543103
594 0.53575656329 0.0 0.126437 0.543103
595 0.53066522675 0.0 0.126437 0.543103
596 0.535827768663 0.0 0.126437 0.543103
597 0.534988995724 0.0 0.126437 0.543103
598 0.531329653447 0.0 0.126437 0.543103
599 0.522254834695 0.0 0.126437 0.543103
600 0.519957082699 0.00599310283156 0.126437 0.543103
601 0.517847438024 0.0 0.126437 0.543103
602 0.50625 0.0 0.126437 0.543103
603 0.493233604267 0.0 0.126437 0.543103
604 0.473786892997 0.0 0.126437 0.543103
605 0.473834339781 0.0 0.126437 0.543103
606 0.459841205235 0.00341769168601 0.126437 0.543103
607 0.462251257244 0.0146727340791 0.126437 0.543103
608 0.468341186129 0.0 0.126437 0.543103
609 0.469017866945 0.0244572274436 0.126437 0.543103
610 0.470052990309 0.0 0.126437 0.543103
611 0.463300365551 0.0 0.126437 0.543103
612 0.454022776696 0.0 0.126437 0.543103
613 0.453445293106 0.0078321454433 0.126437 0.543103
614 0.459089263358 0.0337792195773 0.126437 0.543103
615 0.459141479666 0.105600932577 0.126437 0.543103
616 0.459195052365 0.102995129819 0.126437 0.543103
617 0.465301121756 0.0880233714128 0.126437 0.543103
618 0.456454597507 0.0660376454467 0.126437 0.543103
619 0.466221219587 0.0948302739164 0.126437 0.543103
620 0.461871612914 0.117938747809 0.126437 0.543103
621 0.457430946538 0.0825585743781 0.126437 0.543103
622 0.457249175338 0.100883957405 0.126437 0.543103
623 0.432109219922 0.154310806894 0.126437 0.543103
624 0.436607117637 0.143537120997 0.126437 0.543103
625 0.441171808625 0.155202145811 0.126437 0.543103
626 0.445208950049 0.125849061234 0.126437 0.543103
627 0.427791989413 0.126789937696 0.126437 0.543103
628 0.425193341047 0.125707236438 0.126437 0.543103
629 0.428613485926 0.109231087866 0.126437 0.543103
630 0.426856429945 0.198214353653 0.126437 0.543103
631 0.422516775972 0.160909658128 0.126437 0.543103
632 0.416698808649 0.12549240731 0.126437 0.543103
633 0.418506457175 0.10258302739 0.126437 0.543103
634 0.427090655268 0.0029665832291 0.126437 0.543103
635 0.432612245819 0.0 0.126437 0.543103
636 0.405588005532 0.0 0.126437 0.543103
637 0.430640076858 0.0 0.126437 0.543103
638 0.434096123982 0.0 0.126437 0.543103
639 0.438967525014 0.0 0.126437 0.543103
640 0.432180490423 0.0 0.126437 0.543103
641 0.436951443287 0.0 0.126437 0.543103
642 0.431781926289 0.0 0.126437 0.543103
643 0.43209467924 0.0 0.126437 0.543103
644 0.425424765546 0.0 0.126437 0.543103
645 0.424349615997 0.0 0.126437 0.543103
646 0.420551613535 0.0 0.126437 0.543103
647 0.415537714959 0.0 0.126437 0.543103
648 0.409520377109 0.0 0.126437 0.543103
649 0.398078085534 0.0 0.126437 0.543103
650 0.384224805814 0.0 0.126437 0.543103
651 0.341303029798 0.0 0.126437 0.543103
652 0.371210867004 0.0 0.126437 0.543103
653 0.406723176397 0.0 0.126437 0.543103
654 0.392234143587 0.0 0.126437 0.543103
655 0.408082930923 0.0 0.126437 0.543103
656 0.427183509752 0.0 0.126437 0.543103
657 0.399642768922 0.0 0.126437 0.543103
658 0.447679429727 0.0 0.126437 0.543103
659 0.435882403019 0.0 0.126437 0.543103
660 0.466256841025 0.0 0.126437 0.543103
661 0.468154067397 0.0 0.126437 0.543103
662 0.476893449117 0.0 0.126437 0.543103
663 0.47844667164 0.0 0.126437 0.543103
664 0.479714126285 0.0 0.126437 0.543103
665 0.481956271571 0.0 0.126437 0.543103
666 0.4806552563 0.0 0.126437 0.543103
667 0.48026806434 0.0 0.126437 0.543103
668 0.480580057328 0.0 0.126437 0.543103
669 0.492385898298 0.0 0.126437 0.543103
670 0.496726145393 0.0 0.126437 0.543103
671 0.492931183367 0.0 0.126437 0.543103
672 0.493988930012 0.0 0.126437 0.543103
673 0.49141545592 0.0 0.126437 0.543103
674 0.486039095185 0.0 0.126437 0.543103
675 0.509375 0.0 0.126437 0.543103
676 0.515625 0.0 0.126437 0.543103
677 0.519978421935 0.0 0.126437 0.543103
678 0.528009333206 0.0 0.126437 0.543103
679 0.536035805497 0.0 0.126437 0.543103
680 0.538538284876 0.0 0.126437 0.543103
681 0.542565849934 0.0 0.126437 0.543103
682 0.535353202302 0.0 0.126437 0.543103
683 0.525406719726 0.0 0.126437 0.543103
684 0.526659874618 0.0 0.126437 0.543103
685 0.51958776933 0.0 0.126437 0.543103
686 0.514151502176 0.0 0.126437 0.543103
687 0.513816295481 0.0 0.126437 0.543103
688 0.517299932804 0.0 0.126437 0.543103
689 0.523476101652 0.0 0.126437 0.543103
690 0.514087157202 0.0 0.126437 0.543103
691 0.515192722065 0.0 0.126437 0.543103
692 0.520908666371 0.0 0.126437 0.543103
693 0.519572458241 0.0 0.126437 0.543103
694 0.508190927293 0.0 0.126437 0.543103
695 0.507541072144 0.0 0.126437 0.543103
696 0.531846947865 0.0 0.126437 0.543103
697 0.522866408199 0.0 0.126437 0.543103
698 0.510257170088 0.0 0.126437 0.543103
699 0.510978880688 0.0 0.126437 0.543103
700 0.511682720708 0.0 0.126437 0.543103
701 0.517203303182 0.0 0.126437 0.543103
702 0.53125 0.0 0.126437 0.543103
703 0.541949291738 0.0 0.126437 0.543103
704 0.538173481976 0.0 0.126437 0.543103
705 0.525352897625 0.0 0.126437 0.543103
706 0.530187117266 0.0172334037659 0.126437 0.543103
707 0.525495680017 0.00978949691006 0.126437 0.543103
708 0.526430216751 0.0014235658493 0.126437 0.543103
709 0.520582085159 0.0 0.126437 0.543103
710 0.524141675999 0.0 0.126437 0.543103
711 0.524242090959 0.0 0.126437 0.543103
712 0.51104559925 0.0 0.126437 0.543103
713 0.510310631859 0.0 0.126437 0.543103
714 0.518761460288 0.0 0.126437 0.543103
715 0.507741876024 0.0 0.126437 0.543103
716 0.515939805331 0.0 0.126437 0.543103
717 0.525051612993 0.0 0.126437 0.543103
718 0.513424161186 0.0 0.126437 0.543103
719 0.509601822759 0.0 0.126437 0.543103
720 0.512337136555 0.0 0.126437 0.543103
721 0.512968541721 0.0 0.126437 0.543103
722 0.514780611118 0.0 0.126437 0.543103
723 0.523532209216 0.0 0.126437 0.543103
724 0.521115969743 0.0 0.126437 0.543103
725 0.526126049841 0.0 0.126437 0.543103
726 0.513936122934 0.0 0.126437 0.543103
727 0.506913652059 0.0 0.126437 0.543103
728 0.505063936457 0.0 0.126437 0.543103
729 0.497572972558 0.0 0.126437 0.543103
730 0.504763081861 0.0 0.126437 0.543103
731 0.507493516093 0.0 0.126437 0.543103
732 0.511206465738 0.0 0.126437 0.543103
733 0.520552428201 0.0 0.126437 0.543103
734 0.5244386982 0.0 0.126437 0.543103
735 0.513880416218 0.0 0.126437 0.543103
736 0.505973347117 0.0 0.126437 0.543103
737 0.502189149772 0.0 0.126437 0.543103
738 0.498102308142 0.0 0.126437 0.543103
739 0.495832020045 0.0 0.126437 0.543103
740 0.493083442608 0.0 0.126437 0.543103
741 0.478025339608 0.0 0.126437 0.543103
742 0.480195238044 0.0 0.126437 0.543103
743 0.479583946654 0.0 0.126437 0.543103
744 0.487928487994 0.0 0.126437 0.543103
745 0.485191449153 0.0 0.126437 0.543103
746 0.488658072895 0.0 0.126437 0.543103
747 0.490099816746 0.0 0.126437 0.543103
748 0.482689649966 0.0 0.126437 0.543103
749 0.478487869598 0.0 0.126437 0.543103
750 0.464816958094 0.00756120190778 0.126437 0.543103
751 0.459034804819 0.0 0.126437 0.543103
752 0.451074558435 0.0 0.126437 0.543103
753 0.451059940006 0.0 0.126437 0.543103
754 0.453751148842 0.0 0.126437 0.543103
755 0.485228856779 0.0 0.126437 0.543103
756 0.466214186223 0.0 0.126437 0.543103
757 0.451683394574 0.0 0.126437 0.543103
758 0.461626557304 0.0 0.126437 0.543103
759 0.462523917253 0.0 0.126437 0.543103
760 0.465668440573 0.0 0.126437 0.543103
761 0.465824433331 0.0 0.126437 0.543103
762 0.470322350405 0.0 0.126437 0.543103
763 0.44279570493 0.0 0.126437 0.543103
764 0.416249846735 0.0 0.126437 0.543103
765 0.427490272146 0.0 0.126437 0.543103
766 0.433147852551 0.0 0.126437 0.543103
767 0.424419625734 0.0 0.126437 0.543103
768 0.442235205318 0.0 0.126437 0.543103
769 0.467001748232 0.0 0.126437 0.543103
770 0.464231285242 0.0 0.126437 0.543103
771 0.473754568579 0.0 0.126437 0.543103
772 0.482866164783 0.0 0.126437 0.543103
773 0.494807599237 0.0 0.126437 0.543103
774 0.529217491345 0.0 0.126437 0.543103
775 0.574662269671 0.0 0.126437 0.543103
776 0.548350070056 0.0 0.126437 0.543103
777 0.52642877201 0.0 0.126437 0.543103
778 0.511063223285 0.0 0.126437 0.543103
779 0.485230366554 0.0 0.126437 0.543103
780 0.470748652435 0.0 0.126437 0.543103
781 0.474483065382 0.0 0.126437 0.543103
782 0.478832147384 0.0 0.126437 0.543103
783 0.502812136859 0.0 0.126437 0.543103
784 0.501203870747 0.00517236877815 0.126437 0.543103
785 0.492963957207 0.0 0.126437 0.543103
786 0.485573900871 0.0 0.126437 0.543103
787 0.476600296539 0.0 0.126437 0.543103
788 0.481156376998 0.0 0.126437 0.543103
789 0.462871949797 0.0 0.126437 0.543103
790 0.475654703164 0.0 0.126437 0.543103
791 0.47798774772 0.0 0.126437 0.543103
792 0.498576466297 0.0 0.126437 0.543103
793 0.502789766426 0.0 0.126437 0.543103
794 0.50198316134 0.0 0.126437 0.543103
795 0.497284041647 0.0 0.126437 0.543103
796 0.495862865221 0.0 0.126437 0.543103
797 0.508201711041 0.0 0.126437 0.543103
798 0.518490023734 0.0 0.126437 0.543103
799 0.514470001771 0.0 0.126437 0.543103
800 0.516331289344 0.0 0.126437 0.543103
801 0.515329782338 0.0 0.126437 0.543103
802 0.507961499375 0.0 0.126437 0.543103
803 0.507491136035 0.0 0.126437 0.543103
804 0.507777799667 0.0 0.126437 0.543103
805 0.512868907117 0.0 0.126437 0.543103
806 0.51942575784 0.0 0.126437 0.543103
807 0.520212593196 0.0 0.126437 0.543103
808 0.520995765154 0.0 0.126437 0.543103
809 0.531733939194 0.0 0.126437 0.543103
810 0.544377683823 0.0 0.126437 0.543103
811 0.549077641645 0.0 0.126437 0.543103
812 0.556591166208 0.0 0.126437 0.543103
813 0.542662509208 0.0 0.126437 0.543103
814 0.551015415188 0.0 0.126437 0.543103
815 0.558287641463 0.0 0.126437 0.543103
816 0.567901195552 0.0 0.126437 0.543103
817 0.565635152924 0.0 0.126437 0.543103
818 0.572178404378 0.0 0.126437 0.543103
819 0.576846989558 0.0 0.126437 0.543103
820 0.571417447327 0.0 0.126437 0.543103
821 0.57756606219 0.0 0.126437 0.543103
822 0.58615015571 0.0 0.126437 0.543103
823 0.592424579148 0.0 0.126437 0.543103
824 0.59754053933 0.0 0.126437 0.543103
825 0.616684204854 0.0 0.126437 0.543103
826 0.626040044101 0.0 0.126437 0.543103
827 0.628217936152 0.0 0.126437 0.543103
828 0.628752204553 0.00503880993277 0.126437 0.543103
829 0.650979628834 0.00831375233663 0.126437 0.543103
830 0.63699704042 0.0 0.126437 0.543103
831 0.633953802412 0.0 0.126437 0.543103
832 0.63367341881 0.0 0.126437 0.543103
833 0.642182600843 0.0 0.126437 0.543103
834 0.638578776512 0.0 0.126437 0.543103
835 0.637461199578 0.0 0.126437 0.543103
836 0.666252819533 0.0 0.126437 0.543103
837 0.684781604164 0.0 0.126437 0.543103
838 0.696508767442 0.0 0.126437 0.543103
839 0.70847903324 0.0 0.126437 0.543103
840 0.658779079355 0.0 0.126437 0.543103
841 0.649157143123 0.0 0.126437 0.543103
842 0.638868782519 0.0 0.126437 0.543103
843 0.62843632141 0.0 0.126437 0.543103
844 0.628712294032 0.000832975910549 0.126437 0.543103
845 0.626552750999 0.000685265837572 0.126437 0.543103
846 0.620473078858 0.00503873411563 0.126437 0.543103
847 0.615479893212 0.0178280523122 0.126437 0.543103
848 0.633227911166 0.0019974818953 0.126437 0.543103
849 0.632851369265 0.0 0.126437 0.543103
850 0.632511095038 0.0 0.126437 0.543103
851 0.630351353327 0.0 0.126437 0.543103
852 0.621488854786 0.0 0.126437 0.543103
853 0.627742159539 0.0 0.126437 0.543103
854 0.622364957865 0.0 0.126437 0.543103
855 0.615066458227 0.0 0.126437 0.543103
856 0.629437665963 0.0 0.126437 0.543103
857 0.61985439979 0.0 0.126437 0.543103
858 0.616655048404 0.0 0.126437 0.543103
859 0.605091190938 0.0 0.126437 0.543103
860 0.570517391731 0.0 0.126437 0.543103
861 0.579900159955 0.00290960837557 0.126437 0.543103
862 0.605579810722 0.0 0.126437 0.543103
863 0.649836364677 0.0 0.126437 0.543103
864 0.65268263463 0.0 0.126437 0.543103
865 0.652248358934 0.0 0.126437 0.543103
866 0.673836248904 0.0 0.126437 0.543103
867 0.712867343126 0.0 0.126437 0.543103
868 0.676685754052 0.0 0.126437 0.543103
869 0.716509516132 0.0 0.126437 0.543103
870 0.630301338957 0.0688052225037 0.126437 0.543103
871 0.569926841236 0.206116898793 0.126437 0.543103
872 0.574490167114 0.175395685733 0.126437 0.543103
873 0.597553254367 0.172247996744 0.126437 0.543103
874 0.608897339076 0.181635911782 0.126437 0.543103
875 0.618230596625 0.174622334934 0.126437 0.543103
876 0.645322769151 0.180212605575 0.126437 0.543103
877 0.66199268111 0.171057761223 0.126437 0.543103
878 0.672678096824 0.202436614567 0.126437 0.543103
879 0.636093291166 0.269435225162 0.126437 0.543103
880 0.612210520392 0.284213022103 0.126437 0.543103
881 0.601894530315 0.2763628668 0.126437 0.543103
882 0.606207404735 0.277115089947 0.126437 0.543103
883 0.604300085309 0.282598892524 0.126437 0.543103
884 0.611877521948 0.298716156411 0.126437 0.543103
885 0.60755707393 0.346125864231 0.126437 0.543103
886 0.616287463965 0.31994234133 0.126437 0.543103
887 0.619925388548 0.316110952635 0.126437 0.543103
888 0.607131679816 0.302809564444 0.126437 0.543103
889 0.538301215673 0.228443790015 0.126437 0.543103
890 0.527216911732 0.190949404714 0.126437 0.543103
891 0.5533301823 0.160853711352 0.126437 0.543103
892 0.588846805143 0.0498258849341 0.126437 0.543103
893 0.568529027771 0.0303798421686 0.126437 0.543103
894 0.564562757939 0.0214153180914 0.126437 0.543103
895 0.58453687612 0.00161268444284 0.126437 0.543103
896 0.618366391874 0.0 0.126437 0.543103
897 0.625674895822 0.0 0.126437 0.543103
898 0.65572009276 0.0 0.126437 0.543103
899 0.638641307219 0.0 0.126437 0.543103
900 0.606187324617 0.0 0.126437 0.543103
901 0.631922762094 0.0 0.126437 0.543103
902 0.681736827675 0.0 0.126437 0.543103
903 0.606199460197 0.0627676836453 0.126437 0.543103
904 0.616051302455 0.0821903724999 0.126437 0.543103
905 0.648771374587 0.0500480130107 0.126437 0.543103
906 0.637131737482 0.0272384516801 0.126437 0.543103
907 0.665187849661 0.00583985918541 0.126437 0.543103
908 0.621730895941 0.0 0.126437 0.543103
909 0.681163200938 0.0299851375884 0.126437 0.543103
910 0.6738416816 0.0392063910931 0.126437 0.543103
911 0.794439623491 0.00460001958265 0.126437 0.543103
912 0.79544635418 0.0 0.126437 0.543103
913 0.715778288388 0.0163691511409 0.126437 0.543103
914 0.712944312136 0.0 0.126437 0.543103
915 0.699852100007 0.0 0.126437 0.543103
916 0.721770372073 0.0 0.126437 0.543103
917 0.767362174837 0.0 0.126437 0.543103
918 0.81466495571 0.0 0.126437 0.543103
919 0.859801026453 0.0 0.126437 0.543103
920 0.849597295016 0.0541353905967 0.126437 0.543103
921 0.706855395582 0.196256243361 0.126437 0.543103
922 0.71801073923 0.169155368636 0.126437 0.543103
923 0.691861313517 0.169282716672 0.126437 0.543103
924 0.676691188004 0.175197891343 0.126437 0.543103
925 0.719195042611 0.109728623194 0.126437 0.543103
926 0.680566690115 0.146213869516 0.126437 0.543103
927 0.686973538716 0.138534017863 0.126437 0.543103
928 0.725868640746 0.0904080337792 0.126437 0.543103
929 0.780605304194 0.0266265792631 0.126437 0.543103
930 0.801098343371 0.0 0.126437 0.543103
931 0.826543279459 0.0 0.126437 0.543103
932 0.84653147805 0.0 0.126437 0.543103
933 0.803173180322 0.0262653255136 0.126437 0.543103
934 0.848420972595 0.0 0.126437 0.543103
935 0.873907363829 0.0 0.126437 0.543103
936 0.917585804126 0.0 0.126437 0.543103
937 0.671085932261 0.292423394829 0.126437 0.543103
938 0.522648956987 0.333565686453 0.126437 0.543103
939 0.500759139807 0.245413791748 0.126437 0.543103
940 0.493511186029 0.253850993935 0.126437 0.543103
941 0.473929473529 0.268121263862 0.126437 0.543103
942 0.463857402694 0.264752249788 0.126437 0.543103
943 0.456102955881 0.274597020491 0.126437 0.543103
944 0.444179615423 0.233208090016 0.126437 0.543103
945 0.455248062678 0.298398936192 0.126437 0.543103
946 0.480656615566 0.288386241692 0.126437 0.543103
