./../data/Vid_A_ball.avi.avi
0 0.626068 0.473884 0.141026 0.189934
1 0.634412096759 0.463304254594 0.142255879344 0.190440323657
2 0.653009048046 0.445488536441 0.142952163948 0.191193262547
3 0.626392116787 0.456331022934 0.143480156865 0.191251602511
4 0.627267089483 0.467311477388 0.143631737953 0.19160010343
5 0.625275657338 0.481545217151 0.142859534815 0.190959026489
6 0.624077992399 0.482269565941 0.144590822615 0.190071770885
7 0.64780353073 0.484300863069 0.144038722575 0.190493411614
8 0.625985992898 0.494449066623 0.143620990634 0.18859927121
9 0.616106487297 0.492015295046 0.144683915882 0.190441705925
10 0.608240399859 0.478867597601 0.144101689286 0.190957503866
11 0.607207576125 0.480783461438 0.144129827593 0.190735308919
12 0.602882700914 0.483007081106 0.144146141047 0.191123201012
13 0.610051148338 0.485410144195 0.143521923957 0.190822224573
14 0.616596853967 0.487811213809 0.143596964794 0.191349606456
15 0.616004168112 0.491058208516 0.143777038521 0.191545536608
16 0.617048909355 0.495136460538 0.143470851688 0.192022248601
17 0.607742180963 0.496678087714 0.14317485823 0.191281753552
18 0.602339934507 0.494921568892 0.143676675508 0.191892612002
19 0.602545211439 0.505517716548 0.143644136891 0.191664403691
20 0.605139824064 0.500277246974 0.143608175629 0.191352747586
21 0.599754627465 0.501479367711 0.143473272593 0.191596862802
22 0.608666318025 0.500090578623 0.143594660846 0.191284396484
23 0.604573055935 0.511228591447 0.14365726376 0.1915621898
24 0.603022412187 0.501430131277 0.143929807416 0.191614477457
25 0.59803807541 0.50714807599 0.143632941686 0.191950000647
26 0.595347750038 0.512460070209 0.144576230732 0.191378204217
27 0.596683794431 0.517332270847 0.143981304607 0.190687264565
28 0.596078326201 0.512293582767 0.144042257989 0.19103991686
29 0.592640576122 0.51176624976 0.14388810675 0.191378712443
30 0.593336568693 0.509207360966 0.144049184174 0.191465486885
31 0.595945910429 0.50994669013 0.144045210227 0.191968248502
32 0.592114300675 0.508939232585 0.143908339005 0.191920567236
33 0.596708026796 0.503972110691 0.143888732022 0.192134240295
34 0.583571084209 0.501907261257 0.143978638203 0.191485603001
35 0.593037421612 0.502699356352 0.143776793355 0.190801950804
36 0.587259577044 0.501395367402 0.143960530373 0.191019387491
37 0.592295851608 0.503961307575 0.143674034697 0.191708626579
38 0.588543135811 0.506854248375 0.144057527289 0.191426331232
39 0.586449150425 0.50373843081 0.143313435138 0.19154467335
40 0.581180733667 0.507551153269 0.143473195423 0.19115547696
41 0.584694182999 0.502891537999 0.144195387659 0.193010749586
42 0.594927273407 0.504892480348 0.143256136347 0.192233111577
43 0.587183493806 0.506712783709 0.143176059153 0.192387189893
44 0.590484205138 0.507423258863 0.143176615198 0.192256029899
45 0.592216515194 0.501314724961 0.14319795795 0.192511463487
46 0.588898683622 0.504369502994 0.144312222931 0.192518363751
47 0.586606025582 0.513913546074 0.144161772857 0.19174409489
48 0.579535018341 0.514828350519 0.143789585386 0.191363052734
49 0.580711890716 0.504540534611 0.144203312083 0.191822262131
50 0.583075582615 0.515110810461 0.144624181973 0.191986591794
51 0.581741167757 0.515353000924 0.145020731105 0.192181997894
52 0.587431212825 0.516652055763 0.144209223873 0.192655087468
53 0.585969156418 0.515748316206 0.144061530131 0.192286820655
54 0.580977409146 0.521746855752 0.143357846202 0.19240758998
55 0.579896338428 0.529558872727 0.143347773967 0.19195930414
56 0.568884547592 0.517864703249 0.143756680193 0.192488258807
57 0.556957376905 0.513918025118 0.142962574763 0.192692342518
58 0.568438517291 0.513180896884 0.143027393361 0.192126541455
59 0.57198157982 0.523915560405 0.142912333464 0.192233866719
60 0.581480026182 0.526351416945 0.142942196001 0.192405580535
61 0.564789522595 0.536422210495 0.142907696192 0.191859919267
62 0.56273033665 0.542813635357 0.143422196918 0.191646374557
63 0.575611888426 0.540277531756 0.143870869993 0.192383725496
64 0.56707891416 0.539146109696 0.143718262261 0.192922950283
65 0.544832779554 0.539703941777 0.144338866597 0.193090079855
66 0.525129496831 0.534338796981 0.14441445372 0.192745273448
67 0.519814129311 0.545993342265 0.144100928683 0.191765054856
68 0.506928593214 0.56068082871 0.143707998844 0.191610342637
69 0.497470447931 0.572432872719 0.143651830257 0.191596443958
70 0.468913226974 0.56636252681 0.143784413709 0.19176475749
71 0.460234930525 0.577578333985 0.14323277827 0.191717768077
72 0.445114461574 0.584081598977 0.143528612793 0.191398329624
73 0.432048444332 0.585118079838 0.143845926063 0.19186623444
74 0.414331476424 0.599648704776 0.143891820427 0.19203037408
75 0.407279607225 0.613237523646 0.143956194218 0.191514421027
76 0.40295511015 0.622176005043 0.144263987073 0.192037208806
77 0.395278048056 0.605321055291 0.143882037668 0.191277615173
78 0.395015278991 0.612560815757 0.144270334514 0.191721300443
79 0.392392565558 0.599196538104 0.144007472108 0.192052439404
80 0.396703774549 0.577372374878 0.143908448453 0.192654288688
81 0.391140553674 0.551964707431 0.14401155337 0.192981309886
82 0.413862840409 0.555551642006 0.144065884102 0.192154912791
83 0.408782270864 0.534399322939 0.14416347686 0.191733391635
84 0.415779321193 0.505917518721 0.143867480818 0.19111841753
85 0.430472620969 0.493827008026 0.143767174338 0.191501265628
86 0.441684340303 0.488120849954 0.143747021969 0.191795832248
87 0.437750638244 0.489547971866 0.143647503167 0.191623881121
88 0.460515210984 0.49025956217 0.143929396944 0.191493370943
89 0.453443160931 0.47722544233 0.143877635432 0.191926252686
90 0.459054671082 0.47202197149 0.144196198597 0.192117330364
91 0.474441691866 0.4728696995 0.144244824859 0.191746472253
92 0.479574031823 0.468013553873 0.144081499781 0.191268967298
93 0.475061234764 0.44900885661 0.143715297998 0.191778586284
94 0.466585830252 0.450837968361 0.143685011513 0.192236037126
95 0.463244329132 0.454957670287 0.143564413254 0.192215251116
96 0.45692538661 0.458160499828 0.143646702441 0.192089668835
97 0.469938611356 0.462286723303 0.143949166234 0.191575807206
98 0.483783064797 0.471391794648 0.143813662761 0.191387827082
99 0.478220093756 0.491072064156 0.143604771878 0.191965800326
100 0.469144142382 0.498300841613 0.14398466797 0.192060786932
101 0.467750574172 0.506897850053 0.143659894807 0.191618794866
102 0.473356528585 0.501023104399 0.143718121745 0.191807606829
103 0.461107657688 0.498350273737 0.143661941783 0.192109660959
104 0.456735758722 0.488273239936 0.143974837542 0.192171052932
105 0.447588648161 0.489865889027 0.144720557417 0.192080807675
106 0.457454582215 0.50000735687 0.143901211223 0.192124725271
107 0.461324286831 0.492370363966 0.143878949647 0.191931606761
108 0.454405270728 0.486424754515 0.143450659507 0.191401182685
109 0.443921150914 0.490472991802 0.143528482781 0.191458924461
110 0.43765442157 0.483742456603 0.143406173985 0.191628615379
111 0.434802549023 0.457970649705 0.143674889111 0.191509586461
112 0.451662027906 0.477468591329 0.144060813999 0.192047551566
113 0.452792872528 0.467914624373 0.144217579126 0.192132494031
114 0.47352121869 0.474572657077 0.143827459973 0.191994485406
115 0.474518941054 0.464588819405 0.143881410761 0.191674973828
116 0.475205992143 0.44316988667 0.144015090914 0.191260736212
117 0.464279328656 0.438656314905 0.143928519628 0.191175898618
118 0.467682378378 0.448684126279 0.144135799619 0.191637649644
119 0.488393470155 0.457069497543 0.143671004205 0.191745466117
120 0.503521108347 0.454874664353 0.143639046744 0.191629692142
121 0.509792722595 0.454427655858 0.14370761648 0.191511294402
122 0.507127874038 0.456133451262 0.143955432541 0.191950497014
123 0.519609889565 0.445619631027 0.143631710382 0.191866968641
124 0.516854092826 0.449759203573 0.143718676244 0.191931728096
125 0.50747204356 0.431458483148 0.143551751247 0.191341032554
126 0.515804202732 0.440137967152 0.143712186459 0.191191744861
127 0.499479947885 0.452737007243 0.14356642148 0.191348482632
128 0.504040544225 0.47971935668 0.14397409856 0.191490711213
129 0.513677498431 0.487328206417 0.143866305872 0.191636029758
130 0.511268852711 0.492140681679 0.143585860811 0.192220405879
131 0.502677219564 0.485361143543 0.143166189388 0.191939522121
132 0.518689472029 0.484762060224 0.14378204352 0.191763461943
133 0.511343976236 0.486065050653 0.143986557774 0.191501893427
134 0.494653653162 0.479451832631 0.144059632472 0.191711028755
135 0.492132743902 0.493759998859 0.144063159676 0.191716226236
136 0.489906825901 0.494716043591 0.144124954721 0.191634720704
137 0.469028456099 0.488672792347 0.144097871829 0.191577557938
138 0.462855693919 0.487569791073 0.143823769933 0.191442228708
139 0.461263818506 0.497342713211 0.143949716687 0.191309940832
140 0.465562665434 0.494540236432 0.143726261312 0.191566977193
141 0.467817365302 0.483385903539 0.143595495253 0.191913834883
142 0.477507931043 0.465454837622 0.143835702719 0.192132010092
143 0.466255246898 0.442679609196 0.143727549079 0.192040680628
144 0.445891250017 0.424686405978 0.143714198245 0.191940872886
145 0.41955742421 0.389102487362 0.143708507108 0.192033998391
146 0.411017954018 0.364623294209 0.14384411836 0.191942900524
147 0.39236357149 0.349286570399 0.143819906782 0.191734264626
148 0.36738582017 0.326437568982 0.144046170413 0.191716657457
149 0.375143734431 0.320709014147 0.144163286271 0.192244712906
150 0.372200195013 0.324287794411 0.143696474485 0.192236297
151 0.376327620645 0.304668559937 0.143582499305 0.191796392626
152 0.355184496828 0.305922832915 0.143535805793 0.191616359003
153 0.354172291752 0.315325584452 0.143472085921 0.19154085139
154 0.330969729464 0.289352719685 0.143684030156 0.191713396831
155 0.325830467485 0.299593464965 0.143577945079 0.191277927685
156 0.316941872146 0.327501603547 0.14377406416 0.191917017657
157 0.313698813222 0.310782048067 0.143633561415 0.192409925412
158 0.312157123415 0.328117307676 0.144066366097 0.192259201514
159 0.301998305198 0.340173493331 0.144208364329 0.191454790637
160 0.295717844677 0.341992324452 0.143953784498 0.191358832457
161 0.287888947919 0.343380925196 0.144207630876 0.191289047841
162 0.294479198433 0.349703822727 0.143980092563 0.191574600629
163 0.299781355314 0.367263227442 0.144782551804 0.19139864884
164 0.298158984056 0.375527648761 0.144264980346 0.191466232397
165 0.294654856754 0.372898281165 0.144341499645 0.191952810516
166 0.303197396171 0.380912656075 0.143901336652 0.192028038753
167 0.305813888777 0.385878816745 0.143584390492 0.191924291137
168 0.299206576763 0.385545715754 0.143732083335 0.191646545591
169 0.297599761327 0.385051290274 0.144126948574 0.190829106063
170 0.284056210801 0.379095207696 0.144163375567 0.190946281443
171 0.293927069301 0.386267583001 0.143977861876 0.191255534216
172 0.288811481217 0.396229853852 0.143419663639 0.190953837739
173 0.288084989719 0.396105081378 0.143009689761 0.19114600979
174 0.281784214393 0.396670481869 0.143590415058 0.190766576236
175 0.277187658552 0.390941290947 0.143192448462 0.190950907557
176 0.273075784709 0.397659515456 0.143535737359 0.191056800647
177 0.25636668584 0.395354203706 0.143505427683 0.191154743017
178 0.258610105509 0.402979469978 0.143293206561 0.191354859183
179 0.249123116677 0.384099733343 0.143029600914 0.191822980717
180 0.23798278921 0.385872009481 0.142168379189 0.191319245031
181 0.242169703567 0.386169282589 0.143607480077 0.191506768519
182 0.247692459577 0.386106652396 0.143665664056 0.191292980911
183 0.286319965684 0.39633176474 0.14342802888 0.190872037407
184 0.327261345723 0.411394809051 0.143743701327 0.19164201382
185 0.373713775134 0.400933017505 0.14400121624 0.192138589641
186 0.442670674534 0.443356015758 0.144334823717 0.192368680042
187 0.450470570622 0.431938846613 0.144603163765 0.193838152439
188 0.572202637662 0.526126771724 0.14343460895 0.191783246679
189 0.571674314222 0.544764094705 0.144083868058 0.1920594721
190 0.614628510486 0.55061090395 0.144086070587 0.192045147
191 0.616499573781 0.560176656298 0.143625145908 0.193189341444
192 0.580912049713 0.549712108907 0.142533261661 0.193252194336
193 0.565714639635 0.52717144087 0.143216011006 0.192290817432
194 0.571252577684 0.54095429394 0.143513519792 0.192651727816
195 0.566065734383 0.540432377491 0.143876028124 0.191985256125
196 0.575620108715 0.539268215516 0.143645696256 0.19239405647
197 0.586743010996 0.551421907466 0.143411659056 0.192006672378
198 0.602114102633 0.553666093983 0.143639120114 0.19125397576
199 0.597813900449 0.559176763221 0.14363774767 0.191362694443
200 0.599037901954 0.557447334775 0.143736359503 0.191301269838
201 0.604435809009 0.535021251834 0.143549005177 0.191619969749
202 0.600221118752 0.547710720388 0.143563814975 0.191380431267
203 0.61726189882 0.548743057651 0.144047765445 0.19063656106
204 0.615153398857 0.549620887683 0.143685597464 0.190819363324
205 0.617417041062 0.54950107897 0.143855606846 0.19181448727
206 0.623105744481 0.55151520458 0.143903860532 0.191371326144
207 0.625677055709 0.535083760381 0.143962029334 0.191409454524
208 0.608345372717 0.528921978678 0.144072556748 0.191963551717
209 0.620700295022 0.525945316159 0.143865281858 0.191240301316
210 0.617351744064 0.526728115372 0.143968538735 0.191072816907
211 0.621963825183 0.531722723981 0.143773354166 0.191120152746
212 0.623795790088 0.527500977544 0.144107524842 0.191586039913
213 0.623651030728 0.508749573679 0.143841627245 0.191468500421
214 0.623001464436 0.516630954359 0.143797574467 0.191667121609
215 0.63846542382 0.520414306108 0.14388018721 0.191769046675
216 0.643164071637 0.511238440366 0.143772987317 0.192142569629
217 0.650187953458 0.520442301735 0.143637428128 0.192105678949
218 0.623584453868 0.530926529569 0.142961550462 0.192371767164
219 0.594897285617 0.524735204795 0.143566023761 0.191501242766
220 0.578012918243 0.514342213629 0.143949613957 0.191537924569
221 0.564446773189 0.520162801953 0.143878526811 0.191129818321
222 0.550040988613 0.511309083744 0.143873255307 0.191197478571
223 0.538527655569 0.517396216977 0.144828402628 0.191070033657
224 0.526571014838 0.517408980798 0.144204740725 0.191167349807
225 0.497671707256 0.511386327609 0.144013136511 0.191234946795
226 0.497691002159 0.516403649718 0.144154287618 0.191359709667
227 0.511039325657 0.51386810625 0.143734185499 0.191964683903
228 0.494611812797 0.519202407196 0.144097339328 0.192182049551
229 0.497690953571 0.514643770164 0.143599838394 0.192373032687
230 0.490850010421 0.518156812184 0.143531884167 0.192876004419
231 0.481125215721 0.51067430267 0.143787352198 0.192508033316
232 0.492449282687 0.508560634388 0.143664529395 0.192124324001
233 0.489538683571 0.513890239129 0.144076793355 0.191870290129
234 0.50175695075 0.518688252181 0.144111170236 0.191998732062
235 0.502162085953 0.51519029959 0.143874873856 0.191475390813
236 0.501972093634 0.523464080691 0.144151117935 0.19177644324
237 0.501303370557 0.515061765267 0.143870093102 0.191794909778
238 0.497559061021 0.511677993229 0.143383790868 0.192240818557
239 0.502688015325 0.517910235348 0.143114112597 0.192985771529
240 0.507112807369 0.520647727334 0.143248991481 0.192502263546
241 0.501161642011 0.522075781143 0.143690436953 0.192074498494
242 0.487291138038 0.511975540184 0.143752852689 0.192201993105
243 0.480545586805 0.52100252469 0.144066082017 0.191004638209
244 0.505949323866 0.542168709628 0.14325326472 0.191454020199
245 0.477956164881 0.549367998635 0.143652081133 0.194192468748
246 0.461772896363 0.560230317215 0.143976258708 0.193595004745
247 0.462450949442 0.54881983074 0.143614899988 0.190684461261
248 0.450064405922 0.543922071604 0.143817288068 0.193884254223
249 0.428644075191 0.554323476177 0.143679729457 0.194083170055
250 0.420852948495 0.563402176429 0.143667901231 0.197174261282
251 0.40925963558 0.565648343744 0.143724451589 0.194500450844
252 0.393983014802 0.580865879338 0.143567031566 0.190544052809
253 0.385473089368 0.591174023721 0.143478572745 0.19066193022
254 0.383580886305 0.598548103895 0.143505091513 0.191066267237
255 0.372216500937 0.596014293975 0.143335495404 0.191191731263
256 0.370616442303 0.604746948045 0.143622351335 0.192019510527
257 0.391367412083 0.614604193736 0.143721594203 0.191640474989
258 0.388046645427 0.607819169025 0.143755814273 0.192086237426
259 0.397550915755 0.595067835825 0.143753062131 0.191751428658
260 0.420756434074 0.588264992368 0.143724599448 0.192199503836
261 0.435650770581 0.585630545149 0.144218286771 0.191856818353
262 0.442678995239 0.571229122589 0.144242928335 0.191899954349
263 0.459737060935 0.574361250368 0.144216435028 0.191686685723
264 0.470435944741 0.554497104144 0.143319525921 0.191759099703
265 0.476303865211 0.548876766011 0.142749842389 0.191602513674
266 0.480501489265 0.544239909302 0.143593476895 0.191607458306
267 0.488156913278 0.528606526628 0.143838856173 0.191500490121
268 0.509072780762 0.508197663269 0.143646540044 0.191253717029
269 0.516333827092 0.512408698783 0.14338941775 0.191645675386
270 0.513577602512 0.490982396666 0.143637371084 0.191347720321
271 0.495138822589 0.489179229144 0.143490317681 0.191363681404
272 0.497249733756 0.483972834042 0.144039327991 0.191764700672
273 0.496019969319 0.464381726285 0.144000083028 0.191448237442
274 0.496706153942 0.456731826537 0.143849946134 0.191852728456
275 0.481109781413 0.452015907816 0.144138278842 0.191523709189
276 0.482493742561 0.442467906746 0.143989303646 0.191893946394
277 0.469695270789 0.431823810529 0.143775092451 0.192227747187
278 0.462722341378 0.438291785446 0.143767507165 0.191576442256
279 0.45970066377 0.435097467542 0.143743741165 0.191895185732
280 0.448669401991 0.438488408782 0.143711800669 0.191687441347
281 0.439413466084 0.433222595684 0.143760016149 0.191426184908
282 0.430690728966 0.432130466679 0.14394527156 0.191766593681
283 0.423108877493 0.413693281303 0.14383739822 0.19177587505
284 0.408703711416 0.422169608833 0.143895260221 0.192028046965
285 0.411998986782 0.418838483606 0.143334026556 0.19208399942
286 0.412569742446 0.417638181804 0.143709887116 0.191583268215
287 0.420518233749 0.416001651771 0.143871985628 0.191731157273
288 0.431532991136 0.422415828207 0.143803454383 0.19173710903
289 0.419982867188 0.399263911051 0.143923646237 0.191696691527
290 0.423593284815 0.401700549821 0.143849676062 0.191987521384
291 0.416458575885 0.39854276648 0.143699623207 0.191688380849
292 0.428726703199 0.379009902068 0.143684307915 0.191552725927
293 0.449977192574 0.386804478809 0.143488382937 0.191722522631
294 0.462443656575 0.39089520221 0.143604076077 0.191931487182
295 0.479123256782 0.403664580405 0.143881552267 0.19182882769
296 0.479764732365 0.389156215161 0.143689666675 0.191482442403
297 0.479390129775 0.383663697214 0.143529187268 0.19140016928
298 0.490298509847 0.38696825709 0.143825417144 0.191466960338
299 0.493982192261 0.375828300603 0.143744871525 0.191382057604
300 0.484958520094 0.37232175949 0.143995817312 0.191480258702
301 0.472393164272 0.375978267475 0.143536641594 0.191693419215
302 0.469759149897 0.385557142238 0.143580919231 0.191541002284
303 0.469475774825 0.377327515455 0.143395342099 0.191582639626
304 0.458305762171 0.376587624858 0.143507378909 0.191622706231
305 0.450288374441 0.370698159347 0.143578840695 0.191822467999
306 0.449258509436 0.372953755495 0.143285346668 0.191820473307
307 0.433055103701 0.371076631002 0.143481079045 0.191540798343
308 0.423986953463 0.366876670492 0.143552403298 0.191471955822
309 0.4213272609 0.380939697291 0.143596751171 0.191796752195
310 0.404427612393 0.372980657057 0.143872235268 0.191715539095
311 0.421299677621 0.391431422828 0.144052300761 0.192377380624
312 0.418579215139 0.395143295615 0.143948198 0.192209919762
313 0.418229798475 0.39165896289 0.143976944508 0.192113833875
314 0.407181588381 0.385361774232 0.143811697114 0.192180039181
315 0.406353730034 0.386808432832 0.143647530944 0.192074342476
316 0.419761212523 0.394784223422 0.143940461216 0.191925930846
317 0.414008577602 0.402644670309 0.143770763133 0.191968083517
318 0.413884856807 0.415524451862 0.143790054783 0.191877540177
319 0.413368503624 0.412131968512 0.143818237803 0.191709183622
320 0.416578049336 0.416999741841 0.14402497797 0.191725531215
321 0.403153462787 0.410335077986 0.143800635537 0.191460092431
322 0.406057295193 0.402228814833 0.143410051439 0.19150357009
323 0.399926360546 0.40685223195 0.143544216772 0.191229018098
324 0.393876429738 0.412841035166 0.143535898738 0.191450227419
325 0.387435542249 0.382964514347 0.143760150289 0.192033665581
326 0.382872771414 0.382027737006 0.143578363115 0.191740271554
327 0.377831685925 0.378924091817 0.143561200442 0.191921059968
328 0.377533631041 0.38425850417 0.143437078951 0.19191099643
329 0.368174123637 0.385804256541 0.143793322139 0.191772385324
330 0.357035159738 0.382243679681 0.1437160011 0.192161163929
331 0.35664282622 0.367132075183 0.143573666237 0.191920902952
332 0.335059543857 0.378753218477 0.143495911014 0.191753286715
333 0.320405774214 0.370858425793 0.143603646073 0.191524297766
334 0.325860299466 0.387029377281 0.143445537739 0.191180016294
335 0.360904054113 0.391735246095 0.143662274053 0.191096604724
336 0.412772548579 0.403856572026 0.143405268796 0.191376938652
337 0.452701671602 0.387385945275 0.143331787694 0.191436283709
338 0.452639772894 0.393807916654 0.14394648833 0.191521648837
339 0.465973142415 0.385971941686 0.143871621843 0.191892435271
340 0.44237681146 0.388790633243 0.143538060185 0.191723773902
341 0.428579224116 0.393614039506 0.143544351395 0.191935843911
342 0.387388615407 0.393965363619 0.143829981565 0.191886140869
343 0.36067730012 0.398901891798 0.143724194498 0.192170911654
344 0.320221419702 0.404517537488 0.143735032793 0.191748397974
345 0.284851222862 0.403283756837 0.143611587373 0.1918114058
346 0.262669273085 0.412326263284 0.14389469934 0.191804356051
347 0.262433349171 0.432514330642 0.143715326353 0.191724752784
348 0.23269447816 0.425126410028 0.144052986958 0.191460547982
349 0.234203810813 0.44252716639 0.143889006754 0.191510160596
350 0.24424805509 0.460228654015 0.143496170213 0.191511718163
351 0.243471901475 0.473398103889 0.143706105474 0.191898009394
352 0.254505453987 0.477892815367 0.143781103782 0.191616654958
353 0.271525010777 0.486251097253 0.143781328103 0.191644911441
354 0.279973047232 0.491310040037 0.144048916696 0.191470065434
355 0.310185861623 0.487175693311 0.14397286466 0.192083509343
356 0.321215491618 0.500119011371 0.143330916134 0.191784793905
357 0.33822202858 0.480845882127 0.143504991121 0.192300728923
358 0.33456797708 0.487053706119 0.143762661187 0.191420167882
359 0.330767794361 0.485810235729 0.143851109485 0.191492070689
360 0.344847014881 0.48512870657 0.143723673422 0.191291757711
361 0.360146204969 0.487580122737 0.143900979294 0.191161118085
362 0.369593928179 0.488101392189 0.144070997967 0.191307161595
363 0.373683720552 0.490510847005 0.14322020587 0.191213690596
364 0.374787291646 0.475887569163 0.143842579099 0.192198293488
365 0.377629061182 0.475276460203 0.143653588626 0.19257952464
366 0.3846363577 0.478668064644 0.143675142165 0.191958474219
367 0.395343318719 0.487155917966 0.143484599929 0.192146591613
368 0.398355907664 0.488051460913 0.14340918315 0.191675705353
369 0.405360004507 0.482936327775 0.143492656439 0.191618029116
370 0.404394631579 0.486220477613 0.143373208888 0.191529280803
371 0.403485226771 0.500119736124 0.144215898522 0.19120152437
372 0.413828442137 0.494658050933 0.143923287951 0.189980588011
373 0.42339745662 0.49771360643 0.143359092728 0.191346542076
374 0.42653400918 0.495903022049 0.143839313547 0.191526153057
375 0.419310687279 0.493273442239 0.144054721448 0.192152328181
376 0.422737821808 0.496738335565 0.143895041056 0.191336636583
377 0.432360415678 0.481113123788 0.143983353734 0.191840140504
378 0.441984976486 0.488076880523 0.143122346625 0.19211041363
379 0.449762966366 0.488742084913 0.143829479195 0.191870497854
380 0.458532672119 0.481645335189 0.14414169658 0.191909695384
381 0.460513879166 0.483562400621 0.14405578592 0.191899003413
382 0.473017672469 0.488397033055 0.14393612329 0.191611529524
383 0.466251666051 0.468673946299 0.143620863663 0.191569907415
384 0.486427385685 0.46839375855 0.143608707174 0.191724473241
385 0.50468544513 0.454908222236 0.143386534123 0.191751451485
386 0.515693246198 0.455219044118 0.143554562606 0.191581621586
387 0.506788198183 0.449548731827 0.143132427932 0.192638289353
388 0.514194774475 0.443367394815 0.143372124208 0.19232888037
389 0.537677490029 0.435161904797 0.143758451288 0.192438248047
390 0.544630126608 0.431262023789 0.14339795725 0.192565707252
391 0.551612394119 0.421171978739 0.143361365558 0.192535283569
392 0.560518002907 0.430201593683 0.143280344227 0.192226469282
393 0.591254403887 0.425654797917 0.143603700027 0.192136187475
394 0.60682907516 0.423629515722 0.14338942301 0.191825578801
395 0.610268779669 0.411832074658 0.143522588099 0.191591031494
396 0.613018454292 0.405723722696 0.144332313919 0.191720046504
397 0.612997700131 0.393424134797 0.144666659165 0.191577031414
398 0.641352307192 0.387143110989 0.144373946182 0.19110696665
399 0.641173382299 0.390782168911 0.143723973374 0.191572800878
400 0.640408816243 0.383770798177 0.143640240185 0.1920327236
401 0.659016092774 0.375642043331 0.14380794675 0.191491089849
402 0.65178101292 0.373810418177 0.143865228334 0.192254962277
403 0.663679880435 0.364324846653 0.143457403537 0.19191536198
404 0.653339976536 0.376830683914 0.143644754841 0.190343863753
405 0.635661278894 0.377536476526 0.143232518828 0.192015607864
406 0.624082503186 0.381141400977 0.143089831981 0.191384948875
407 0.608903998042 0.405845957035 0.143155032913 0.191566463285
408 0.591188951147 0.403034972162 0.143212970736 0.192537231277
409 0.577728310574 0.403838436595 0.143612459548 0.192244743753
410 0.561068455147 0.415786686307 0.14383749705 0.192129996197
411 0.561014273906 0.422595657734 0.143554178465 0.192084557883
412 0.542370015366 0.425915485346 0.144061286938 0.192003041771
413 0.541787028025 0.428765423427 0.143916832968 0.19176670776
414 0.534172748289 0.440622008474 0.143710270471 0.191386488333
415 0.5234201316 0.454175622796 0.143557961396 0.191570244034
416 0.518032299064 0.444407570487 0.143549372369 0.191626128432
417 0.521802810575 0.453872181726 0.143229980275 0.191408940326
418 0.50635464062 0.47187433187 0.143740785148 0.19093728354
419 0.50553773267 0.473609769404 0.144081830733 0.192267604523
420 0.495412093105 0.482711563844 0.143747151137 0.191635002047
421 0.494294305866 0.487361727094 0.143843682766 0.191259382527
422 0.482114425962 0.498504941741 0.144048910768 0.191454940657
423 0.469773852889 0.505882866042 0.14374521389 0.191344734086
424 0.47229269905 0.508921979407 0.143800097095 0.191764086333
425 0.4710410981 0.523981706623 0.144012294038 0.192323079166
426 0.461850822711 0.521591626151 0.144360890674 0.192355763853
427 0.456056399353 0.531237136757 0.14398248283 0.192057858489
428 0.440941725393 0.533155241973 0.143625756705 0.191995354614
429 0.440135824651 0.540070572844 0.143512872109 0.191611883516
430 0.434361275827 0.556650289837 0.143390638837 0.19173694003
431 0.443580827079 0.557871522445 0.143108880935 0.191779784978
432 0.443212194535 0.549117220157 0.143458096843 0.191487702634
433 0.444309541711 0.533521315993 0.143788665801 0.191685368253
434 0.423498017275 0.534973809664 0.143960977915 0.191807611034
435 0.429873030842 0.536570639632 0.14393707257 0.192056706404
436 0.420680186344 0.537911831942 0.143356549374 0.191716689503
437 0.41146510839 0.535639310927 0.143742260767 0.191811283362
438 0.404824163009 0.552934187281 0.143867609668 0.191503713576
439 0.388831000207 0.550608367504 0.144152427525 0.192117617392
440 0.380359183592 0.553200161042 0.144035602985 0.192019022038
441 0.379073402062 0.560450720145 0.143870141918 0.191669764555
442 0.362821651633 0.563688197155 0.143756016868 0.19203700212
443 0.344731252871 0.571299392866 0.143309184894 0.191890609361
444 0.337143304349 0.565894248544 0.144081219084 0.191802689445
445 0.345666022173 0.564347125346 0.144067020862 0.190889221413
446 0.361267971894 0.55544037461 0.143867466156 0.191201927424
447 0.370301654477 0.55130519012 0.143948804428 0.191763477959
448 0.388200535555 0.528272149346 0.143921894169 0.192058748881
449 0.387782918515 0.521453846346 0.143944883677 0.192141079826
450 0.402267995204 0.510670205746 0.143999991168 0.19173361275
451 0.419443176744 0.493245464209 0.143823951086 0.191864257081
452 0.414119269773 0.486615180786 0.143698178819 0.191529727255
453 0.403186900072 0.491960566832 0.143288967883 0.190838557412
454 0.405038381476 0.495081947144 0.143392030653 0.191269228494
455 0.387597756141 0.487081989933 0.143666059264 0.191474473484
456 0.378752595583 0.476697840195 0.143503194244 0.191693086848
457 0.382933723507 0.476005502749 0.143599322504 0.192219685226
458 0.381857810214 0.478811501099 0.1435941382 0.192524930416
459 0.392075862796 0.492999635904 0.143557258672 0.191811904765
460 0.394080582862 0.500064640664 0.143745849201 0.19146005496
461 0.402233499485 0.496318358375 0.143875112427 0.191555004719
462 0.419539268208 0.501980522229 0.143684649363 0.190975449908
463 0.431075057332 0.487464950117 0.143924291344 0.191162103014
464 0.435372084196 0.501056494659 0.14410729505 0.191512289367
465 0.455906923815 0.493136538508 0.143823734898 0.191812768153
466 0.460098135807 0.495327906843 0.143665665893 0.191842459632
467 0.459183635841 0.494776739386 0.143635408921 0.191396284401
468 0.47808863699 0.497873790464 0.143775634073 0.191615936334
469 0.482996614619 0.496558168448 0.143618528631 0.191653342151
470 0.485187576382 0.496875647381 0.143515612994 0.192280250563
471 0.486720361477 0.520632221807 0.143945911727 0.191909587309
472 0.478518589783 0.510723603409 0.144065204814 0.191662948793
473 0.475964131895 0.500517153018 0.144225621209 0.191265924329
474 0.479994226708 0.511042813238 0.143884201504 0.191367185443
475 0.470132798826 0.503335833817 0.144024453136 0.191468777549
476 0.470749274023 0.507305699097 0.143686560741 0.191259657017
477 0.453404390204 0.495613046723 0.14398370347 0.191603303057
478 0.43855467152 0.492688819843 0.143506769972 0.191891283818
479 0.434981001005 0.4978148212 0.143615446268 0.191390601645
480 0.423052526687 0.496051218847 0.143896783521 0.19134947132
481 0.418494126031 0.49323831802 0.143755651891 0.191855012507
482 0.416103595379 0.491665295444 0.144028064129 0.191503090972
483 0.402942336891 0.480178966895 0.143943501957 0.191381354485
484 0.391177663673 0.481830316185 0.143929831249 0.19158440919
485 0.392595671499 0.48490865077 0.143746910819 0.191301535271
486 0.393486436089 0.484531149717 0.143412174907 0.191536955
487 0.375265437319 0.4851765641 0.143836837477 0.191445352969
488 0.375661306917 0.487865104663 0.143914808443 0.191736178686
489 0.356470842881 0.471483711264 0.143949294251 0.191402649608
490 0.372011090478 0.487450982058 0.143780146702 0.191289959233
491 0.36073794809 0.490064481062 0.144011598798 0.191783589063
492 0.353288672714 0.48196261094 0.14424622153 0.191267143601
493 0.348632310879 0.483950533997 0.143992881814 0.191975990019
494 0.3519429481 0.476762412522 0.143693614625 0.191469491743
495 0.344554750058 0.479232635075 0.144110555794 0.191337357739
496 0.341649137917 0.472053129782 0.143653225066 0.191544149797
497 0.349677170975 0.482373927254 0.143977624812 0.191374742813
498 0.341562243234 0.489777731595 0.143850895531 0.191504370036
499 0.346651451302 0.482475932292 0.143730651062 0.192141933666
500 0.3369658405 0.478542936835 0.143718859983 0.192187227835
501 0.335610458292 0.466378225339 0.143445278198 0.192134995045
502 0.356089812435 0.487807231769 0.143501270647 0.192303652926
503 0.337790442776 0.503468710039 0.143492681523 0.191807351841
504 0.342466107863 0.497019891045 0.143613994852 0.191607248602
505 0.339225175869 0.489330931971 0.14409571983 0.191906626048
506 0.342701469639 0.496055885206 0.144021422569 0.191874246111
507 0.341143213993 0.495524302969 0.143777188021 0.192222485928
508 0.346226488305 0.514251693975 0.143644485281 0.192178010328
509 0.340607865029 0.512922327775 0.143567329739 0.192124117241
510 0.345589458983 0.517804784358 0.143480438602 0.191981086566
511 0.34631001675 0.521705126562 0.143695457983 0.192042143623
512 0.350991127849 0.517134600361 0.143704663599 0.191953962923
513 0.389273865266 0.508076499697 0.143962637063 0.19203504949
514 0.465017243524 0.515164115549 0.143771677715 0.192182688508
515 0.539713610762 0.524416037865 0.143605122106 0.191676008336
516 0.592509350692 0.571711957664 0.14372991292 0.192067995085
517 0.628615558687 0.604307722195 0.144093025205 0.192292265103
518 0.655472517641 0.603363160588 0.144593186264 0.191652612495
519 0.667107497597 0.597469531521 0.144808707025 0.19153164339
520 0.674296284743 0.648383763697 0.144194592908 0.192992620006
521 0.682650983303 0.641073353034 0.144655526096 0.193248637439
522 0.682859894972 0.618438796359 0.143968583837 0.192404329561
523 0.672401402142 0.620882877087 0.144027558328 0.192664140201
524 0.661405793232 0.644770711488 0.143664136065 0.192192646241
525 0.646417700572 0.626543844258 0.143874371218 0.192095066432
526 0.643204324276 0.635419047364 0.143741079981 0.19220195936
527 0.657954536028 0.649934379961 0.14326285275 0.192132180895
528 0.662418219187 0.647151070302 0.143459833216 0.192304500248
529 0.658392976881 0.642974385246 0.143664058067 0.192395365236
530 0.646645618645 0.632829057944 0.143989603912 0.192108142618
531 0.648531207814 0.624799716236 0.143702276425 0.19162861338
532 0.635397130689 0.629201932108 0.143831935135 0.191357454256
533 0.623147100994 0.623345892301 0.143992264271 0.191654380463
534 0.633625387782 0.619613667244 0.143931405578 0.191535295619
535 0.630401335483 0.608962290496 0.144160417788 0.19118037399
536 0.609161131597 0.591839097279 0.14340084054 0.190822095476
537 0.593917975403 0.590356510921 0.143364448406 0.191432189223
538 0.59923108871 0.582077487055 0.143352187413 0.192198242155
539 0.601263488309 0.583064405373 0.144152168505 0.191530901437
540 0.594192409007 0.588791720029 0.143369394093 0.191883536791
541 0.59597333391 0.582044558822 0.143554183991 0.191801574977
542 0.586844605692 0.578636786689 0.143611606284 0.192062169643
543 0.577805561167 0.566824809955 0.143686193502 0.191471982771
544 0.559885482779 0.575211681273 0.143910305205 0.191639773793
545 0.550543970027 0.58224647191 0.144423118043 0.191718168701
546 0.532351580015 0.576617164258 0.143848471581 0.191182219383
547 0.52862186057 0.574826587773 0.144037164712 0.191598646596
548 0.519229755715 0.575433102616 0.143651663944 0.192395392539
549 0.521614677822 0.568984655327 0.143694641324 0.192066577046
550 0.516966513433 0.565919048995 0.143461934688 0.191951152485
551 0.519104635319 0.568062691251 0.143674786536 0.191538045655
552 0.526303462373 0.571654031102 0.143826067287 0.19197930885
553 0.519055617768 0.56267676311 0.143580738113 0.191277561564
554 0.523415547509 0.553605038494 0.144436129024 0.191455209098
555 0.531804111789 0.543968390827 0.144166309715 0.192192903855
556 0.535413339864 0.548690587062 0.143635607899 0.192119941917
557 0.5406686144 0.541882298678 0.143910803645 0.191792968324
558 0.545525687942 0.54398882761 0.143316447355 0.191364161496
559 0.551079232234 0.53697803075 0.14337922699 0.190939277461
560 0.548477950277 0.530109985482 0.143596952609 0.191580465569
561 0.548424523223 0.529401431893 0.143395659223 0.192286288043
562 0.559831774854 0.52989089968 0.143587124786 0.191719090212
563 0.561763668351 0.536951831227 0.143818456023 0.191688750477
564 0.554579768589 0.539552735891 0.143809800648 0.191308049247
565 0.567009237787 0.531920541496 0.143216220118 0.192260858842
566 0.568922561805 0.534464219251 0.14327437002 0.192438007219
567 0.557102331352 0.529193575673 0.144094517721 0.192335663629
568 0.559694663809 0.531329414683 0.144011862963 0.191812513225
569 0.563347760218 0.531501166202 0.144185369515 0.191523806608
570 0.574354207331 0.533707843296 0.143483413242 0.191381444466
571 0.579096300265 0.534224198797 0.143310371034 0.191080293595
572 0.579642639514 0.522278788495 0.143307295822 0.191210574358
573 0.570372553633 0.526718892867 0.143598545682 0.191754118752
574 0.561823295065 0.538120076613 0.143903849071 0.191393384178
575 0.55513504233 0.544915905532 0.144048687769 0.191366168747
576 0.560309598139 0.559202002874 0.143743432643 0.191410638041
577 0.536893764636 0.56109158205 0.143359162055 0.191373323178
578 0.53357533212 0.564726613646 0.143820326839 0.192158966541
579 0.528562477857 0.566662986158 0.144964373712 0.193112382079
580 0.50903686512 0.574671310541 0.144220462322 0.191994006927
581 0.502697323147 0.5663294533 0.143865335831 0.192672030926
582 0.499155109078 0.588878070215 0.144069808965 0.192581550839
583 0.489038682408 0.593988562232 0.144249710648 0.192283357856
584 0.472501573456 0.590535770812 0.145000924711 0.191231408253
585 0.467636596183 0.596011759948 0.144632177759 0.191394090048
586 0.470526319972 0.596120126602 0.144331274591 0.191296982163
587 0.466919271306 0.604668463215 0.143986018614 0.19103036117
588 0.458392919033 0.613692505725 0.143705893898 0.192311251183
589 0.448775131575 0.619638837954 0.143863371828 0.192195684182
590 0.442532868195 0.62694385674 0.1435570748 0.191797871718
591 0.443332471304 0.621652798693 0.143311263726 0.192172262617
592 0.444802503016 0.635100039866 0.144275790015 0.191849418817
593 0.438419469107 0.636292367863 0.143389367068 0.19221648685
594 0.425646353444 0.643857596006 0.143406485523 0.191902299958
595 0.426428858792 0.639333587872 0.144005750399 0.191918633845
596 0.420950348176 0.64195439894 0.144008627941 0.192494223659
597 0.428057745807 0.644554412405 0.143970123843 0.192490267317
598 0.423374963091 0.6420556739 0.143928514312 0.191151916617
599 0.423837185356 0.650043057846 0.144173065447 0.190980298759
600 0.425287029724 0.6588299361 0.144302656703 0.191261407562
601 0.427689074339 0.661924761621 0.143804284351 0.192079646922
