./../data/Vid_I_person_crossing.avi.avi
0 0.337266 0.193971 0.174041 0.650066
1 0.346875 0.35 0.171875 0.65
2 0.346875 0.35 0.171875 0.65
3 0.346875 0.35 0.171875 0.65
4 0.35 0.35 0.171875 0.65
5 0.35 0.35 0.171875 0.65
6 0.346875 0.35 0.171875 0.65
7 0.346875 0.35 0.171875 0.65
8 0.346875 0.35 0.171875 0.65
9 0.346875 0.35 0.171875 0.65
10 0.346875 0.35 0.171875 0.65
11 0.346875 0.35 0.171875 0.65
12 0.346875 0.35 0.171875 0.65
13 0.346875 0.35 0.171875 0.65
14 0.35 0.35 0.171875 0.65
15 0.353125 0.35 0.171875 0.65
16 0.353125 0.35 0.171875 0.65
17 0.353125 0.35 0.171875 0.65
18 0.35625 0.35 0.171875 0.65
19 0.3625 0.35 0.171875 0.65
20 0.359375 0.35 0.171875 0.65
21 0.365625 0.35 0.171875 0.65
22 0.365625 0.35 0.171875 0.65
23 0.36875 0.35 0.171875 0.65
24 0.36875 0.35 0.171875 0.65
25 0.371875 0.345833333333 0.171875 0.65
26 0.371875 0.345833333333 0.171875 0.65
27 0.375 0.3375 0.171875 0.65
28 0.371875 0.3375 0.171875 0.65
29 0.36875 0.3375 0.171875 0.65
30 0.359375 0.35 0.171875 0.65
31 0.35625 0.35 0.171875 0.65
32 0.353125 0.341666666667 0.171875 0.65
33 0.35 0.345833333333 0.171875 0.65
34 0.340625 0.345833333333 0.171875 0.65
35 0.340625 0.345833333333 0.171875 0.65
36 0.33125 0.35 0.171875 0.65
37 0.328125 0.3375 0.171875 0.65
38 0.325 0.341666666667 0.171875 0.65
39 0.325 0.341666666667 0.171875 0.65
40 0.325 0.345833333333 0.171875 0.65
41 0.328125 0.345833333333 0.171875 0.65
42 0.325 0.35 0.171875 0.65
43 0.325 0.35 0.171875 0.65
44 0.325 0.329166666667 0.171875 0.65
45 0.328125 0.35 0.171875 0.65
46 0.328125 0.345833333333 0.171875 0.65
47 0.328125 0.329166666667 0.171875 0.65
48 0.325 0.341666666667 0.171875 0.65
49 0.325 0.329166666667 0.171875 0.65
50 0.33125 0.316666666667 0.171875 0.65
51 0.334375 0.3125 0.171875 0.65
52 0.3375 0.320833333333 0.171875 0.65
53 0.3375 0.308333333333 0.171875 0.65
54 0.3375 0.295833333333 0.171875 0.65
55 0.340625 0.295833333333 0.171875 0.65
56 0.34375 0.295833333333 0.171875 0.65
57 0.346875 0.283333333333 0.171875 0.65
58 0.346875 0.2875 0.171875 0.65
59 0.35 0.3 0.171875 0.65
60 0.35625 0.329166666667 0.171875 0.65
61 0.35625 0.320833333333 0.171875 0.65
62 0.3625 0.320833333333 0.171875 0.65
63 0.365625 0.295833333333 0.171875 0.65
64 0.365625 0.295833333333 0.171875 0.65
65 0.365625 0.283333333333 0.171875 0.65
66 0.371875 0.275 0.171875 0.65
67 0.371875 0.270833333333 0.171875 0.65
68 0.375 0.25 0.171875 0.65
69 0.38125 0.3 0.171875 0.65
70 0.3875 0.291666666667 0.171875 0.65
71 0.39375 0.254166666667 0.171875 0.65
72 0.39375 0.2375 0.171875 0.65
73 0.396875 0.241666666667 0.171875 0.65
74 0.3875 0.270833333333 0.171875 0.65
75 0.384375 0.2875 0.171875 0.65
76 0.378125 0.283333333333 0.171875 0.65
77 0.36875 0.275 0.171875 0.65
78 0.3625 0.258333333333 0.171875 0.65
79 0.353125 0.254166666667 0.171875 0.65
80 0.346875 0.25 0.171875 0.65
81 0.340625 0.266666666667 0.171875 0.65
82 0.3375 0.25 0.171875 0.65
83 0.33125 0.283333333333 0.171875 0.65
84 0.325 0.279166666667 0.171875 0.65
85 0.321875 0.275 0.171875 0.65
86 0.321875 0.254166666667 0.171875 0.65
87 0.31875 0.254166666667 0.171875 0.65
88 0.31875 0.2625 0.171875 0.65
89 0.321875 0.245833333333 0.171875 0.65
90 0.321875 0.266666666667 0.171875 0.65
91 0.321875 0.2625 0.171875 0.65
92 0.31875 0.245833333333 0.171875 0.65
93 0.31875 0.245833333333 0.171875 0.65
94 0.315625 0.245833333333 0.171875 0.65
95 0.315625 0.229166666667 0.171875 0.65
96 0.315625 0.229166666667 0.171875 0.65
97 0.31875 0.229166666667 0.171875 0.65
98 0.325 0.225 0.171875 0.65
99 0.328125 0.229166666667 0.171875 0.65
100 0.3375 0.241666666667 0.171875 0.65
101 0.353125 0.225 0.171875 0.65
102 0.35 0.216666666667 0.171875 0.65
103 0.359375 0.225 0.171875 0.65
104 0.359375 0.233333333333 0.171875 0.65
105 0.35 0.25 0.171875 0.65
106 0.346875 0.25 0.171875 0.65
107 0.346875 0.245833333333 0.171875 0.65
108 0.34375 0.233333333333 0.171875 0.65
109 0.346875 0.208333333333 0.171875 0.65
110 0.346875 0.225 0.171875 0.65
111 0.346875 0.225 0.171875 0.65
112 0.346875 0.2375 0.171875 0.65
113 0.346875 0.2375 0.171875 0.65
114 0.34375 0.225 0.171875 0.65
115 0.34375 0.2 0.171875 0.65
116 0.34375 0.204166666667 0.171875 0.65
117 0.34375 0.204166666667 0.171875 0.65
118 0.34375 0.245833333333 0.171875 0.65
119 0.35 0.208333333333 0.171875 0.65
120 0.353125 0.270833333333 0.171875 0.65
121 0.353125 0.2625 0.171875 0.65
122 0.35625 0.229166666667 0.171875 0.65
123 0.3625 0.229166666667 0.171875 0.65
124 0.3625 0.229166666667 0.171875 0.65
125 0.36875 0.216666666667 0.171875 0.65
126 0.371875 0.179166666667 0.171875 0.65
127 0.375 0.179166666667 0.171875 0.65
128 0.375 0.195833333333 0.171875 0.65
129 0.3625 0.154166666667 0.171875 0.65
130 0.353125 0.1125 0.171875 0.65
131 0.346875 0.0 0.171875 0.65
132 0.340625 0.0 0.171875 0.65
133 0.34375 0.0 0.171875 0.65
134 0.34375 0.0 0.171875 0.65
135 0.3625 0.0 0.171875 0.65
136 0.359375 0.0166666666667 0.171875 0.65
137 0.359375 0.0291666666667 0.171875 0.65
138 0.359375 0.0291666666667 0.171875 0.65
139 0.365625 0.0458333333333 0.171875 0.65
140 0.359375 0.120833333333 0.171875 0.65
141 0.359375 0.170833333333 0.171875 0.65
142 0.371875 0.204166666667 0.171875 0.65
143 0.3625 0.225 0.171875 0.65
144 0.359375 0.220833333333 0.171875 0.65
145 0.35 0.229166666667 0.171875 0.65
146 0.346875 0.225 0.171875 0.65
147 0.35 0.2 0.171875 0.65
148 0.346875 0.179166666667 0.171875 0.65
149 0.346875 0.154166666667 0.171875 0.65
150 0.346875 0.229166666667 0.171875 0.65
151 0.346875 0.225 0.171875 0.65
152 0.346875 0.2125 0.171875 0.65
153 0.34375 0.216666666667 0.171875 0.65
154 0.34375 0.233333333333 0.171875 0.65
155 0.346875 0.208333333333 0.171875 0.65
156 0.346875 0.216666666667 0.171875 0.65
157 0.353125 0.2375 0.171875 0.65
158 0.353125 0.2 0.171875 0.65
159 0.359375 0.225 0.171875 0.65
160 0.3625 0.204166666667 0.171875 0.65
161 0.365625 0.233333333333 0.171875 0.65
162 0.36875 0.220833333333 0.171875 0.65
163 0.365625 0.229166666667 0.171875 0.65
164 0.365625 0.233333333333 0.171875 0.65
165 0.36875 0.258333333333 0.171875 0.65
166 0.36875 0.254166666667 0.171875 0.65
167 0.365625 0.25 0.171875 0.65
168 0.3625 0.229166666667 0.171875 0.65
169 0.3625 0.225 0.171875 0.65
170 0.3625 0.225 0.171875 0.65
171 0.3625 0.1875 0.171875 0.65
172 0.3625 0.183333333333 0.171875 0.65
173 0.359375 0.1625 0.171875 0.65
174 0.35625 0.120833333333 0.171875 0.65
175 0.346875 0.141666666667 0.171875 0.65
176 0.340625 0.154166666667 0.171875 0.65
177 0.33125 0.158333333333 0.171875 0.65
178 0.33125 0.158333333333 0.171875 0.65
179 0.334375 0.204166666667 0.171875 0.65
180 0.334375 0.2875 0.171875 0.65
181 0.3375 0.270833333333 0.171875 0.65
182 0.334375 0.245833333333 0.171875 0.65
183 0.33125 0.225 0.171875 0.65
184 0.33125 0.225 0.171875 0.65
185 0.33125 0.204166666667 0.171875 0.65
186 0.328125 0.2 0.171875 0.65
187 0.33125 0.191666666667 0.171875 0.65
188 0.33125 0.170833333333 0.171875 0.65
189 0.334375 0.183333333333 0.171875 0.65
190 0.3375 0.195833333333 0.171875 0.65
191 0.346875 0.175 0.171875 0.65
192 0.35 0.175 0.171875 0.65
193 0.35625 0.2125 0.171875 0.65
194 0.35625 0.233333333333 0.171875 0.65
195 0.35625 0.266666666667 0.171875 0.65
196 0.359375 0.233333333333 0.171875 0.65
197 0.359375 0.220833333333 0.171875 0.65
198 0.359375 0.204166666667 0.171875 0.65
199 0.35625 0.183333333333 0.171875 0.65
200 0.35 0.158333333333 0.171875 0.65
201 0.34375 0.133333333333 0.171875 0.65
202 0.3375 0.120833333333 0.171875 0.65
203 0.3375 0.129166666667 0.171875 0.65
204 0.3375 0.0958333333333 0.171875 0.65
205 0.33125 0.0958333333333 0.171875 0.65
206 0.33125 0.1125 0.171875 0.65
207 0.328125 0.129166666667 0.171875 0.65
208 0.328125 0.129166666667 0.171875 0.65
209 0.325 0.154166666667 0.171875 0.65
210 0.31875 0.225 0.171875 0.65
211 0.31875 0.2 0.171875 0.65
212 0.3125 0.183333333333 0.171875 0.65
213 0.30625 0.195833333333 0.171875 0.65
214 0.3 0.1875 0.171875 0.65
215 0.29375 0.225 0.171875 0.65
216 0.2875 0.25 0.171875 0.65
217 0.278125 0.2125 0.171875 0.65
218 0.278125 0.333333333333 0.171875 0.65
219 0.284375 0.316666666667 0.171875 0.65
220 0.296875 0.304166666667 0.171875 0.65
221 0.3 0.25 0.171875 0.65
222 0.296875 0.2125 0.171875 0.65
223 0.284375 0.133333333333 0.171875 0.65
224 0.2875 0.154166666667 0.171875 0.65
225 0.29375 0.225 0.171875 0.65
226 0.29375 0.216666666667 0.171875 0.65
227 0.3 0.208333333333 0.171875 0.65
228 0.303125 0.216666666667 0.171875 0.65
229 0.30625 0.2125 0.171875 0.65
230 0.296875 0.116666666667 0.171875 0.65
231 0.296875 0.125 0.171875 0.65
232 0.3 0.129166666667 0.171875 0.65
233 0.3 0.129166666667 0.171875 0.65
234 0.30625 0.125 0.171875 0.65
235 0.3 0.133333333333 0.171875 0.65
236 0.29375 0.166666666667 0.171875 0.65
237 0.290625 0.175 0.171875 0.65
238 0.290625 0.175 0.171875 0.65
239 0.2875 0.179166666667 0.171875 0.65
240 0.2875 0.179166666667 0.171875 0.65
241 0.2875 0.195833333333 0.171875 0.65
242 0.2875 0.195833333333 0.171875 0.65
243 0.2875 0.1625 0.171875 0.65
244 0.2875 0.154166666667 0.171875 0.65
245 0.290625 0.133333333333 0.171875 0.65
246 0.290625 0.133333333333 0.171875 0.65
247 0.290625 0.154166666667 0.171875 0.65
248 0.2875 0.154166666667 0.171875 0.65
249 0.2875 0.15 0.171875 0.65
250 0.284375 0.154166666667 0.171875 0.65
251 0.28125 0.120833333333 0.171875 0.65
252 0.278125 0.133333333333 0.171875 0.65
253 0.278125 0.1125 0.171875 0.65
254 0.271875 0.104166666667 0.171875 0.65
255 0.26875 0.175 0.171875 0.65
256 0.26875 0.15 0.171875 0.65
257 0.26875 0.141666666667 0.171875 0.65
258 0.275 0.125 0.171875 0.65
259 0.275 0.108333333333 0.171875 0.65
260 0.275 0.108333333333 0.171875 0.65
261 0.275 0.116666666667 0.171875 0.65
262 0.278125 0.145833333333 0.171875 0.65
263 0.284375 0.170833333333 0.171875 0.65
264 0.28125 0.158333333333 0.171875 0.65
265 0.275 0.133333333333 0.171875 0.65
266 0.271875 0.15 0.171875 0.65
267 0.265625 0.158333333333 0.171875 0.65
268 0.265625 0.170833333333 0.171875 0.65
269 0.2625 0.175 0.171875 0.65
270 0.265625 0.25 0.171875 0.65
271 0.265625 0.233333333333 0.171875 0.65
272 0.2625 0.166666666667 0.171875 0.65
273 0.2625 0.1625 0.171875 0.65
274 0.26875 0.154166666667 0.171875 0.65
275 0.278125 0.15 0.171875 0.65
276 0.2875 0.158333333333 0.171875 0.65
277 0.296875 0.154166666667 0.171875 0.65
278 0.303125 0.1625 0.171875 0.65
279 0.309375 0.158333333333 0.171875 0.65
280 0.3125 0.183333333333 0.171875 0.65
281 0.3125 0.1875 0.171875 0.65
282 0.30625 0.1875 0.171875 0.65
283 0.30625 0.1875 0.171875 0.65
284 0.303125 0.191666666667 0.171875 0.65
285 0.303125 0.233333333333 0.171875 0.65
286 0.309375 0.229166666667 0.171875 0.65
287 0.30625 0.208333333333 0.171875 0.65
288 0.309375 0.1875 0.171875 0.65
289 0.3125 0.179166666667 0.171875 0.65
290 0.303125 0.166666666667 0.171875 0.65
291 0.30625 0.1625 0.171875 0.65
292 0.3125 0.175 0.171875 0.65
293 0.3125 0.175 0.171875 0.65
294 0.315625 0.179166666667 0.171875 0.65
295 0.315625 0.175 0.171875 0.65
296 0.315625 0.129166666667 0.171875 0.65
297 0.303125 0.125 0.171875 0.65
298 0.30625 0.1375 0.171875 0.65
299 0.309375 0.1375 0.171875 0.65
300 0.303125 0.191666666667 0.171875 0.65
301 0.303125 0.179166666667 0.171875 0.65
302 0.296875 0.15 0.171875 0.65
303 0.296875 0.15 0.171875 0.65
304 0.303125 0.129166666667 0.171875 0.65
305 0.321875 0.125 0.171875 0.65
306 0.334375 0.154166666667 0.171875 0.65
307 0.346875 0.170833333333 0.171875 0.65
308 0.35625 0.225 0.171875 0.65
309 0.35625 0.225 0.171875 0.65
310 0.3625 0.25 0.171875 0.65
311 0.353125 0.225 0.171875 0.65
312 0.35625 0.241666666667 0.171875 0.65
313 0.35625 0.229166666667 0.171875 0.65
314 0.35625 0.233333333333 0.171875 0.65
315 0.359375 0.275 0.171875 0.65
316 0.359375 0.208333333333 0.171875 0.65
317 0.359375 0.216666666667 0.171875 0.65
318 0.353125 0.183333333333 0.171875 0.65
319 0.346875 0.170833333333 0.171875 0.65
320 0.34375 0.166666666667 0.171875 0.65
321 0.33125 0.141666666667 0.171875 0.65
322 0.325 0.104166666667 0.171875 0.65
323 0.321875 0.05 0.171875 0.65
324 0.28125 0.0125 0.171875 0.65
325 0.296875 0.0375 0.171875 0.65
326 0.340625 0.15 0.171875 0.65
327 0.340625 0.145833333333 0.171875 0.65
328 0.3375 0.15 0.171875 0.65
329 0.3375 0.15 0.171875 0.65
330 0.34375 0.145833333333 0.171875 0.65
331 0.3375 0.2 0.171875 0.65
332 0.3375 0.191666666667 0.171875 0.65
333 0.334375 0.170833333333 0.171875 0.65
334 0.3375 0.145833333333 0.171875 0.65
335 0.34375 0.158333333333 0.171875 0.65
336 0.340625 0.166666666667 0.171875 0.65
337 0.3375 0.175 0.171875 0.65
338 0.3375 0.175 0.171875 0.65
339 0.334375 0.191666666667 0.171875 0.65
340 0.33125 0.170833333333 0.171875 0.65
341 0.328125 0.170833333333 0.171875 0.65
342 0.325 0.154166666667 0.171875 0.65
343 0.325 0.129166666667 0.171875 0.65
344 0.325 0.125 0.171875 0.65
345 0.328125 0.216666666667 0.171875 0.65
346 0.328125 0.195833333333 0.171875 0.65
347 0.328125 0.183333333333 0.171875 0.65
348 0.328125 0.183333333333 0.171875 0.65
349 0.321875 0.170833333333 0.171875 0.65
350 0.321875 0.170833333333 0.171875 0.65
351 0.328125 0.208333333333 0.171875 0.65
352 0.33125 0.2 0.171875 0.65
353 0.328125 0.2 0.171875 0.65
354 0.33125 0.233333333333 0.171875 0.65
355 0.328125 0.266666666667 0.171875 0.65
356 0.328125 0.2625 0.171875 0.65
357 0.328125 0.266666666667 0.171875 0.65
358 0.325 0.270833333333 0.171875 0.65
359 0.315625 0.204166666667 0.171875 0.65
360 0.321875 0.270833333333 0.171875 0.65
361 0.31875 0.2625 0.171875 0.65
362 0.31875 0.245833333333 0.171875 0.65
363 0.31875 0.2375 0.171875 0.65
364 0.31875 0.2375 0.171875 0.65
365 0.31875 0.233333333333 0.171875 0.65
366 0.31875 0.233333333333 0.171875 0.65
367 0.321875 0.254166666667 0.171875 0.65
368 0.321875 0.220833333333 0.171875 0.65
369 0.328125 0.25 0.171875 0.65
370 0.33125 0.2375 0.171875 0.65
371 0.33125 0.204166666667 0.171875 0.65
372 0.33125 0.195833333333 0.171875 0.65
373 0.334375 0.195833333333 0.171875 0.65
374 0.334375 0.183333333333 0.171875 0.65
375 0.334375 0.254166666667 0.171875 0.65
376 0.334375 0.229166666667 0.171875 0.65
377 0.334375 0.229166666667 0.171875 0.65
378 0.321875 0.229166666667 0.171875 0.65
379 0.321875 0.225 0.171875 0.65
380 0.315625 0.25 0.171875 0.65
381 0.309375 0.25 0.171875 0.65
382 0.303125 0.25 0.171875 0.65
383 0.296875 0.266666666667 0.171875 0.65
384 0.290625 0.279166666667 0.171875 0.65
385 0.290625 0.3 0.171875 0.65
386 0.28125 0.2 0.171875 0.65
387 0.28125 0.216666666667 0.171875 0.65
388 0.28125 0.220833333333 0.171875 0.65
389 0.28125 0.258333333333 0.171875 0.65
390 0.275 0.329166666667 0.171875 0.65
391 0.271875 0.2875 0.171875 0.65
392 0.26875 0.283333333333 0.171875 0.65
393 0.271875 0.279166666667 0.171875 0.65
394 0.271875 0.279166666667 0.171875 0.65
395 0.271875 0.279166666667 0.171875 0.65
396 0.275 0.204166666667 0.171875 0.65
397 0.28125 0.2125 0.171875 0.65
398 0.290625 0.170833333333 0.171875 0.65
399 0.29375 0.179166666667 0.171875 0.65
400 0.296875 0.179166666667 0.171875 0.65
401 0.3 0.2 0.171875 0.65
402 0.303125 0.183333333333 0.171875 0.65
403 0.303125 0.154166666667 0.171875 0.65
404 0.303125 0.125 0.171875 0.65
405 0.309375 0.229166666667 0.171875 0.65
406 0.309375 0.204166666667 0.171875 0.65
407 0.315625 0.195833333333 0.171875 0.65
408 0.3125 0.1875 0.171875 0.65
409 0.3125 0.1875 0.171875 0.65
410 0.303125 0.166666666667 0.171875 0.65
411 0.3 0.170833333333 0.171875 0.65
412 0.3 0.183333333333 0.171875 0.65
413 0.290625 0.195833333333 0.171875 0.65
414 0.2875 0.225 0.171875 0.65
415 0.2875 0.225 0.171875 0.65
416 0.284375 0.216666666667 0.171875 0.65
417 0.284375 0.191666666667 0.171875 0.65
418 0.28125 0.225 0.171875 0.65
419 0.28125 0.225 0.171875 0.65
420 0.271875 0.283333333333 0.171875 0.65
421 0.271875 0.283333333333 0.171875 0.65
422 0.271875 0.275 0.171875 0.65
423 0.271875 0.279166666667 0.171875 0.65
424 0.225 0.308333333333 0.171875 0.65
425 0.221875 0.320833333333 0.171875 0.65
426 0.25 0.308333333333 0.171875 0.65
427 0.234375 0.3125 0.171875 0.65
428 0.240625 0.3125 0.171875 0.65
429 0.296875 0.325 0.171875 0.65
430 0.3 0.345833333333 0.171875 0.65
431 0.3 0.325 0.171875 0.65
432 0.3 0.325 0.171875 0.65
433 0.309375 0.329166666667 0.171875 0.65
434 0.315625 0.341666666667 0.171875 0.65
435 0.31875 0.341666666667 0.171875 0.65
436 0.31875 0.316666666667 0.171875 0.65
437 0.315625 0.316666666667 0.171875 0.65
438 0.315625 0.295833333333 0.171875 0.65
439 0.315625 0.3 0.171875 0.65
440 0.309375 0.270833333333 0.171875 0.65
441 0.303125 0.258333333333 0.171875 0.65
442 0.290625 0.25 0.171875 0.65
443 0.28125 0.2625 0.171875 0.65
444 0.278125 0.2625 0.171875 0.65
445 0.265625 0.241666666667 0.171875 0.65
446 0.246875 0.154166666667 0.171875 0.65
447 0.24375 0.170833333333 0.171875 0.65
448 0.234375 0.125 0.171875 0.65
449 0.228125 0.129166666667 0.171875 0.65
450 0.228125 0.245833333333 0.171875 0.65
451 0.228125 0.2375 0.171875 0.65
452 0.234375 0.216666666667 0.171875 0.65
453 0.240625 0.170833333333 0.171875 0.65
454 0.24375 0.141666666667 0.171875 0.65
455 0.253125 0.141666666667 0.171875 0.65
456 0.25 0.166666666667 0.171875 0.65
457 0.2625 0.166666666667 0.171875 0.65
458 0.26875 0.1625 0.171875 0.65
459 0.26875 0.1375 0.171875 0.65
460 0.271875 0.0791666666667 0.171875 0.65
461 0.278125 0.0875 0.171875 0.65
462 0.28125 0.0666666666667 0.171875 0.65
463 0.284375 0.0666666666667 0.171875 0.65
464 0.290625 0.108333333333 0.171875 0.65
465 0.29375 0.220833333333 0.171875 0.65
466 0.290625 0.2 0.171875 0.65
467 0.290625 0.1875 0.171875 0.65
468 0.2875 0.1625 0.171875 0.65
469 0.284375 0.141666666667 0.171875 0.65
470 0.271875 0.175 0.171875 0.65
471 0.26875 0.179166666667 0.171875 0.65
472 0.26875 0.179166666667 0.171875 0.65
473 0.26875 0.145833333333 0.171875 0.65
474 0.265625 0.141666666667 0.171875 0.65
475 0.2625 0.15 0.171875 0.65
476 0.259375 0.129166666667 0.171875 0.65
477 0.259375 0.133333333333 0.171875 0.65
478 0.259375 0.170833333333 0.171875 0.65
479 0.2625 0.195833333333 0.171875 0.65
480 0.253125 0.25 0.171875 0.65
481 0.25 0.208333333333 0.171875 0.65
482 0.25 0.195833333333 0.171875 0.65
483 0.25625 0.195833333333 0.171875 0.65
484 0.259375 0.195833333333 0.171875 0.65
485 0.25625 0.195833333333 0.171875 0.65
486 0.265625 0.158333333333 0.171875 0.65
487 0.265625 0.154166666667 0.171875 0.65
488 0.271875 0.141666666667 0.171875 0.65
489 0.275 0.116666666667 0.171875 0.65
490 0.275 0.108333333333 0.171875 0.65
491 0.275 0.116666666667 0.171875 0.65
492 0.275 0.170833333333 0.171875 0.65
493 0.275 0.170833333333 0.171875 0.65
494 0.275 0.154166666667 0.171875 0.65
495 0.26875 0.241666666667 0.171875 0.65
496 0.275 0.233333333333 0.171875 0.65
497 0.271875 0.15 0.171875 0.65
498 0.271875 0.154166666667 0.171875 0.65
499 0.265625 0.133333333333 0.171875 0.65
500 0.253125 0.116666666667 0.171875 0.65
501 0.246875 0.125 0.171875 0.65
502 0.2375 0.120833333333 0.171875 0.65
503 0.234375 0.125 0.171875 0.65
504 0.2375 0.175 0.171875 0.65
505 0.2375 0.191666666667 0.171875 0.65
506 0.225 0.175 0.171875 0.65
507 0.225 0.15 0.171875 0.65
508 0.2125 0.0916666666667 0.171875 0.65
509 0.2125 0.116666666667 0.171875 0.65
510 0.221875 0.2625 0.171875 0.65
511 0.228125 0.170833333333 0.171875 0.65
512 0.24375 0.179166666667 0.171875 0.65
513 0.253125 0.179166666667 0.171875 0.65
514 0.25625 0.145833333333 0.171875 0.65
515 0.25625 0.116666666667 0.171875 0.65
516 0.25625 0.1 0.171875 0.65
517 0.265625 0.0958333333333 0.171875 0.65
518 0.26875 0.108333333333 0.171875 0.65
519 0.278125 0.125 0.171875 0.65
520 0.28125 0.179166666667 0.171875 0.65
521 0.2875 0.170833333333 0.171875 0.65
522 0.284375 0.145833333333 0.171875 0.65
523 0.29375 0.133333333333 0.171875 0.65
524 0.30625 0.125 0.171875 0.65
525 0.31875 0.2375 0.171875 0.65
526 0.321875 0.220833333333 0.171875 0.65
527 0.325 0.183333333333 0.171875 0.65
528 0.328125 0.15 0.171875 0.65
529 0.325 0.120833333333 0.171875 0.65
530 0.31875 0.120833333333 0.171875 0.65
531 0.321875 0.125 0.171875 0.65
532 0.321875 0.183333333333 0.171875 0.65
533 0.325 0.1875 0.171875 0.65
534 0.325 0.204166666667 0.171875 0.65
535 0.325 0.175 0.171875 0.65
536 0.321875 0.158333333333 0.171875 0.65
537 0.325 0.179166666667 0.171875 0.65
538 0.340625 0.2375 0.171875 0.65
539 0.33125 0.1875 0.171875 0.65
540 0.321875 0.1875 0.171875 0.65
541 0.315625 0.175 0.171875 0.65
542 0.31875 0.179166666667 0.171875 0.65
543 0.325 0.179166666667 0.171875 0.65
544 0.328125 0.108333333333 0.171875 0.65
545 0.365625 0.254166666667 0.171875 0.65
546 0.375 0.2375 0.171875 0.65
547 0.4 0.241666666667 0.171875 0.65
548 0.396875 0.233333333333 0.171875 0.65
549 0.396875 0.225 0.171875 0.65
550 0.396875 0.208333333333 0.171875 0.65
551 0.390625 0.154166666667 0.171875 0.65
552 0.38125 0.204166666667 0.171875 0.65
553 0.384375 0.2125 0.171875 0.65
554 0.4 0.204166666667 0.171875 0.65
555 0.396875 0.216666666667 0.171875 0.65
556 0.396875 0.233333333333 0.171875 0.65
557 0.403125 0.233333333333 0.171875 0.65
558 0.390625 0.233333333333 0.171875 0.65
559 0.3875 0.166666666667 0.171875 0.65
560 0.38125 0.179166666667 0.171875 0.65
561 0.375 0.195833333333 0.171875 0.65
562 0.371875 0.195833333333 0.171875 0.65
563 0.378125 0.204166666667 0.171875 0.65
564 0.378125 0.204166666667 0.171875 0.65
565 0.378125 0.204166666667 0.171875 0.65
566 0.378125 0.208333333333 0.171875 0.65
567 0.375 0.191666666667 0.171875 0.65
568 0.375 0.216666666667 0.171875 0.65
569 0.375 0.2125 0.171875 0.65
570 0.375 0.25 0.171875 0.65
571 0.36875 0.170833333333 0.171875 0.65
572 0.371875 0.158333333333 0.171875 0.65
573 0.378125 0.166666666667 0.171875 0.65
574 0.38125 0.179166666667 0.171875 0.65
575 0.390625 0.15 0.171875 0.65
576 0.390625 0.145833333333 0.171875 0.65
577 0.403125 0.175 0.171875 0.65
578 0.403125 0.191666666667 0.171875 0.65
579 0.403125 0.179166666667 0.171875 0.65
580 0.409375 0.204166666667 0.171875 0.65
581 0.409375 0.1875 0.171875 0.65
582 0.409375 0.191666666667 0.171875 0.65
583 0.409375 0.183333333333 0.171875 0.65
584 0.4125 0.175 0.171875 0.65
585 0.4125 0.225 0.171875 0.65
586 0.4125 0.216666666667 0.171875 0.65
587 0.4125 0.216666666667 0.171875 0.65
588 0.39375 0.216666666667 0.171875 0.65
589 0.3875 0.241666666667 0.171875 0.65
590 0.38125 0.225 0.171875 0.65
591 0.371875 0.233333333333 0.171875 0.65
592 0.353125 0.220833333333 0.171875 0.65
593 0.3375 0.1875 0.171875 0.65
594 0.3375 0.2375 0.171875 0.65
595 0.328125 0.2125 0.171875 0.65
596 0.325 0.229166666667 0.171875 0.65
597 0.328125 0.279166666667 0.171875 0.65
598 0.321875 0.304166666667 0.171875 0.65
599 0.290625 0.154166666667 0.171875 0.65
600 0.315625 0.35 0.171875 0.65
601 0.325 0.35 0.171875 0.65
602 0.325 0.35 0.171875 0.65
603 0.325 0.329166666667 0.171875 0.65
604 0.334375 0.316666666667 0.171875 0.65
605 0.35625 0.316666666667 0.171875 0.65
606 0.3625 0.291666666667 0.171875 0.65
607 0.35625 0.295833333333 0.171875 0.65
608 0.359375 0.275 0.171875 0.65
609 0.353125 0.279166666667 0.171875 0.65
610 0.359375 0.233333333333 0.171875 0.65
611 0.359375 0.220833333333 0.171875 0.65
612 0.359375 0.216666666667 0.171875 0.65
613 0.353125 0.216666666667 0.171875 0.65
614 0.353125 0.2 0.171875 0.65
615 0.346875 0.2 0.171875 0.65
616 0.346875 0.1625 0.171875 0.65
617 0.3375 0.141666666667 0.171875 0.65
618 0.334375 0.154166666667 0.171875 0.65
619 0.33125 0.1375 0.171875 0.65
620 0.33125 0.120833333333 0.171875 0.65
621 0.325 0.125 0.171875 0.65
622 0.3125 0.129166666667 0.171875 0.65
623 0.30625 0.158333333333 0.171875 0.65
624 0.3 0.145833333333 0.171875 0.65
625 0.290625 0.1625 0.171875 0.65
626 0.290625 0.175 0.171875 0.65
627 0.2875 0.191666666667 0.171875 0.65
628 0.278125 0.179166666667 0.171875 0.65
629 0.275 0.166666666667 0.171875 0.65
630 0.278125 0.208333333333 0.171875 0.65
631 0.28125 0.195833333333 0.171875 0.65
632 0.275 0.170833333333 0.171875 0.65
633 0.278125 0.191666666667 0.171875 0.65
634 0.278125 0.1875 0.171875 0.65
635 0.278125 0.191666666667 0.171875 0.65
636 0.278125 0.208333333333 0.171875 0.65
637 0.28125 0.2 0.171875 0.65
638 0.278125 0.2 0.171875 0.65
639 0.271875 0.195833333333 0.171875 0.65
640 0.275 0.2 0.171875 0.65
641 0.26875 0.1625 0.171875 0.65
642 0.265625 0.1625 0.171875 0.65
643 0.265625 0.1625 0.171875 0.65
644 0.26875 0.1625 0.171875 0.65
645 0.26875 0.170833333333 0.171875 0.65
646 0.26875 0.195833333333 0.171875 0.65
647 0.2625 0.195833333333 0.171875 0.65
648 0.2625 0.166666666667 0.171875 0.65
649 0.2625 0.15 0.171875 0.65
650 0.259375 0.154166666667 0.171875 0.65
651 0.25 0.120833333333 0.171875 0.65
652 0.24375 0.154166666667 0.171875 0.65
653 0.246875 0.116666666667 0.171875 0.65
654 0.25625 0.0125 0.171875 0.65
655 0.275 0.0 0.171875 0.65
656 0.271875 0.0 0.171875 0.65
657 0.271875 0.0 0.171875 0.65
658 0.259375 0.0 0.171875 0.65
659 0.265625 0.0 0.171875 0.65
660 0.265625 0.0 0.171875 0.65
661 0.240625 0.1375 0.171875 0.65
662 0.253125 0.120833333333 0.171875 0.65
663 0.26875 0.133333333333 0.171875 0.65
664 0.278125 0.120833333333 0.171875 0.65
665 0.29375 0.133333333333 0.171875 0.65
666 0.30625 0.108333333333 0.171875 0.65
667 0.3125 0.0958333333333 0.171875 0.65
668 0.309375 0.0958333333333 0.171875 0.65
669 0.28125 0.1 0.171875 0.65
670 0.303125 0.0958333333333 0.171875 0.65
671 0.36875 0.0 0.171875 0.65
672 0.384375 0.0 0.171875 0.65
673 0.39375 0.0 0.171875 0.65
674 0.390625 0.0 0.171875 0.65
675 0.378125 0.0 0.171875 0.65
676 0.359375 0.0 0.171875 0.65
677 0.3625 0.0 0.171875 0.65
678 0.36875 0.0 0.171875 0.65
679 0.371875 0.0 0.171875 0.65
680 0.36875 0.0 0.171875 0.65
681 0.36875 0.0 0.171875 0.65
682 0.375 0.0 0.171875 0.65
683 0.378125 0.0 0.171875 0.65
684 0.384375 0.0 0.171875 0.65
685 0.39375 0.0 0.171875 0.65
686 0.4 0.0 0.171875 0.65
687 0.425 0.0 0.171875 0.65
688 0.44375 0.0 0.171875 0.65
689 0.453125 0.0 0.171875 0.65
690 0.4 0.0 0.171875 0.65
691 0.4 0.0 0.171875 0.65
692 0.346875 0.0 0.171875 0.65
693 0.346875 0.0 0.171875 0.65
694 0.359375 0.0 0.171875 0.65
695 0.3375 0.1875 0.171875 0.65
696 0.346875 0.2 0.171875 0.65
697 0.353125 0.191666666667 0.171875 0.65
698 0.35625 0.191666666667 0.171875 0.65
699 0.35625 0.1875 0.171875 0.65
700 0.359375 0.191666666667 0.171875 0.65
701 0.365625 0.183333333333 0.171875 0.65
702 0.365625 0.195833333333 0.171875 0.65
703 0.371875 0.175 0.171875 0.65
704 0.375 0.175 0.171875 0.65
705 0.375 0.195833333333 0.171875 0.65
706 0.375 0.1875 0.171875 0.65
707 0.371875 0.179166666667 0.171875 0.65
708 0.36875 0.141666666667 0.171875 0.65
709 0.3625 0.145833333333 0.171875 0.65
710 0.359375 0.15 0.171875 0.65
711 0.35625 0.154166666667 0.171875 0.65
712 0.35625 0.170833333333 0.171875 0.65
713 0.353125 0.1625 0.171875 0.65
714 0.35 0.154166666667 0.171875 0.65
715 0.35 0.120833333333 0.171875 0.65
716 0.346875 0.116666666667 0.171875 0.65
717 0.35 0.104166666667 0.171875 0.65
718 0.346875 0.133333333333 0.171875 0.65
719 0.353125 0.133333333333 0.171875 0.65
720 0.35625 0.2 0.171875 0.65
721 0.365625 0.195833333333 0.171875 0.65
722 0.365625 0.145833333333 0.171875 0.65
723 0.365625 0.175 0.171875 0.65
724 0.36875 0.170833333333 0.171875 0.65
725 0.371875 0.170833333333 0.171875 0.65
726 0.378125 0.170833333333 0.171875 0.65
727 0.384375 0.179166666667 0.171875 0.65
728 0.390625 0.1625 0.171875 0.65
729 0.403125 0.133333333333 0.171875 0.65
730 0.403125 0.133333333333 0.171875 0.65
731 0.40625 0.141666666667 0.171875 0.65
732 0.4125 0.158333333333 0.171875 0.65
733 0.415625 0.175 0.171875 0.65
734 0.415625 0.179166666667 0.171875 0.65
735 0.415625 0.170833333333 0.171875 0.65
736 0.415625 0.179166666667 0.171875 0.65
737 0.415625 0.166666666667 0.171875 0.65
738 0.36875 0.35 0.171875 0.65
739 0.365625 0.35 0.171875 0.65
740 0.375 0.35 0.171875 0.65
741 0.409375 0.35 0.171875 0.65
742 0.471875 0.35 0.171875 0.65
743 0.534375 0.35 0.171875 0.65
744 0.58125 0.35 0.171875 0.65
745 0.65 0.35 0.171875 0.65
746 0.675 0.35 0.171875 0.65
747 0.73125 0.35 0.171875 0.65
748 0.7875 0.35 0.171875 0.65
749 0.828125 0.35 0.171875 0.65
750 0.828125 0.35 0.171875 0.65
751 0.828125 0.254166666667 0.171875 0.65
752 0.828125 0.2375 0.171875 0.65
753 0.828125 0.179166666667 0.171875 0.65
754 0.828125 0.191666666667 0.171875 0.65
755 0.828125 0.1875 0.171875 0.65
756 0.828125 0.179166666667 0.171875 0.65
757 0.828125 0.170833333333 0.171875 0.65
758 0.828125 0.195833333333 0.171875 0.65
759 0.828125 0.208333333333 0.171875 0.65
760 0.828125 0.291666666667 0.171875 0.65
761 0.828125 0.35 0.171875 0.65
762 0.828125 0.35 0.171875 0.65
763 0.828125 0.35 0.171875 0.65
764 0.828125 0.35 0.171875 0.65
765 0.828125 0.35 0.171875 0.65
766 0.828125 0.35 0.171875 0.65
767 0.828125 0.35 0.171875 0.65
768 0.809375 0.35 0.171875 0.65
769 0.796875 0.35 0.171875 0.65
770 0.7875 0.35 0.171875 0.65
771 0.765625 0.35 0.171875 0.65
772 0.746875 0.35 0.171875 0.65
773 0.728125 0.35 0.171875 0.65
774 0.721875 0.35 0.171875 0.65
775 0.7125 0.35 0.171875 0.65
776 0.7 0.35 0.171875 0.65
777 0.696875 0.35 0.171875 0.65
778 0.7 0.35 0.171875 0.65
779 0.69375 0.35 0.171875 0.65
780 0.675 0.35 0.171875 0.65
781 0.665625 0.35 0.171875 0.65
782 0.659375 0.35 0.171875 0.65
783 0.646875 0.3375 0.171875 0.65
784 0.640625 0.35 0.171875 0.65
785 0.621875 0.35 0.171875 0.65
786 0.6125 0.35 0.171875 0.65
787 0.60625 0.35 0.171875 0.65
788 0.59375 0.341666666667 0.171875 0.65
789 0.5875 0.3375 0.171875 0.65
790 0.5625 0.325 0.171875 0.65
791 0.5375 0.320833333333 0.171875 0.65
792 0.440625 0.225 0.171875 0.65
793 0.446875 0.2375 0.171875 0.65
794 0.446875 0.2625 0.171875 0.65
795 0.4125 0.270833333333 0.171875 0.65
796 0.4 0.266666666667 0.171875 0.65
797 0.39375 0.275 0.171875 0.65
798 0.375 0.275 0.171875 0.65
799 0.359375 0.2625 0.171875 0.65
800 0.359375 0.291666666667 0.171875 0.65
801 0.346875 0.295833333333 0.171875 0.65
802 0.334375 0.279166666667 0.171875 0.65
803 0.328125 0.275 0.171875 0.65
804 0.315625 0.270833333333 0.171875 0.65
805 0.30625 0.258333333333 0.171875 0.65
806 0.296875 0.258333333333 0.171875 0.65
807 0.29375 0.275 0.171875 0.65
808 0.29375 0.2625 0.171875 0.65
809 0.284375 0.258333333333 0.171875 0.65
810 0.296875 0.275 0.171875 0.65
811 0.290625 0.283333333333 0.171875 0.65
812 0.2875 0.2625 0.171875 0.65
813 0.278125 0.245833333333 0.171875 0.65
814 0.278125 0.220833333333 0.171875 0.65
815 0.28125 0.2125 0.171875 0.65
816 0.28125 0.179166666667 0.171875 0.65
817 0.271875 0.191666666667 0.171875 0.65
818 0.265625 0.195833333333 0.171875 0.65
819 0.2625 0.216666666667 0.171875 0.65
820 0.25 0.229166666667 0.171875 0.65
821 0.24375 0.245833333333 0.171875 0.65
822 0.2375 0.2375 0.171875 0.65
823 0.228125 0.245833333333 0.171875 0.65
824 0.215625 0.241666666667 0.171875 0.65
825 0.2125 0.279166666667 0.171875 0.65
826 0.2125 0.25 0.171875 0.65
827 0.20625 0.2375 0.171875 0.65
828 0.2 0.220833333333 0.171875 0.65
829 0.196875 0.216666666667 0.171875 0.65
830 0.19375 0.220833333333 0.171875 0.65
831 0.190625 0.220833333333 0.171875 0.65
832 0.1875 0.208333333333 0.171875 0.65
833 0.18125 0.195833333333 0.171875 0.65
834 0.1875 0.225 0.171875 0.65
835 0.1875 0.2125 0.171875 0.65
836 0.1875 0.220833333333 0.171875 0.65
837 0.19375 0.245833333333 0.171875 0.65
838 0.190625 0.2125 0.171875 0.65
839 0.190625 0.25 0.171875 0.65
840 0.190625 0.2875 0.171875 0.65
841 0.190625 0.3 0.171875 0.65
842 0.19375 0.275 0.171875 0.65
843 0.19375 0.258333333333 0.171875 0.65
844 0.203125 0.245833333333 0.171875 0.65
845 0.2125 0.258333333333 0.171875 0.65
846 0.221875 0.241666666667 0.171875 0.65
847 0.225 0.241666666667 0.171875 0.65
848 0.228125 0.258333333333 0.171875 0.65
849 0.221875 0.270833333333 0.171875 0.65
850 0.221875 0.270833333333 0.171875 0.65
851 0.225 0.254166666667 0.171875 0.65
852 0.228125 0.254166666667 0.171875 0.65
853 0.228125 0.245833333333 0.171875 0.65
854 0.225 0.25 0.171875 0.65
855 0.225 0.2875 0.171875 0.65
856 0.23125 0.245833333333 0.171875 0.65
857 0.23125 0.266666666667 0.171875 0.65
858 0.253125 0.229166666667 0.171875 0.65
859 0.265625 0.220833333333 0.171875 0.65
860 0.278125 0.208333333333 0.171875 0.65
861 0.2875 0.191666666667 0.171875 0.65
862 0.309375 0.204166666667 0.171875 0.65
863 0.315625 0.204166666667 0.171875 0.65
864 0.33125 0.175 0.171875 0.65
865 0.328125 0.1875 0.171875 0.65
866 0.328125 0.225 0.171875 0.65
867 0.33125 0.229166666667 0.171875 0.65
868 0.34375 0.258333333333 0.171875 0.65
869 0.35 0.2625 0.171875 0.65
870 0.353125 0.275 0.171875 0.65
871 0.3625 0.254166666667 0.171875 0.65
872 0.36875 0.266666666667 0.171875 0.65
873 0.375 0.245833333333 0.171875 0.65
874 0.378125 0.245833333333 0.171875 0.65
875 0.38125 0.229166666667 0.171875 0.65
876 0.390625 0.2125 0.171875 0.65
877 0.390625 0.233333333333 0.171875 0.65
878 0.375 0.2 0.171875 0.65
879 0.375 0.220833333333 0.171875 0.65
880 0.375 0.241666666667 0.171875 0.65
881 0.384375 0.270833333333 0.171875 0.65
882 0.353125 0.225 0.171875 0.65
883 0.35 0.225 0.171875 0.65
884 0.35 0.254166666667 0.171875 0.65
885 0.328125 0.2125 0.171875 0.65
886 0.3375 0.225 0.171875 0.65
887 0.246875 0.0125 0.171875 0.65
888 0.246875 0.0125 0.171875 0.65
889 0.2375 0.0 0.171875 0.65
890 0.2375 0.0166666666667 0.171875 0.65
891 0.246875 0.0166666666667 0.171875 0.65
892 0.24375 0.025 0.171875 0.65
893 0.25 0.0458333333333 0.171875 0.65
894 0.25 0.0 0.171875 0.65
895 0.24375 0.0 0.171875 0.65
896 0.128125 0.0 0.171875 0.65
897 0.13125 0.0 0.171875 0.65
898 0.1375 0.0 0.171875 0.65
899 0.146875 0.0166666666667 0.171875 0.65
900 0.16875 0.0208333333333 0.171875 0.65
901 0.171875 0.0208333333333 0.171875 0.65
902 0.16875 0.0 0.171875 0.65
903 0.15 0.0 0.171875 0.65
904 0.1375 0.0 0.171875 0.65
905 0.11875 0.0 0.171875 0.65
906 0.115625 0.0 0.171875 0.65
907 0.09375 0.0 0.171875 0.65
908 0.075 0.0 0.171875 0.65
909 0.053125 0.0 0.171875 0.65
910 0.03125 0.0 0.171875 0.65
911 0.021875 0.0 0.171875 0.65
912 0.015625 0.0 0.171875 0.65
913 0.0125 0.0 0.171875 0.65
914 0.0 0.0 0.171875 0.65
915 0.0 0.0 0.171875 0.65
916 0.0 0.0 0.171875 0.65
917 0.0 0.0 0.171875 0.65
918 0.0 0.0 0.171875 0.65
919 0.0 0.0 0.171875 0.65
920 0.0 0.0 0.171875 0.65
921 0.0 0.0 0.171875 0.65
922 0.0 0.0 0.171875 0.65
923 0.0 0.0 0.171875 0.65
924 0.0 0.0 0.171875 0.65
925 0.0 0.0 0.171875 0.65
926 0.0 0.0 0.171875 0.65
927 0.0 0.00416666666667 0.171875 0.65
928 0.0 0.0 0.171875 0.65
929 0.0 0.0 0.171875 0.65
930 0.0 0.0 0.171875 0.65
931 0.0 0.0 0.171875 0.65
932 0.0 0.0 0.171875 0.65
933 0.0 0.0 0.171875 0.65
934 0.0 0.0 0.171875 0.65
935 0.0 0.0 0.171875 0.65
936 0.0 0.0 0.171875 0.65
937 0.0 0.0 0.171875 0.65
938 0.0 0.0 0.171875 0.65
939 0.0 0.0 0.171875 0.65
940 0.13125 0.0 0.171875 0.65
941 0.125 0.0 0.171875 0.65
942 0.125 0.0 0.171875 0.65
943 0.103125 0.0 0.171875 0.65
944 0.096875 0.0 0.171875 0.65
945 0.075 0.0 0.171875 0.65
946 0.05625 0.0 0.171875 0.65
947 0.0375 0.0 0.171875 0.65
948 0.03125 0.0 0.171875 0.65
949 0.01875 0.0 0.171875 0.65
950 0.0125 0.0 0.171875 0.65
951 0.0125 0.0 0.171875 0.65
952 0.00625 0.0 0.171875 0.65
953 0.0 0.0 0.171875 0.65
954 0.0 0.0333333333333 0.171875 0.65
955 0.0 0.0291666666667 0.171875 0.65
956 0.0 0.0291666666667 0.171875 0.65
957 0.0 0.2125 0.171875 0.65
958 0.0 0.2 0.171875 0.65
959 0.03125 0.275 0.171875 0.65
960 0.0 0.204166666667 0.171875 0.65
961 0.0 0.129166666667 0.171875 0.65
962 0.009375 0.0 0.171875 0.65
963 0.0 0.0 0.171875 0.65
964 0.0 0.0 0.171875 0.65
965 0.0 0.0 0.171875 0.65
966 0.0 0.0 0.171875 0.65
967 0.0 0.0 0.171875 0.65
968 0.06875 0.0 0.171875 0.65
969 0.04375 0.0 0.171875 0.65
970 0.04375 0.0 0.171875 0.65
971 0.028125 0.0 0.171875 0.65
972 0.0125 0.0 0.171875 0.65
973 0.0 0.0 0.171875 0.65
974 0.0 0.0 0.171875 0.65
975 0.0 0.0 0.171875 0.65
976 0.0 0.0 0.171875 0.65
977 0.0 0.0 0.171875 0.65
978 0.0 0.0 0.171875 0.65
979 0.0 0.0 0.171875 0.65
980 0.046875 0.0 0.171875 0.65
981 0.046875 0.0208333333333 0.171875 0.65
982 0.078125 0.0 0.171875 0.65
983 0.13125 0.0 0.171875 0.65
984 0.165625 0.0 0.171875 0.65
985 0.165625 0.0 0.171875 0.65
986 0.253125 0.0 0.171875 0.65
987 0.315625 0.0 0.171875 0.65
988 0.315625 0.0 0.171875 0.65
989 0.31875 0.333333333333 0.171875 0.65
990 0.3125 0.35 0.171875 0.65
991 0.303125 0.35 0.171875 0.65
992 0.29375 0.341666666667 0.171875 0.65
993 0.278125 0.35 0.171875 0.65
994 0.2625 0.35 0.171875 0.65
995 0.246875 0.341666666667 0.171875 0.65
996 0.2375 0.345833333333 0.171875 0.65
997 0.221875 0.345833333333 0.171875 0.65
998 0.209375 0.3375 0.171875 0.65
999 0.209375 0.3375 0.171875 0.65
1000 0.209375 0.325 0.171875 0.65
1001 0.20625 0.304166666667 0.171875 0.65
1002 0.21875 0.291666666667 0.171875 0.65
1003 0.221875 0.266666666667 0.171875 0.65
1004 0.240625 0.2625 0.171875 0.65
1005 0.24375 0.270833333333 0.171875 0.65
1006 0.25 0.283333333333 0.171875 0.65
1007 0.25625 0.2875 0.171875 0.65
1008 0.25625 0.304166666667 0.171875 0.65
1009 0.25625 0.3125 0.171875 0.65
1010 0.25625 0.3375 0.171875 0.65
1011 0.253125 0.35 0.171875 0.65
1012 0.246875 0.35 0.171875 0.65
1013 0.240625 0.35 0.171875 0.65
1014 0.24375 0.345833333333 0.171875 0.65
1015 0.24375 0.325 0.171875 0.65
1016 0.24375 0.320833333333 0.171875 0.65
