./../data/Vid_K_cup_on_table.avi.avi
0 0.435345 0.363985 0.109195 0.136973
1 0.434959502522 0.365523893254 0.108292195862 0.136769318319
2 0.438002408728 0.370869557985 0.107303913301 0.136342184212
3 0.439101855158 0.369743953187 0.106793366324 0.136773031417
4 0.446912586826 0.373514440091 0.106566249732 0.135480393551
5 0.440768852592 0.381209229523 0.106200051373 0.134992013432
6 0.431868768879 0.385050630635 0.104971981914 0.133957639698
7 0.430964139887 0.382968819373 0.105932559595 0.134337329
8 0.447118261417 0.382299739814 0.105771979585 0.134125528209
9 0.442913454386 0.390191280266 0.105720832652 0.133207503132
10 0.442248695476 0.381183162575 0.106561991047 0.133440143556
11 0.446215331665 0.380139399341 0.10664052853 0.133213555762
12 0.444124575748 0.384438431527 0.106891117805 0.133374593695
13 0.437589774024 0.387248092736 0.106705543357 0.13320912234
14 0.443523430113 0.384683769682 0.105478219408 0.131911356295
15 0.442058378341 0.390961405026 0.105895056979 0.132354514439
16 0.443329733538 0.391173108717 0.105933431784 0.132855704382
17 0.441676961227 0.382628338676 0.105872609561 0.133656516906
18 0.446485544144 0.381504029325 0.106162795821 0.133035911456
19 0.446353379915 0.38560065655 0.10584293435 0.132950154442
20 0.439482487284 0.383918310726 0.106509683582 0.133380315561
21 0.437806857634 0.386350948905 0.106759897403 0.133915804815
22 0.438684519821 0.394522254951 0.106255955922 0.133599496924
23 0.451937987699 0.381273561525 0.106261466281 0.134379565827
24 0.460021624377 0.379089893943 0.105870178106 0.13376549969
25 0.450548801271 0.382560463601 0.106328518001 0.133384127233
26 0.453171561098 0.382816291603 0.106202438721 0.133720679416
27 0.450332159098 0.377919182887 0.106183356517 0.133955710248
28 0.444559736925 0.381743115411 0.106259658422 0.133622092344
29 0.445328566042 0.382773126922 0.106121412245 0.132957035416
30 0.448101072871 0.379021651923 0.106969261429 0.133527770333
31 0.4471891133 0.378783973938 0.106315650126 0.133853433094
32 0.447866842917 0.38473762562 0.106429525788 0.133913759216
33 0.446496740296 0.386116100118 0.105936344188 0.132860557957
34 0.450148331351 0.385847861646 0.106218467352 0.132870248143
35 0.457545810248 0.387379847613 0.10608032579 0.133126271763
36 0.456246579352 0.387747895671 0.106211621569 0.133109433489
37 0.452443009966 0.394395207942 0.106082172398 0.133812881139
38 0.453479170709 0.390837980074 0.106223212134 0.133514824767
39 0.450919054564 0.392613781232 0.106146017148 0.13314009527
40 0.4604230764 0.385722715283 0.106076892304 0.132939264843
41 0.464633781382 0.384729694134 0.106305892541 0.133312102842
42 0.457347920356 0.384855344343 0.1065523817 0.133252580565
43 0.46164366323 0.392313727729 0.106758379327 0.133035271372
44 0.458337580371 0.399258441763 0.106407132014 0.132936641216
45 0.466010605705 0.401258192132 0.106232378829 0.133483098452
46 0.462245897211 0.392483078778 0.106268829681 0.133427964893
47 0.461811922824 0.394182106104 0.105962929551 0.133410980115
48 0.461924578529 0.393165651242 0.106172718099 0.133407474625
49 0.462223976386 0.387875211407 0.106413949171 0.133574037056
50 0.469420010718 0.382053510226 0.106310907314 0.13353566269
51 0.46095978937 0.391815123314 0.106346819979 0.133629070953
52 0.455913162379 0.398742571009 0.106476522329 0.133608574793
53 0.463824652792 0.39516980169 0.106214108553 0.133246979648
54 0.461806043664 0.38458452519 0.106240420047 0.133456516304
55 0.463681525864 0.383946505233 0.106379277921 0.133687111759
56 0.462853253935 0.382275752926 0.10610805205 0.133374918654
57 0.464029116464 0.391526122695 0.106196841221 0.133469889336
58 0.467912214585 0.389293824136 0.10600896077 0.133476282825
59 0.465640400273 0.390784566491 0.10628584588 0.133042129549
60 0.468019987687 0.38456032792 0.106307433171 0.133341175752
61 0.466234521576 0.383464069262 0.106498907003 0.133409260904
62 0.467299396148 0.395130286381 0.106572962606 0.133562684076
63 0.462594575989 0.391692215794 0.106648001758 0.133545067101
64 0.453839623737 0.388241194976 0.106408785142 0.133995749181
65 0.462408317766 0.386136111825 0.106127290396 0.134213703766
66 0.469942625485 0.390060348054 0.105776587684 0.133582176283
67 0.468054272667 0.392031290833 0.106248960068 0.133115101598
68 0.47286424228 0.385878193377 0.106069084036 0.133157572729
69 0.468271321863 0.389198236138 0.106150211792 0.133768102435
70 0.468507591359 0.386633309676 0.106334743153 0.133872518056
71 0.468801523856 0.387275855601 0.106568666139 0.133411305073
72 0.472970750687 0.393115004948 0.106320648874 0.13345429373
73 0.479397234111 0.387658132671 0.106145639424 0.133800065528
74 0.484012910798 0.383107154962 0.106105336107 0.133380688832
75 0.489490147312 0.385188834116 0.10631907443 0.13359774997
76 0.489737829204 0.386812839412 0.106554101903 0.133500601491
77 0.486464271477 0.388346528893 0.106551867434 0.133176087498
78 0.489030987625 0.396543682402 0.106435107296 0.133645019372
79 0.490315104504 0.392225966009 0.106052225733 0.133146147585
80 0.491028080293 0.39231342335 0.106119958135 0.133526827897
81 0.487370709281 0.407220946818 0.106209652748 0.133554675936
82 0.490892439198 0.402448703072 0.106407858992 0.133764873847
83 0.491773036701 0.401222516633 0.106513933725 0.133298253902
84 0.492851345615 0.396019079895 0.106362728766 0.133214244064
85 0.488736033798 0.397939762006 0.106236458687 0.133297851561
86 0.488162707305 0.395540771962 0.106024746925 0.133451865705
87 0.487006727472 0.398349692059 0.106108019449 0.133128781227
88 0.495492448346 0.391234389113 0.105975266768 0.133701081066
89 0.487977963694 0.392829122785 0.10560191403 0.133601120664
90 0.492009892602 0.386071055972 0.105895823074 0.133396918855
91 0.498244964503 0.39491530516 0.10602649706 0.133349463375
92 0.495529543216 0.393260422242 0.106226656193 0.133465063488
93 0.495473997754 0.388772757241 0.106426172043 0.133557168907
94 0.492375858682 0.388781015812 0.106210235342 0.133344258227
95 0.489087304288 0.388011624277 0.106222467828 0.133322906248
96 0.483744207845 0.389922482309 0.106312563569 0.13325752166
97 0.481322094962 0.388654647336 0.105920403394 0.133596486061
98 0.480414043252 0.388933326815 0.106017521759 0.133361888278
99 0.48228184382 0.391216893728 0.105924186711 0.133486864969
100 0.483264456963 0.386723153131 0.105788332859 0.1329627241
101 0.488089716492 0.390210359317 0.105886758296 0.132871531029
102 0.486087629482 0.391548624443 0.106193142306 0.133072630117
103 0.476843308107 0.384057684331 0.105475038265 0.133526016392
104 0.474779416468 0.390078712569 0.105747485056 0.133653083111
105 0.476923764607 0.390072804371 0.105965454852 0.132760005468
106 0.48611036176 0.394601501511 0.106065192629 0.133172163986
107 0.489981843764 0.39644228332 0.106012685285 0.133307364544
108 0.484442177746 0.39734916976 0.106033786914 0.133470942392
109 0.481597663927 0.384168679349 0.105926859127 0.133473508901
110 0.482741207892 0.383794497053 0.106283940464 0.133900371809
111 0.492656598263 0.392623490928 0.106172536779 0.133519515979
112 0.495560738381 0.399856406552 0.106151469763 0.133650088924
113 0.500723250885 0.404052102288 0.106180797249 0.133437883036
114 0.514698488949 0.390431185609 0.106066155265 0.133505873071
115 0.50592832212 0.409296767605 0.106246124765 0.133318882026
116 0.491707064597 0.395665738924 0.106263714969 0.133155303647
117 0.467013234371 0.432966546649 0.106342482644 0.133050478228
118 0.444490337215 0.409554812707 0.106292662187 0.133221187563
119 0.412846859836 0.40996927227 0.106233462017 0.133229674397
120 0.40271310423 0.417888122114 0.106315051752 0.133209619205
121 0.392919010105 0.395919177242 0.106238123811 0.1333297944
122 0.430431207272 0.408111412621 0.106222332386 0.133326584325
123 0.442693631967 0.416212276226 0.106142192434 0.133091469202
124 0.434108484314 0.424384845745 0.106266601604 0.133210595615
125 0.420746185271 0.452493743216 0.106213227052 0.133319240642
126 0.413495015506 0.44760649909 0.106328419392 0.133304984505
127 0.393529570693 0.450992095097 0.106281717561 0.133275275988
128 0.387383950988 0.49607947405 0.10617616965 0.133260436543
129 0.334515288539 0.49453748266 0.106219877455 0.133347789967
130 0.305058965349 0.48225146019 0.106168673147 0.133327513471
131 0.286251234592 0.479884857845 0.106266836077 0.133231813929
132 0.261991831696 0.482282393554 0.106232311987 0.133273254812
133 0.257908311205 0.490693699839 0.106175429034 0.133463455802
134 0.229599032865 0.489308261811 0.10617045325 0.133546778519
135 0.238740086536 0.500269402039 0.106189041558 0.13341496983
136 0.198984190152 0.488622814849 0.106093489187 0.133340913153
137 0.183487910765 0.489176729442 0.106084490384 0.133302650721
138 0.177218925282 0.482748562592 0.106194710995 0.133442368122
139 0.158619454656 0.49561610273 0.106227423428 0.1334130384
140 0.152708328103 0.505857622898 0.106192460104 0.133303156263
141 0.115151637849 0.515617145781 0.106084397133 0.133465768172
142 0.0705839535915 0.505181832931 0.106137285014 0.133444245259
143 0.0600544738729 0.512908143309 0.106259202332 0.133455551675
144 0.0679882517734 0.505381072621 0.106210659227 0.133277159492
145 0.0743624693058 0.5117006685 0.106167872597 0.133337979866
146 0.0635647351596 0.525806152576 0.106212907723 0.133365603271
147 0.0647851575102 0.536201910715 0.106241664862 0.133243313666
148 0.0510809799942 0.537472150848 0.10623575081 0.133429272747
149 0.0570714166217 0.549199067817 0.10627148247 0.133398110879
150 0.0603520435117 0.564501268233 0.106313909427 0.133267623289
151 0.070743701204 0.5571840424 0.106369119268 0.133244573181
152 0.0447056705483 0.551038782622 0.106357470134 0.133294316887
153 0.0370028362967 0.567182736948 0.106322740826 0.133322327145
154 0.0364023095076 0.584681544755 0.106221642882 0.133248212919
155 0.0308361800391 0.589101480703 0.106229861781 0.133181659337
156 0.0371135180817 0.593276040205 0.106088041997 0.133277048953
157 0.0296491978878 0.58812466298 0.106120328754 0.133335119835
158 0.0183906266828 0.585099301941 0.106295557573 0.13322988687
159 0.0107682806546 0.587760520885 0.106408436748 0.133242588533
160 0.0111444414924 0.582734217449 0.106345886439 0.133366883527
161 0.0140639079768 0.591587388078 0.106366376452 0.133371999212
162 0.0110698886942 0.581796332216 0.106268346361 0.133297922436
163 0.0181624483837 0.586233887667 0.106223720223 0.133251473963
164 0.00970938779853 0.584266218865 0.106317923033 0.133369944564
165 0.00772179773074 0.586362727233 0.106316940961 0.133282078636
166 0.00860088971908 0.59008056149 0.106240632991 0.133092156765
167 0.006314865586 0.59795897403 0.106218567481 0.13324219518
168 0.0112329804159 0.592827191824 0.106340248655 0.133243502169
169 0.0199103804692 0.593322553155 0.106275786572 0.133341179105
170 0.0328110264874 0.60664830684 0.106347001545 0.133380996847
171 0.028364210831 0.594683914777 0.106253693911 0.133329382381
172 0.029708557557 0.603119342309 0.10621534926 0.133352111737
173 0.0328581337621 0.596526772868 0.106155100458 0.133319118056
174 0.0156040752267 0.600214546831 0.106284000729 0.133408607267
175 0.00705662053077 0.599441147761 0.106166363535 0.133407430791
176 0.0063538827994 0.602795701466 0.10622844764 0.133232457823
177 0.00574338645722 0.602700677953 0.106134543973 0.133165582816
178 0.00701209565727 0.603868833233 0.106239343663 0.133201576538
179 0.0058835630428 0.604395091248 0.106201167366 0.133209545307
180 0.00755527271351 0.60065410481 0.106126495449 0.133212860477
181 0.00819985888878 0.600180102899 0.106222374583 0.13313048597
182 0.00716704389828 0.607228216731 0.106285346041 0.133097988001
183 0.00840094445224 0.599403618486 0.106257466595 0.133184660137
184 0.00824580103905 0.602145546094 0.106256757933 0.133354231338
185 0.00703889453576 0.609681072447 0.106328609455 0.133314939742
186 0.00365878585437 0.597351460169 0.106247933948 0.133168397923
187 0.00508821407429 0.581639834384 0.106225119767 0.133355807056
188 0.00304202020825 0.593196318028 0.106208816052 0.133280825899
189 0.00284357043618 0.599815047994 0.106336055567 0.133368459113
190 0.00314749075898 0.606879350315 0.106343395641 0.13322924876
191 0.0039330217782 0.605378729556 0.106229032894 0.133268730609
192 0.00290158075484 0.599701120053 0.106163332708 0.133190293101
193 0.0033029970445 0.597980461702 0.106215516629 0.133223443362
194 0.00527012418697 0.599668721294 0.106240719703 0.133221823288
195 0.00475977281365 0.5938621894 0.106229982448 0.133396582255
196 0.00291996006546 0.593793954277 0.106199114758 0.133427472892
197 0.00132847005231 0.586588177496 0.106241648003 0.133478877257
198 0.000790687351836 0.586833331025 0.106315729018 0.133300101815
199 0.00102408260344 0.578925095706 0.106268017528 0.133402486037
200 0.00122910389885 0.581540635944 0.106344457649 0.133383556386
201 0.00259398928905 0.579670658803 0.106258761134 0.133347734168
202 0.00370692142387 0.584353441568 0.106235609692 0.133363591435
203 0.00327522031538 0.587844370356 0.106206447125 0.13342879801
204 0.00257473157037 0.586437447393 0.106241877528 0.13327663747
205 0.00242035502454 0.584499536183 0.106365540366 0.133275484313
206 0.00121209656635 0.592183840085 0.106075492357 0.13335573243
207 0.00130453752435 0.605717327552 0.106070152336 0.133229342245
208 0.00197713229122 0.608511965369 0.106145509859 0.133246530612
209 0.00320611311513 0.6071998636 0.106252257193 0.13343250304
210 0.0216473160566 0.628728047864 0.106679574384 0.133436377945
211 0.00528877545742 0.625590469887 0.10643023249 0.133464914185
212 0.00362893566164 0.626847025842 0.106443954484 0.133384990427
213 0.00418586521065 0.630178368649 0.106465452669 0.133218031649
214 0.0102165065707 0.634136182959 0.106546075837 0.13342220836
215 0.0247748322163 0.633969240282 0.106346367185 0.133424655447
216 0.0490869679416 0.644849785623 0.106267942243 0.133482458485
217 0.0575476647741 0.648721602641 0.106199405569 0.133330876742
218 0.0736805505339 0.656019873548 0.106131265556 0.133140523926
219 0.0853627756208 0.672331808929 0.106145180248 0.133197360777
220 0.0914879234859 0.67525411089 0.106037205783 0.133040382872
221 0.0864924217654 0.682932184085 0.106235223701 0.132951336621
222 0.0861349187339 0.687868181475 0.106279387386 0.133219206174
223 0.109615549851 0.683652095647 0.106197057037 0.133259668362
224 0.0991125268409 0.686278932125 0.106425864445 0.133364957235
225 0.125969530849 0.685747452206 0.106508947458 0.133433144316
226 0.111165543437 0.691771142336 0.106539718877 0.133494745348
227 0.118072122311 0.687276106576 0.106444830968 0.133388851373
228 0.117129188388 0.68986400637 0.106291822298 0.133284556073
229 0.0986456782766 0.686746414087 0.106148059843 0.13335410769
230 0.0931269663107 0.692747467738 0.106181940211 0.133346252742
231 0.0879653921129 0.698931420971 0.106177481627 0.133342514041
232 0.106842081613 0.701085272616 0.106521137587 0.13338396741
233 0.111038904015 0.710446562215 0.106403698361 0.133506110162
234 0.114991381556 0.715938659055 0.106275053478 0.133406641578
235 0.110194116567 0.714563287687 0.106302612709 0.133544176708
236 0.110799994387 0.719702610529 0.106265453041 0.133566501416
237 0.127073538181 0.719550808908 0.106270258142 0.133320639679
238 0.140483150004 0.718106485891 0.106385590992 0.133309827289
239 0.111014680949 0.727394700047 0.106233293434 0.133123969049
240 0.135787329895 0.721689623021 0.106172456718 0.133431295389
241 0.145274064394 0.733178344984 0.106157466893 0.133366030219
242 0.142302773885 0.72744733511 0.106247837363 0.133323942714
243 0.135080955765 0.732222662099 0.106206835454 0.133213780027
244 0.147869929224 0.736251681771 0.106273573735 0.133264305776
245 0.151850070389 0.730439467848 0.10645608799 0.133425056201
246 0.150034573544 0.72333791669 0.106301801208 0.133455965944
247 0.133479948283 0.724212044373 0.106240002323 0.133395898338
248 0.144696152174 0.736435558779 0.106341360144 0.133554797866
249 0.139877676992 0.743845813965 0.106315678955 0.133613267852
250 0.149403362645 0.737503262842 0.106314918607 0.133370200016
251 0.164968483876 0.732669306644 0.106262617712 0.133529821691
252 0.171089527218 0.735761413912 0.106412978762 0.133601633247
253 0.180519896958 0.728027662421 0.106370109309 0.133430242437
254 0.211662338988 0.726245177491 0.10625880104 0.133420370039
255 0.226736560569 0.731344362159 0.106249032689 0.13331791075
256 0.239849945884 0.733576456976 0.106166969203 0.133392437745
257 0.259891922348 0.733590297266 0.106230883027 0.133530741822
258 0.295131406741 0.725269414755 0.106276732957 0.133411607205
259 0.321719155711 0.729509482108 0.106237557021 0.133371847771
260 0.317824815131 0.727786676337 0.106263342265 0.133352412144
261 0.350962582489 0.737345539569 0.106259076742 0.133465323726
262 0.389604960908 0.741931342174 0.106291170934 0.133410148963
263 0.446809968059 0.741798636557 0.106241939533 0.133250154976
264 0.493781633213 0.761169636623 0.106203327115 0.133216121705
265 0.518395398592 0.762294885758 0.106203088446 0.133194400615
266 0.541961472857 0.772255275999 0.106156844495 0.13348521399
267 0.541538983964 0.768841638099 0.106321840402 0.133430580063
268 0.566582534416 0.766137431791 0.106258244115 0.133375044616
269 0.599804057715 0.77505903475 0.106368282493 0.133333145849
270 0.572646582772 0.78154212005 0.106299645015 0.133116512187
271 0.575836098219 0.77916583114 0.106249054525 0.133198913842
272 0.566759924837 0.771789751041 0.106380413183 0.133247998994
273 0.574344204782 0.781604238844 0.106311360857 0.133372738979
274 0.585984744358 0.796244439197 0.106313146023 0.133326523552
275 0.597619794001 0.793426985041 0.10629768904 0.133224651553
276 0.577772150844 0.789475213398 0.106193714216 0.133493736234
277 0.573726558785 0.79014526921 0.106259430613 0.133364988909
278 0.576566186619 0.786635641509 0.106261157514 0.133197034958
279 0.564463092812 0.778683915994 0.106225589417 0.133371647038
280 0.546489919913 0.762884513041 0.106169319374 0.133179640116
281 0.544482669122 0.757427795156 0.106281382094 0.133142163698
282 0.547611177588 0.74878670949 0.106168604459 0.13335301636
283 0.5537385526 0.747298116863 0.106250978828 0.133163520701
284 0.561861489129 0.748306981456 0.106210544979 0.133276404156
285 0.562420552377 0.744994334553 0.106239782485 0.13328622925
286 0.563338987882 0.746299866942 0.106206932029 0.133413130196
287 0.559667276703 0.747574440917 0.106094470717 0.133469775977
288 0.55068786468 0.746139474068 0.106088030006 0.133483224982
289 0.557996971976 0.749530820784 0.106239332235 0.133405966535
290 0.580535793533 0.767588386116 0.106284056786 0.133320982295
291 0.573000537477 0.763992128072 0.106291470043 0.133438029687
292 0.609363340353 0.763786154228 0.106388308722 0.133461419696
293 0.571297532272 0.761984292297 0.106295576163 0.133363236774
294 0.563863935724 0.76868825778 0.106204741356 0.13351379071
295 0.564976212604 0.767258541307 0.106309153334 0.133495574801
296 0.581635960961 0.766024615199 0.106159919121 0.133394489791
297 0.568838362466 0.769209360853 0.106144110089 0.133420978339
298 0.563503126666 0.771038165702 0.106392711501 0.133505672031
299 0.590565504606 0.763136358362 0.106375883096 0.133400333475
300 0.601325508495 0.763784239558 0.106385392885 0.133469800832
301 0.639836032421 0.773888136799 0.106161847185 0.133298808504
302 0.680586867538 0.776614776464 0.106318990861 0.133209724503
303 0.70913075954 0.774099652743 0.106247821026 0.133406886048
304 0.743907888073 0.775288841415 0.106130356952 0.13316228434
305 0.7193084418 0.76601851826 0.106161554328 0.133169637533
306 0.699083010223 0.766703462536 0.106244357398 0.133154716159
307 0.720198868278 0.761103991054 0.106190500917 0.133184676816
308 0.6998424344 0.759336474553 0.106063081203 0.133379405591
309 0.699778262195 0.764466979757 0.106141491954 0.133570917519
310 0.706026689244 0.76106285672 0.106277867473 0.133614671148
311 0.676891559531 0.764114288875 0.106299774486 0.133588754482
312 0.68098511565 0.760091115949 0.106352212162 0.133550696155
313 0.639365201225 0.75870034184 0.10630684496 0.133320279419
314 0.617666419836 0.755529934641 0.106300481661 0.133383689397
315 0.63233438172 0.752884339097 0.106174702917 0.133433506197
316 0.645131745717 0.75053481706 0.106287240863 0.133308585999
317 0.670772482031 0.755777915321 0.106164473653 0.133267088407
318 0.6615886319 0.76182148518 0.106224960932 0.133187422392
319 0.681039403519 0.752631398296 0.106283179297 0.133304777291
320 0.696224338195 0.747180057643 0.106325546665 0.133474299591
321 0.706570902154 0.738459432366 0.106341435196 0.133493478379
322 0.714216429918 0.73414054604 0.106222078029 0.133496288429
323 0.697994328992 0.740255765589 0.106242730093 0.133493913574
324 0.703941570445 0.741901193319 0.106223140471 0.13331350944
325 0.709471745074 0.740341743022 0.106311855413 0.1333201465
326 0.708329448917 0.738750893699 0.106185290992 0.133259239026
327 0.718060967303 0.727463938415 0.106162069286 0.133418679078
328 0.737660848538 0.714658331489 0.106280244717 0.133546084686
329 0.719307496175 0.723069116596 0.106169291135 0.133519603472
330 0.681604802303 0.731141870136 0.106221108284 0.133513626035
331 0.649925758145 0.734557307166 0.106370156588 0.133449032972
332 0.658463652774 0.718749163697 0.106298867151 0.133288239756
333 0.645067410748 0.718482726527 0.106043162169 0.133270295089
334 0.668407539986 0.722788880274 0.106287177571 0.13329638494
335 0.692173399416 0.718116947011 0.106389742582 0.13329560033
336 0.711511011773 0.699461327002 0.106271407973 0.133409406886
337 0.724162836743 0.690290355904 0.106256581479 0.133349635096
338 0.715287356681 0.698593646641 0.106151641319 0.133340365388
339 0.719036879273 0.7050201634 0.106155702717 0.133251441913
340 0.717130073853 0.706539463321 0.106155936777 0.133151953023
341 0.687787816085 0.706093871997 0.106167373683 0.133340206383
342 0.6936692878 0.697940292519 0.106245995187 0.133303472367
343 0.686322885906 0.708245638657 0.106158150899 0.133512685774
344 0.698804022633 0.709512684545 0.106109161986 0.133547639323
345 0.696198712406 0.717741696197 0.106102916786 0.133338586223
346 0.66887252265 0.726553684372 0.106236401653 0.133301527595
347 0.665614088936 0.720832701525 0.10637969721 0.133181529559
348 0.653214564805 0.72669042212 0.106370513934 0.133267483593
349 0.686296822723 0.724672064008 0.106308702055 0.133151457136
350 0.687852380167 0.727186836928 0.106297439107 0.133258933826
351 0.67766611386 0.733671327345 0.106291742702 0.133243907467
352 0.664846356824 0.739641862101 0.10625696456 0.133326813244
353 0.63922981806 0.75270016755 0.106280064852 0.133247884596
354 0.647063732878 0.758223547706 0.106226889613 0.133403465434
355 0.641262684643 0.763791714348 0.106204636462 0.13346209819
356 0.654591617135 0.764458085786 0.106153884669 0.133397175024
357 0.665030083104 0.758261305092 0.106254552829 0.133373834595
358 0.692352719243 0.764115762284 0.106193749454 0.13347623997
359 0.679048118293 0.761788866642 0.106098320795 0.133494585023
360 0.682846813181 0.766781567756 0.106132248476 0.133402526671
361 0.660758756123 0.776461549129 0.10617377519 0.133324652494
362 0.698089546843 0.764909238388 0.106277735547 0.133418515518
363 0.724743047816 0.75977869465 0.106242698814 0.133440280609
364 0.761329896918 0.757236598742 0.106182532254 0.133323676495
365 0.774915630181 0.74671202918 0.106333665556 0.133217937352
366 0.760149557658 0.747669552153 0.106320250492 0.13327623628
367 0.757268213267 0.757932674062 0.106257472348 0.133310463601
368 0.741930979975 0.749905946755 0.106149944255 0.133454928583
369 0.730426066586 0.759520121587 0.106250479509 0.133374180695
370 0.713102995392 0.760134271598 0.106326922534 0.13329826037
371 0.741935059597 0.750796894318 0.106239920862 0.133272000395
372 0.738160367761 0.745215674277 0.106217745908 0.133166323162
373 0.719606473382 0.746801778658 0.106177770958 0.133338024787
374 0.707859278664 0.757053465307 0.106046373456 0.133194402545
375 0.742062182036 0.75749673873 0.106070271672 0.133293100148
376 0.737354175801 0.751546982759 0.106102708138 0.133284386134
377 0.729425291215 0.749001869345 0.106172454635 0.133433591727
378 0.710602182492 0.757966581833 0.106231956437 0.133326563907
379 0.705119334106 0.758047757261 0.106301619747 0.133193505414
380 0.719655535368 0.744876999134 0.106205122734 0.133271835441
381 0.732247148977 0.7396317897 0.106325028303 0.133292307522
382 0.733828250145 0.739846561739 0.106301616441 0.133384901055
383 0.727385703903 0.740917311056 0.106275418223 0.133316486858
384 0.711427673147 0.738308888272 0.106210289392 0.133303400598
385 0.708556198118 0.743133452181 0.106163659746 0.133204981815
386 0.722588830059 0.724663188063 0.106070993172 0.13308351851
387 0.732520522199 0.716653358018 0.10617832366 0.133142072155
388 0.722448690636 0.729259461402 0.106411432677 0.133228091398
389 0.741745671647 0.70679482599 0.106455436829 0.133338153469
390 0.746979991322 0.69311820421 0.106351259379 0.133276214211
391 0.756806455145 0.682149438693 0.106362638455 0.133366376908
392 0.759810145331 0.676651509049 0.106251562178 0.133492464699
393 0.769623347175 0.668919282865 0.106229308456 0.133472786747
394 0.768423343248 0.66695710048 0.106248094641 0.133524483932
395 0.769642905161 0.662164407301 0.106148228543 0.133538824416
396 0.749200771478 0.670896564879 0.106286583227 0.133432905609
397 0.737822041126 0.672468691829 0.106324349629 0.133547182272
398 0.725081848661 0.670495475495 0.106368516761 0.13349557
399 0.710296744586 0.666904013289 0.106299754688 0.133474464776
400 0.725394960345 0.668966462976 0.106281947054 0.133632910336
401 0.70491373079 0.676915654509 0.106455592083 0.133423183957
402 0.692051042888 0.673848835625 0.106318906581 0.133307481811
403 0.711748788569 0.65745070417 0.106287916975 0.133430529508
404 0.717064022746 0.651909224658 0.106284088343 0.133406917006
405 0.725179348056 0.65835218109 0.106278677785 0.133270696682
406 0.720288454654 0.641829109905 0.106255891281 0.133222227137
407 0.73081342035 0.634236746652 0.106252934903 0.133316433309
408 0.75616767377 0.625203154392 0.106234258348 0.133298918788
409 0.747506160464 0.6175406448 0.106271390473 0.133272013807
410 0.740070390601 0.619066036381 0.106164122525 0.133271816956
411 0.731018374275 0.604663415423 0.106110811133 0.133315237334
412 0.725908466333 0.60528971581 0.106143392748 0.133273155061
413 0.702192991095 0.597476843587 0.106331152438 0.133371373499
414 0.691786200076 0.606372473544 0.106337917564 0.133456180915
415 0.683932992699 0.597376806033 0.106449095113 0.133515077669
416 0.713583297104 0.583481712534 0.106203126214 0.133513919722
417 0.704270117285 0.58391277276 0.106095148349 0.133272641025
418 0.696197143407 0.590931933422 0.106072149248 0.133340390418
419 0.702645499568 0.589038100157 0.106139643187 0.133288588721
420 0.692672902509 0.588074553068 0.106153941278 0.133329060366
421 0.653428846816 0.589217617787 0.106259960197 0.133373813593
422 0.626654506886 0.590265378926 0.106241679298 0.1333939295
423 0.605176885323 0.592221682394 0.106384751879 0.133313236907
424 0.603584129436 0.586634272782 0.106253084764 0.133493011551
425 0.597207394753 0.583565204904 0.106183175972 0.133757625653
426 0.583819619648 0.596449355798 0.106218007046 0.133672863108
427 0.585785997687 0.588023097916 0.106220859425 0.13324764008
428 0.594836970586 0.574983244879 0.106243751258 0.133309761308
429 0.588707455495 0.566995717936 0.106259543752 0.133369694002
430 0.598387106131 0.559470033185 0.106202724812 0.133700265104
431 0.570920792495 0.55290693219 0.106216306269 0.133470137497
432 0.562489195619 0.550974258958 0.106307952896 0.13344548464
433 0.550936705586 0.54789967454 0.106244490892 0.13338428802
434 0.529517380071 0.52446405267 0.106185669091 0.133455546259
435 0.52130922857 0.522754150362 0.106190947561 0.133458340112
436 0.519291299012 0.520534339244 0.106260988793 0.133442938817
437 0.527243083338 0.503257627415 0.106171457242 0.133386736782
438 0.526862579356 0.497746689581 0.106166804643 0.13327356453
439 0.506487075778 0.500592333536 0.10626825875 0.133238856945
440 0.475402711053 0.503320069108 0.106362068939 0.133455386565
441 0.467250186873 0.519404240529 0.106386823982 0.133386357219
442 0.45556224891 0.536411596964 0.106192540759 0.1333667604
443 0.4445820023 0.555246893815 0.106214876313 0.133452367373
444 0.465301689349 0.546978804252 0.106046846763 0.133475898274
445 0.470770074988 0.534623058255 0.106179863736 0.133300249263
446 0.464383929885 0.558234877676 0.106160239823 0.13333128991
447 0.388737773971 0.617455903756 0.106214632482 0.133452216111
448 0.338332491317 0.634707820482 0.106227313658 0.133434016987
449 0.336407787013 0.623497328119 0.106288555664 0.133232080576
450 0.329646734099 0.630711427008 0.106302893918 0.133262847316
451 0.32298121176 0.629116948289 0.106252374331 0.133269771462
452 0.330444802374 0.627957296932 0.106150237873 0.133212256923
453 0.334191935083 0.63406466896 0.106213644094 0.133286344146
454 0.278094569076 0.661116397742 0.106222167792 0.133271702139
455 0.287014102712 0.655724746526 0.106317149979 0.133373094203
456 0.303053661076 0.647769506027 0.106372101892 0.133505960117
457 0.306535951123 0.625588447371 0.106322601968 0.133433567576
458 0.327339109351 0.623299022836 0.106274942113 0.133624882358
459 0.324743906498 0.620261374424 0.106148769193 0.133453311245
460 0.329344721311 0.611159577813 0.106060268424 0.133545668414
461 0.318055829334 0.623304172285 0.106135874706 0.13346193983
462 0.316904403737 0.635908947121 0.106290058145 0.133497181625
463 0.311329401887 0.647224400683 0.106330964787 0.133414948786
464 0.313900708532 0.641428889964 0.106237681012 0.133344443965
465 0.30503768935 0.623584400548 0.106288162166 0.133383669284
466 0.308338943842 0.646181190085 0.106354340175 0.133397643801
467 0.314213375609 0.652713460121 0.106212289097 0.133315266864
468 0.316192278058 0.658734600569 0.106177130239 0.133370930784
469 0.306353582041 0.659564384248 0.106273609529 0.133317286175
470 0.313881292903 0.662647166865 0.106404915511 0.133459955663
471 0.309551766104 0.649449234796 0.106187293845 0.133394243056
472 0.313963039454 0.650947091149 0.106368314161 0.133467406655
473 0.32607071436 0.640253671612 0.106435386086 0.133489567354
474 0.332542122596 0.629351240227 0.106411025908 0.133662442789
475 0.336990758819 0.645997133802 0.106270650836 0.133623307736
476 0.338480934741 0.652538632779 0.10615280281 0.133446229343
477 0.347640672347 0.649008918343 0.106144232174 0.133397002182
478 0.338143696111 0.635385561597 0.106312434087 0.133745254471
479 0.326320693774 0.617877267185 0.106208380248 0.13355036717
480 0.331703895874 0.630016282727 0.106256845479 0.133380090188
481 0.341183514581 0.64030423869 0.106205065158 0.133262628837
482 0.334357376348 0.634058790017 0.106249047372 0.133395598663
483 0.333812294013 0.63722150116 0.10623077391 0.133297743
484 0.320263798653 0.638709399393 0.106169509917 0.133399735028
485 0.316609071979 0.651222248592 0.106271044436 0.133443486402
486 0.316809777089 0.625873221008 0.106294544342 0.133350346772
487 0.317938666824 0.62765090347 0.106218640773 0.133312144445
488 0.319393185499 0.631416201243 0.106197612501 0.133163966479
489 0.305011869988 0.627111438974 0.106210518675 0.133341295362
490 0.301654785061 0.601663809252 0.106131919321 0.133200361995
491 0.29128764797 0.587744990652 0.106342374218 0.133247747814
492 0.309038210491 0.585141246637 0.10656909084 0.133315322695
493 0.314449165379 0.588556763882 0.106471974813 0.133340500924
494 0.318667934066 0.587428363175 0.106378470877 0.133365209314
495 0.325643925498 0.587030926126 0.106197896901 0.133413463376
496 0.32998547326 0.594251629804 0.106262646547 0.133219441328
497 0.334876045372 0.584178771515 0.106149394143 0.133502821384
498 0.337329656114 0.579186265783 0.106226876444 0.133428033306
499 0.337726648581 0.560231501874 0.106255581082 0.133458413191
500 0.340916046975 0.5585035852 0.106285093783 0.13330170407
501 0.349428895636 0.5694738389 0.10634755413 0.133464272289
502 0.350550355203 0.528208886906 0.106235202844 0.133531356267
503 0.36253522822 0.522801433747 0.106279472592 0.133145014752
504 0.368539587194 0.499187902352 0.106232642405 0.133106207086
505 0.363879694283 0.478912329588 0.10621511067 0.133206055138
506 0.361449356124 0.471325749257 0.106316382801 0.133194484814
507 0.368781881782 0.459049096532 0.106380442335 0.133564192178
508 0.364726804527 0.445600143815 0.106338101594 0.133612610389
509 0.372256946763 0.434748283566 0.106126479972 0.133538651921
510 0.377379916058 0.433785405903 0.106044361127 0.133382180194
511 0.375087904917 0.440836124585 0.106233159333 0.133208539309
512 0.378625057012 0.414249739226 0.106217161376 0.133282915181
513 0.382285356124 0.390036361854 0.106330664061 0.13349941908
514 0.368399217539 0.408926514892 0.106165778159 0.133488199787
515 0.381239017852 0.4175820474 0.106225660304 0.13346675908
516 0.379187714398 0.421123300274 0.106221941619 0.133306223232
517 0.381465248635 0.434616791634 0.106317594228 0.13324050657
518 0.380427415556 0.424635395116 0.106268240925 0.133239114762
519 0.389836375456 0.412438525194 0.106266549942 0.133294922752
520 0.392813380045 0.380566885833 0.106398828559 0.133419016455
521 0.393029871751 0.389294882037 0.106290255027 0.13334859729
522 0.393661294871 0.376620391073 0.106196912972 0.133391632714
523 0.389217233902 0.409783755464 0.106312589976 0.133549268646
524 0.382293016463 0.402731918929 0.10621243334 0.133633462701
525 0.384285409159 0.390184332512 0.106269561682 0.133476559533
526 0.39056743618 0.379774233991 0.106403092339 0.133367773247
527 0.390278579442 0.400104877006 0.106420143737 0.133388286012
528 0.386772010044 0.42220539594 0.106198254523 0.133450317782
529 0.379962693332 0.397759474166 0.106149874739 0.133292988693
530 0.384740689513 0.402317114574 0.106256764341 0.133306774971
531 0.379976116561 0.401306779189 0.106309605022 0.133249330116
532 0.375750448899 0.417623563538 0.106153447191 0.133388419531
533 0.374553077213 0.394356248788 0.10634501303 0.133393639877
534 0.375194655388 0.405520466292 0.106557873128 0.133246915203
535 0.38183853925 0.413036561904 0.106344658894 0.13315450756
536 0.388714219791 0.44487305032 0.106225904194 0.13308312407
537 0.390964706533 0.421778308112 0.106246858606 0.132981416308
538 0.384966322041 0.422224690878 0.106220986611 0.133033946757
539 0.374878902063 0.430277105257 0.106320022391 0.133071956091
540 0.380263417598 0.441133623208 0.106441739231 0.13335853866
541 0.376319910848 0.428840788173 0.106283073928 0.133156989228
542 0.388341321734 0.427631293538 0.106323798703 0.132922417189
543 0.392167737977 0.427527911308 0.106170683401 0.133109078015
544 0.39433830878 0.423686891282 0.106062328428 0.133396323451
545 0.398684074343 0.457000071522 0.106220532896 0.133440021486
546 0.401504384196 0.452213390792 0.106223558674 0.133663555324
547 0.407562640851 0.449887670521 0.106242074937 0.133514785328
548 0.394193020505 0.447718366332 0.106242582942 0.133328769829
549 0.39770546751 0.466800022863 0.10622224758 0.133291434415
550 0.401413024031 0.471137650654 0.106372544245 0.133205993534
551 0.400634998289 0.474106426519 0.106393230429 0.133174019379
552 0.388759743389 0.45878971725 0.106232814266 0.133114765639
553 0.388592647844 0.460650983707 0.106180782061 0.133068597124
554 0.381007145855 0.474314445121 0.106083404557 0.133134893839
555 0.37990042261 0.479552144368 0.106253983755 0.133107470356
556 0.378685653023 0.495202393912 0.106121872051 0.133277786917
557 0.38215213858 0.493764255533 0.106150545152 0.133327547546
558 0.400351572188 0.495563102108 0.106376410905 0.133328601531
559 0.388521981282 0.467423837386 0.106273354494 0.133453584625
560 0.397883936408 0.479039167469 0.106328116615 0.13335238231
561 0.3806819618 0.484308360804 0.106211789826 0.133254511856
562 0.381889724027 0.47602262242 0.106312606696 0.133208544839
563 0.378464046251 0.471601374923 0.106248827916 0.13331012174
564 0.379227891815 0.470182574448 0.106247427206 0.133135799549
565 0.384059084042 0.476058616546 0.106291455498 0.133022352787
566 0.38846602256 0.474580037398 0.106560214097 0.13305587495
567 0.387317225026 0.48214282118 0.10641044935 0.13318241635
568 0.385957397904 0.480835202878 0.106310842211 0.133423429647
569 0.387601222538 0.473450665428 0.10620238997 0.133445156314
570 0.389591580043 0.473793270237 0.106378922329 0.133231811566
571 0.393037426345 0.479511429663 0.106229639317 0.133199510374
572 0.396635555542 0.49440034416 0.106151991097 0.133290656987
573 0.396831129353 0.495899925049 0.106121482573 0.133253629549
574 0.391574929582 0.485047213574 0.106157235692 0.133305184952
575 0.397872839673 0.471431025594 0.106236264148 0.133378912542
576 0.404929961106 0.474443425401 0.106202219144 0.133463598139
577 0.404533601751 0.487647053227 0.106180797099 0.133438118262
578 0.403236837175 0.496959844903 0.106175015773 0.133453844351
579 0.403658870686 0.497953703265 0.106096894945 0.133405654602
580 0.404532587656 0.487173199647 0.105982173993 0.133533327185
581 0.410862245272 0.489460387895 0.106077391752 0.133303171093
582 0.407813547862 0.489944577382 0.106195085145 0.133207306602
583 0.400393312767 0.487964088514 0.106299173867 0.132907972232
584 0.405524090429 0.491207601137 0.106498695202 0.133036315687
585 0.412224066159 0.479229867603 0.106369910563 0.133324730872
586 0.413190396398 0.486496134858 0.106300086529 0.133598850682
587 0.416161965197 0.472340681439 0.106403332923 0.133407949747
588 0.416938377008 0.474008673556 0.106242096566 0.133152003362
589 0.414089226891 0.482805184198 0.106328227227 0.133070318693
590 0.407602333823 0.477989764841 0.106208761176 0.133139774658
591 0.410176536073 0.496179536105 0.106304145929 0.133106153252
592 0.409788252365 0.501524637145 0.106322940953 0.133307449677
593 0.405911286316 0.509639596075 0.10641707014 0.133325892411
594 0.408049446079 0.497731563085 0.106538794256 0.133249838653
595 0.402482117703 0.48567163899 0.106518106318 0.13331043694
596 0.405455479405 0.472250797977 0.106288152016 0.133287803082
597 0.397501004446 0.497806659314 0.106301284205 0.133429662857
598 0.401141223735 0.4891057826 0.10627927739 0.133497536503
599 0.399249794921 0.474949039063 0.106274143537 0.133875484877
600 0.39599373077 0.498794269799 0.106164344995 0.134072752087
601 0.391738572392 0.498559051274 0.106249066058 0.133841179122
602 0.396669346303 0.506740696902 0.106352741338 0.133667431598
603 0.397463240255 0.509654133449 0.106072656172 0.133665602706
604 0.401482037985 0.501817454611 0.105966309827 0.133077846167
605 0.395755718161 0.509959443588 0.106043562891 0.132954527598
606 0.391537966788 0.53424348013 0.106162437891 0.132805386197
607 0.400655940304 0.524717666252 0.106296668634 0.133045750062
608 0.396906400006 0.545471671955 0.106211101868 0.133296512087
609 0.394479248924 0.546450498041 0.106240053975 0.133252377848
610 0.405535131469 0.55757901678 0.106214303364 0.133097962852
611 0.409130270581 0.537938208312 0.106154051233 0.133219185197
612 0.406345922679 0.544130480671 0.10605571618 0.133344762825
613 0.408916010355 0.556867372882 0.106186374842 0.133527209343
614 0.400510506808 0.533459304829 0.106299240273 0.13370428929
615 0.404834894071 0.525867430529 0.106446191186 0.133255844167
616 0.404055377568 0.518672635931 0.106450480492 0.133557610267
617 0.400683268001 0.531034166857 0.106478252842 0.133204329456
618 0.399617606272 0.538996606674 0.106114507447 0.132919199344
619 0.394010443793 0.53361736788 0.106304333941 0.133139200519
620 0.382387408996 0.541380412759 0.106316326666 0.133247192956
621 0.383131461866 0.536903541551 0.106571834109 0.133322916796
622 0.377191782666 0.544582791087 0.106519342281 0.133443186471
623 0.375431923113 0.547748284348 0.106405912786 0.133383253154
624 0.374107859856 0.553785525567 0.106320905138 0.133354672004
625 0.375587989554 0.548174942656 0.106402196649 0.133313195216
626 0.373861379257 0.544670937449 0.106163651909 0.133212125576
627 0.378217170037 0.559563716782 0.106031937797 0.13315471893
628 0.377167972467 0.556397064919 0.106141977249 0.132942602982
629 0.38059220095 0.571682638189 0.105997770529 0.133421810383
630 0.373663403837 0.579289703902 0.106142264594 0.133275655187
631 0.382366854752 0.568347422329 0.106180750572 0.133063308711
632 0.379304292115 0.573700238317 0.106096815622 0.133405278859
633 0.384006153312 0.55755091414 0.105914817244 0.13352063591
634 0.388472402435 0.566060104036 0.106070624312 0.133232391018
635 0.386568449444 0.566677399984 0.10628587463 0.133168117543
636 0.368651327549 0.567541783038 0.10613175798 0.133167287024
637 0.35514719776 0.571511672006 0.105996597697 0.133356641278
638 0.34773152838 0.579428957083 0.106071840817 0.133455520264
639 0.33990745734 0.592042110339 0.106090218704 0.133293177312
640 0.324070014192 0.597182805447 0.106151846742 0.133453783917
641 0.323729938672 0.607504375493 0.105988509337 0.133278160427
642 0.320618609063 0.611042260743 0.10609769794 0.133668125717
643 0.31119264927 0.616978655053 0.106302470074 0.133707001854
644 0.297825557012 0.632588868107 0.106246061836 0.133478069587
645 0.299372842308 0.640805736611 0.106160372004 0.133298555667
646 0.294002650235 0.637149913959 0.106146191875 0.133515759258
647 0.296874738934 0.650610870401 0.106134658853 0.133281558245
648 0.303147860412 0.648335367191 0.106181659755 0.133017625636
649 0.30657935641 0.653013323684 0.106142206306 0.133276667058
650 0.299641191686 0.652593179589 0.106199501787 0.1334236326
651 0.294822490813 0.665627191948 0.106193299493 0.133392446717
652 0.287944898093 0.666637982215 0.10635596943 0.133115387598
653 0.283250352154 0.659176813442 0.106336049894 0.133082036937
654 0.280142321373 0.664651630392 0.106267078268 0.133217155161
655 0.269179528455 0.664467212293 0.106232760437 0.133231344651
656 0.262309061294 0.672426944213 0.106389878862 0.133314469475
657 0.258988086229 0.666286164332 0.106189276759 0.132965226409
658 0.24992570151 0.668855308784 0.106115302811 0.133288691719
659 0.236499292646 0.675462489041 0.106193216982 0.133660750226
660 0.230179206762 0.672637176095 0.106273705559 0.133575566465
661 0.230035113738 0.669381661911 0.106250369716 0.133593324702
662 0.229198500281 0.664285370213 0.106282365694 0.133547431247
663 0.222544192623 0.660273252785 0.10639483715 0.133584582893
664 0.225057140466 0.654277539396 0.106596902779 0.133158483894
665 0.231343888768 0.655190015129 0.106441437991 0.133416802443
666 0.232079519286 0.65642635506 0.105940642307 0.133097941193
667 0.225001567118 0.665433979954 0.106152545866 0.133363224481
668 0.22092657953 0.671670786595 0.106145288273 0.133145119461
669 0.214945249752 0.663501361136 0.106188958618 0.133420795431
670 0.208619656702 0.662805221133 0.106314814492 0.133366306798
671 0.20538923975 0.664625157306 0.106361152949 0.133293118387
672 0.2051970726 0.65625971665 0.106191163786 0.133371903851
673 0.207997698535 0.657858950172 0.106363818899 0.132803615641
674 0.209344708891 0.651944421258 0.106196047777 0.132884509805
675 0.205929698382 0.652925868005 0.106284907489 0.133180738694
676 0.188563520458 0.657304306488 0.106257471777 0.133102025409
677 0.194184853404 0.660271615037 0.106237657726 0.133319239577
678 0.197684386065 0.657739325917 0.106128553077 0.133403498316
679 0.194377347919 0.647368326348 0.10620432389 0.133541901059
680 0.190343111718 0.652163980246 0.106353799939 0.133450182188
681 0.185639997521 0.656309921526 0.106435407033 0.133664112487
682 0.182143898419 0.659312258748 0.106581568759 0.133729264204
683 0.182826693704 0.65971645941 0.106572978196 0.13336488798
684 0.170464013309 0.668715036863 0.106177344216 0.133703313161
685 0.158500566944 0.676115819996 0.106147917897 0.133449391503
686 0.156295820653 0.685112941977 0.105891528042 0.133629684132
687 0.150457574287 0.686879267638 0.105926678997 0.133632612901
688 0.14244184894 0.690697411895 0.105743537531 0.133722376753
689 0.141998547228 0.694294310356 0.105986008117 0.133144338304
690 0.140511180636 0.694952788165 0.106085237561 0.133316221373
691 0.146922630137 0.682160953849 0.106100467306 0.133349569901
692 0.161032998521 0.671483075434 0.106269230943 0.133201197403
693 0.164468572722 0.664361422523 0.10633889326 0.133056229872
694 0.157480648579 0.660645751244 0.106237733557 0.132947254683
695 0.160918503748 0.653511331826 0.106476893978 0.132760641009
696 0.242490927521 0.620854875697 0.106145468894 0.132699718449
697 0.334075298699 0.582976390841 0.106115349898 0.133103364841
698 0.334742668115 0.57799081533 0.106099921913 0.13325799757
699 0.352945620688 0.570211836977 0.106167869971 0.133292226199
700 0.343137131893 0.571851977714 0.106289288475 0.133312597885
701 0.340455376366 0.569918044629 0.106298085595 0.133284665529
702 0.333018275341 0.568963855501 0.106237500252 0.133130395358
703 0.325883705044 0.564272504103 0.106236160136 0.133376571385
704 0.31496738155 0.564559710687 0.106186923381 0.133307633894
705 0.303962960192 0.56027275134 0.106158440938 0.133327085891
706 0.315744200358 0.567091987263 0.106368174777 0.133419574273
707 0.302929031814 0.580044815566 0.106473886854 0.133279832182
708 0.29802011196 0.586567582914 0.106401078429 0.13334470725
709 0.304095773219 0.589159991044 0.106179353346 0.133183470131
710 0.309687684744 0.588541130394 0.106183223603 0.132987626834
711 0.311735120277 0.59161525758 0.106112045973 0.133423084302
712 0.315527350041 0.596924593378 0.1059436644 0.133565842616
713 0.317052223069 0.60103885948 0.106385834919 0.133324115683
714 0.319153402386 0.602762928215 0.106450196266 0.13321770107
715 0.327785670568 0.588632969025 0.106432745936 0.13310061918
716 0.327120525407 0.597176099903 0.106672530058 0.133881515537
717 0.326818242629 0.585837060887 0.106449687665 0.133661662111
718 0.33091435408 0.586427666202 0.10613258308 0.133430630007
719 0.333097586408 0.569668480645 0.106477601123 0.133437123507
720 0.325152984502 0.566177822211 0.106600704989 0.133432461484
721 0.318106110764 0.562284060027 0.106498464145 0.133415319366
722 0.314221295584 0.564677808018 0.106191463386 0.133465433925
723 0.307259723884 0.557738948895 0.106147088012 0.133283565804
724 0.30604565136 0.550907200833 0.106161935359 0.133498733141
725 0.313989496293 0.548496461407 0.105927223374 0.13342628092
726 0.308193721697 0.550466761831 0.105825169562 0.133221691556
727 0.308198212389 0.550177801712 0.105652366841 0.133055092571
728 0.299871624569 0.546423975588 0.105711363286 0.133447998275
729 0.298037624315 0.549137626437 0.105643146145 0.133301196253
730 0.30484816605 0.543023579235 0.106199948787 0.133082665775
731 0.312328807383 0.548219416079 0.10632332462 0.133097885331
732 0.317031225778 0.543809356997 0.106305055592 0.133074756886
733 0.317041564473 0.549684071355 0.106613217013 0.133277009358
734 0.311498313141 0.558950721304 0.106075758315 0.133544972312
735 0.312113483089 0.549555392567 0.106259832886 0.13337870513
736 0.307304362036 0.543493832381 0.106165461301 0.133416846033
737 0.303738167846 0.552633062666 0.106252125429 0.133129824091
738 0.307802703028 0.556307212097 0.106308017481 0.133102264679
739 0.307675902533 0.554371762832 0.106203525139 0.133291344153
740 0.300170057251 0.552206457728 0.106207305817 0.133564228878
741 0.287728559199 0.54818074206 0.106066388713 0.133611255488
742 0.280212473964 0.54868989724 0.106042709353 0.133283510349
743 0.286036854335 0.550382282814 0.10619117489 0.133414251416
744 0.274105798705 0.552881184319 0.10613475039 0.133212611844
745 0.265477841185 0.540000283878 0.106257770931 0.133195595964
746 0.262765122773 0.535164634902 0.106126709482 0.133169895291
747 0.259558246 0.534157660862 0.106237316215 0.13316594794
748 0.256622758324 0.533605221856 0.106071450416 0.133091671395
749 0.254236298643 0.532884099595 0.106103426365 0.132913165904
750 0.252070253839 0.526544642231 0.106191111358 0.133467095296
751 0.252434810686 0.518890053678 0.106032176409 0.133705842143
752 0.254866969772 0.513889409681 0.105977071823 0.133385871392
753 0.254066165911 0.513278259682 0.10622052276 0.133571970896
754 0.257961778953 0.498152605188 0.106441467518 0.133488165497
755 0.268887050337 0.493837579846 0.106284243761 0.133368376636
756 0.276484533219 0.496377225933 0.106544739726 0.133292148328
757 0.276674567986 0.492005976898 0.106238538408 0.133073898034
758 0.262633740775 0.482975180578 0.106505256959 0.133070564014
759 0.263725149186 0.489801394637 0.106474320749 0.132748336532
760 0.267140184759 0.48646329622 0.106271675451 0.133522908569
761 0.266662279544 0.477777063868 0.106308603647 0.133715603155
762 0.267009201775 0.472221216967 0.106370740004 0.133719677533
763 0.27700857805 0.472390154763 0.106202915381 0.133541437941
764 0.28153516556 0.464614327933 0.106073095246 0.133397180147
765 0.280932253173 0.468987242922 0.105900402797 0.133449413272
766 0.285214240142 0.465657668322 0.105810774769 0.133113123672
767 0.291837830832 0.461349362602 0.105850525185 0.133647281801
768 0.294192958996 0.457004975602 0.106361179401 0.133662381283
769 0.293357982941 0.459271657984 0.106235261388 0.133380823856
770 0.303719020413 0.451843921798 0.105855918187 0.133669163651
771 0.317789766693 0.458795855075 0.105909751528 0.133506972922
772 0.319666312616 0.462518393678 0.105682069877 0.133019855452
773 0.327093689973 0.466633974163 0.105925539058 0.133393479801
774 0.306297435675 0.459000742954 0.106475093923 0.133406011578
775 0.301633981647 0.457360900233 0.106642533762 0.133951880922
776 0.309236278814 0.462512810609 0.106453755366 0.134080026578
777 0.306949842866 0.467281130396 0.106496188614 0.133612292311
778 0.299036819444 0.454263872057 0.106481975525 0.13349245861
779 0.297474905734 0.463121126563 0.106454878997 0.133503541641
780 0.284470257446 0.461221924394 0.106389896396 0.133555061466
781 0.278741094056 0.45200895 0.106075845376 0.133397506813
782 0.271804965737 0.448796913946 0.106085280847 0.133450888432
783 0.254501339319 0.452433563202 0.10601552735 0.133330716589
784 0.243483423815 0.449134860742 0.105898322845 0.133574618528
785 0.242034935747 0.447782914869 0.106045480126 0.13316446089
786 0.250032532993 0.448976847792 0.1061536009 0.133340142195
787 0.252473197295 0.453600369127 0.106092025003 0.133362351519
788 0.254321679562 0.456816582109 0.10609567858 0.133422093129
789 0.254961937383 0.447337288607 0.106236257778 0.133221562832
790 0.255791456188 0.441000472043 0.106039957242 0.133268490569
791 0.258221352097 0.44412626509 0.106074591993 0.13359422347
792 0.260713095014 0.443543103716 0.106121669733 0.133531285977
793 0.272762334136 0.434299101223 0.106066768895 0.133296675031
794 0.279067992477 0.421917165027 0.106052711979 0.133451651697
795 0.273176889123 0.422554039346 0.106217758224 0.133253983584
796 0.272057539014 0.418691526319 0.10628939534 0.133080087809
797 0.278767882738 0.415666831168 0.106187766538 0.133110655846
798 0.281383300373 0.416496704627 0.106194004529 0.133050053462
799 0.278899358805 0.414464724511 0.106273936012 0.133092528041
800 0.283701530028 0.411174971635 0.106260683723 0.133682504491
801 0.284411877924 0.406117579839 0.106401970982 0.13368372015
802 0.294359485647 0.395835736921 0.106251718632 0.133607606394
803 0.302342966677 0.384973082621 0.106310054769 0.133224559571
804 0.30449813305 0.376507956355 0.106044643494 0.133725436383
805 0.320543379983 0.371612633332 0.106172686929 0.133507114044
806 0.322695189072 0.374541259612 0.10603240861 0.133443814451
807 0.32937299945 0.369543271479 0.106021269518 0.13354138523
808 0.331012383011 0.360780180918 0.106440142692 0.132933078501
809 0.344212617317 0.361561133449 0.106477884875 0.133273290709
810 0.347618431036 0.350555402693 0.106422969381 0.133120171163
811 0.340321768287 0.336604005616 0.106283864937 0.133030700704
812 0.349145028103 0.333764016164 0.106305231285 0.132941881891
813 0.346381020404 0.338813754663 0.105777108218 0.13278964625
814 0.349101742842 0.34325505232 0.105912194483 0.132947741646
815 0.339150243176 0.349650845294 0.106164994835 0.133065990647
816 0.341280894313 0.348372301626 0.106000965565 0.133199930115
817 0.333201376665 0.350191273662 0.106028241504 0.133027662296
818 0.323590185812 0.362396531198 0.10636357443 0.133311725547
819 0.322080903843 0.355218603104 0.106461125708 0.133405267605
820 0.323834185264 0.359604400914 0.106206253811 0.13344219775
821 0.325505667451 0.352460880534 0.105941070104 0.133555311711
822 0.335068821204 0.365171759394 0.106057427522 0.133631013004
823 0.32777852464 0.382349040519 0.106091843044 0.133441795769
824 0.333955899921 0.386917171103 0.106384885624 0.133452654845
825 0.327790901916 0.3718723708 0.106359231932 0.133027294135
826 0.334427816328 0.37625958504 0.106355320968 0.133028961607
827 0.330035155104 0.398781704298 0.106416919694 0.13313047522
828 0.339737900754 0.398539687792 0.106383867894 0.133100759513
829 0.339638852688 0.407869911102 0.106384003499 0.133317496898
830 0.346990002798 0.450886194767 0.106420333831 0.13336895506
831 0.36047696869 0.461146859119 0.106458195308 0.133356014559
832 0.359431462653 0.468359045247 0.106385008669 0.133457323766
833 0.360200767656 0.47471583123 0.106213788938 0.13325468504
834 0.379310805171 0.494854115274 0.106195013348 0.133235043268
835 0.368516553359 0.469901365214 0.106118492144 0.133251587195
836 0.370682853098 0.46701052376 0.106248056724 0.133205136578
837 0.3767298984 0.461600909994 0.105967306081 0.133278401856
838 0.38937820931 0.478323192887 0.106094439603 0.133161524704
839 0.410804499999 0.503522910254 0.106329858827 0.133140226661
840 0.41149992118 0.523323972254 0.106412593181 0.133246702813
841 0.419717243645 0.536304417916 0.106264464698 0.133390863858
842 0.428832737035 0.532317434808 0.106332565812 0.133545650024
843 0.407473139605 0.505496331016 0.106158357093 0.133340141088
844 0.425304266148 0.505146135323 0.106254674771 0.133458573574
845 0.426817871957 0.510001318396 0.106283382832 0.133336234655
846 0.436500024379 0.515635737585 0.106265124608 0.133405606686
847 0.415395504198 0.478452194281 0.10626447026 0.133566136276
848 0.419176162924 0.485535932434 0.106202401372 0.133537217879
849 0.411914023839 0.487669871203 0.10616004834 0.133529881427
850 0.404667652973 0.471383862188 0.106159824342 0.133485056482
851 0.392425916087 0.472466050283 0.106119031284 0.133081254259
852 0.389612121699 0.481687104089 0.106195351015 0.133138270329
853 0.386987562286 0.493126501049 0.106209869464 0.133320822339
854 0.391946272961 0.474334056642 0.106165416403 0.133274760402
855 0.409067640295 0.484832802831 0.106241514463 0.133294872997
856 0.413729533046 0.484171894808 0.106220969746 0.13320102863
857 0.418221452755 0.482913081377 0.10619367597 0.13354921248
858 0.413396861597 0.473724941848 0.106233363219 0.133421912547
859 0.408481235147 0.481429675116 0.106158611355 0.133511324283
860 0.406995540963 0.464548158357 0.106222699252 0.133434435173
861 0.399560952656 0.458474656362 0.106203571523 0.13348567654
862 0.398206923728 0.450369366253 0.106278272901 0.133475933619
863 0.399912141897 0.461848917023 0.10646036999 0.133325777309
864 0.402782010317 0.470633702225 0.106327567954 0.133358952053
865 0.399893437451 0.464835388608 0.106098142362 0.133337808879
866 0.392541137519 0.463795702766 0.106116904247 0.133373891434
867 0.393783667681 0.456126526104 0.106148842027 0.133308321685
868 0.399474799513 0.469567347963 0.106180548046 0.133265914524
869 0.392422581118 0.459622324939 0.106116371154 0.133546852314
870 0.396806416792 0.466256777423 0.106249708783 0.133405622501
871 0.385460433002 0.483907175361 0.106242868174 0.133503663358
872 0.377575949951 0.483493846892 0.106046608987 0.133514633069
873 0.370804142941 0.471012406876 0.106205398346 0.1332871696
874 0.365756322943 0.481781008766 0.106175581159 0.13315556007
875 0.358551462689 0.498664933189 0.106296036752 0.133309361205
876 0.357111652091 0.495211499351 0.106135143166 0.133163695482
877 0.336304707778 0.487993246998 0.105949232388 0.132965399039
878 0.333460823043 0.483016771023 0.106353528843 0.133156186469
879 0.327683545541 0.491563107333 0.106353052368 0.13335494021
880 0.325302470589 0.486200833785 0.106204295876 0.133580120179
881 0.322092811112 0.481180162557 0.106251361323 0.133531897145
882 0.31412525077 0.490012065874 0.106244042303 0.133383762778
883 0.323249876137 0.482169368605 0.106233781589 0.133383338541
884 0.324056404954 0.491194770669 0.106060304971 0.133599794263
885 0.310219212412 0.489454991088 0.105902835682 0.133714559276
886 0.312417261125 0.483766588811 0.106305915626 0.133424738284
887 0.309557593232 0.490488112335 0.10643105982 0.133178884516
888 0.307719751825 0.493369307588 0.106576116604 0.1333200912
889 0.314917459508 0.485668444351 0.10635737545 0.133413785931
890 0.317313425124 0.490840761343 0.106287940373 0.133494891558
891 0.325812392925 0.500650167288 0.106219118056 0.133461672518
892 0.325125734997 0.499440627711 0.106224602714 0.133483138655
893 0.333377219327 0.494950641555 0.106301293412 0.133389805802
894 0.334279616728 0.501503845072 0.106125554942 0.13333824933
895 0.334390327354 0.509495838249 0.106026727338 0.133165064682
896 0.333462431448 0.510521430559 0.10603714452 0.13328720721
897 0.327459335602 0.513079116835 0.106130150374 0.13343815654
898 0.335716550945 0.514202531064 0.106079940346 0.133539994845
899 0.330167092464 0.530469657937 0.106130891773 0.133522154493
900 0.333414992999 0.512734978184 0.106104698672 0.1333311767
901 0.338775314459 0.514857019882 0.106121787708 0.133127335912
902 0.337732080184 0.513646084641 0.10608818599 0.133184136211
903 0.347542701426 0.525640661184 0.106156850449 0.133192760089
904 0.346491340217 0.539112985156 0.10625699548 0.133363803075
905 0.350390102037 0.542446679628 0.106303663983 0.133159160327
906 0.353337088395 0.545562147297 0.106250808778 0.133361787233
907 0.347082377986 0.547023626934 0.106138382763 0.133180792964
908 0.358622909837 0.550345208251 0.106151786573 0.133262438379
909 0.367769571515 0.575613793783 0.106259620422 0.133355286894
910 0.347560816601 0.567144539316 0.106294013994 0.133174821728
911 0.348246002085 0.571902621084 0.10632891832 0.133266045673
912 0.344786321182 0.570379207859 0.106397199039 0.132952394959
913 0.345189550401 0.569718572748 0.106415382583 0.133158471305
914 0.346269203401 0.563860853408 0.106225872891 0.133142284861
915 0.348936518078 0.576809417401 0.106187697089 0.133401676876
916 0.366627586592 0.575863365097 0.106210002903 0.133319014736
917 0.380449859289 0.58419078501 0.106199265181 0.133385956923
918 0.389344360324 0.594102683622 0.10637786148 0.133343879805
919 0.38713412271 0.604268689646 0.106411731866 0.133348237408
920 0.399107376494 0.617838536634 0.106284772876 0.13317104402
921 0.390928871092 0.624590568004 0.10625324132 0.13328246424
922 0.40174311228 0.639157293357 0.106237857642 0.133196344207
923 0.382871340497 0.623160356385 0.106269303536 0.133348129931
924 0.386831411597 0.616961020996 0.10629042092 0.133461757768
925 0.389435472772 0.625401720692 0.106230151156 0.133274949595
926 0.361891009499 0.602528761118 0.106110489475 0.133532479481
927 0.376554129551 0.602684121246 0.106108709295 0.133249832674
928 0.373327464577 0.614100925204 0.1062268756 0.13348487589
929 0.367676491232 0.602186611176 0.106291292576 0.133494526731
930 0.362129054607 0.613936660574 0.106435115396 0.13350361376
931 0.352851638436 0.593273256048 0.106291994191 0.133449287895
932 0.346219769457 0.585468859672 0.106118526131 0.133555199546
933 0.34454278545 0.556108051729 0.106063080715 0.133426130837
934 0.353828842701 0.578078202655 0.106040393513 0.133374010853
935 0.356511019516 0.588196523048 0.106208431529 0.133504267611
936 0.361281833541 0.58520365976 0.106411502151 0.133261319237
937 0.351949993098 0.57379468294 0.10623053597 0.13341153351
938 0.355630754186 0.585275443225 0.106084746781 0.13346370866
939 0.361979682266 0.587560385785 0.106233689556 0.133596009413
940 0.369834513733 0.589028258031 0.106237238077 0.133521094229
941 0.379646078385 0.596295754364 0.106139374552 0.1332322931
942 0.362916184297 0.588568769393 0.106049338289 0.133314950838
943 0.352716447341 0.571163591615 0.10612969282 0.133390576661
944 0.352962873861 0.580753233161 0.10624182238 0.133397056177
945 0.344671284699 0.570309874238 0.106335466008 0.133505996561
946 0.343929525248 0.55379581902 0.106284184141 0.133617026266
947 0.338318742583 0.557483983285 0.106271186235 0.133449232807
948 0.33992115597 0.542133019903 0.106277779282 0.133378350398
949 0.357506856015 0.553117971461 0.106260515796 0.133384127947
950 0.359436948311 0.562309765729 0.10628438256 0.133351697414
951 0.358176550955 0.5564593311 0.106295003745 0.133028097698
952 0.34400415652 0.548227566145 0.106393240967 0.133211222825
953 0.330754752564 0.554437477851 0.106375781567 0.133433479941
954 0.347891971656 0.570485502978 0.106326751858 0.133476744488
955 0.352868918106 0.573726180142 0.106364819393 0.133661311043
956 0.340566481263 0.556047762393 0.10642945439 0.133692898374
957 0.351673205195 0.552550454272 0.106377073743 0.133506056861
958 0.350184923397 0.567310715386 0.106277914675 0.133347360705
959 0.355343867056 0.579749352115 0.106300062373 0.133408213803
960 0.366076861131 0.569927146311 0.106333153999 0.133369279874
961 0.359969435782 0.569128662609 0.106363590467 0.133240766702
962 0.364629393428 0.570665604432 0.106363660232 0.133384406014
963 0.364061025968 0.573037873692 0.106227294825 0.133237550346
964 0.352247737661 0.568634064328 0.106055724761 0.133219218276
965 0.353656635395 0.561341430752 0.106211957488 0.133046373883
966 0.358231347004 0.555180497298 0.106292401056 0.133214118688
967 0.364798372437 0.560488347703 0.106329061627 0.133333752552
968 0.361383159268 0.566447336173 0.106306823447 0.133203747633
969 0.352779619766 0.603957897358 0.106148162189 0.133179545124
970 0.35741398574 0.555985563188 0.106116176688 0.133378835153
971 0.362229573171 0.544748133204 0.106104158998 0.13333385766
972 0.362154020304 0.568287345964 0.106226284839 0.133356201
973 0.370084713995 0.559281515828 0.106346350242 0.13347058948
974 0.370279884029 0.550816664286 0.106391692455 0.13339299755
975 0.376196508013 0.556092455204 0.106243106037 0.133535770496
976 0.37165406051 0.545228344811 0.10649692375 0.133379343294
977 0.365962945732 0.552212650887 0.106392609051 0.13322175969
978 0.338478308342 0.575174814275 0.106243117815 0.133546295239
979 0.322383382037 0.579665117728 0.106245083161 0.13371694254
980 0.315874139077 0.594990651201 0.106362945794 0.13352032797
981 0.299144837197 0.612933578989 0.106181084028 0.133524570266
982 0.297807394975 0.598435414935 0.106210561436 0.133261438198
983 0.277652207253 0.582223068017 0.106388868092 0.133393411364
984 0.26588186296 0.595429535879 0.106111979977 0.133434368791
985 0.254236173114 0.604630710983 0.106087069075 0.133286432431
986 0.250357590805 0.607145627808 0.106051721206 0.133303670793
987 0.261610958287 0.600515383073 0.106062932246 0.133279870552
988 0.267218757203 0.608975674075 0.106181215048 0.133468180272
989 0.284030395129 0.621211406559 0.106176792724 0.133360153042
990 0.282762210489 0.621706917528 0.106355974306 0.133414754181
991 0.296311632116 0.614770169514 0.106351757296 0.133247980439
992 0.301271865939 0.614524408673 0.106274619113 0.133293162227
993 0.29290776227 0.622372382087 0.106302847897 0.133096290375
994 0.300445369715 0.620496003378 0.106257233822 0.133324113446
995 0.294468262573 0.621828750323 0.106178378363 0.133142249607
996 0.290427356693 0.623623504709 0.106161309744 0.133367287638
997 0.291795968756 0.619584066858 0.106160581223 0.133313768649
998 0.295235510004 0.614755713148 0.10610331229 0.13346123343
999 0.284559571025 0.603300555331 0.106189835074 0.133454339577
1000 0.290328383798 0.602682495112 0.106174865365 0.13326844383
1001 0.298257725967 0.601893734906 0.106400486197 0.133212782013
1002 0.305816152435 0.612326576906 0.106308322808 0.133309256554
1003 0.300075820797 0.606213223617 0.106332108814 0.133214451211
1004 0.290016378766 0.611485718817 0.106310341443 0.13334332074
1005 0.292492261436 0.612488234735 0.106285021666 0.133283393041
1006 0.273640112552 0.60469406693 0.106359567589 0.133067497657
1007 0.27713409001 0.598748323591 0.106202442899 0.133249850329
1008 0.270221792639 0.595587414151 0.106279575149 0.133278426625
1009 0.283652325631 0.595879351617 0.106199998323 0.13338764111
1010 0.30440231565 0.610340986824 0.106122615937 0.133228899117
1011 0.28915682224 0.597245471896 0.106058900716 0.133336373413
1012 0.292991705644 0.596736726889 0.1060541703 0.133388523985
1013 0.287820741483 0.609872993586 0.106168816631 0.133395334827
1014 0.285545819254 0.613568067716 0.106228814969 0.133337081879
1015 0.293711079031 0.614456932668 0.106225323988 0.133429295368
1016 0.278477683451 0.59402495739 0.106206083326 0.133502882183
1017 0.271410455756 0.589859893424 0.10616647244 0.133593402927
1018 0.275300992106 0.603750504563 0.106374018657 0.133515417135
1019 0.287998799166 0.614449633155 0.106242493294 0.13326845502
