./Vid_E_person_partially_occluded.avi
0 0.434343 0.18461 0.167388 0.675
1 0.433391249055 0.181429011312 0.168485395215 0.674754677378
2 0.437298314145 0.186619733384 0.16801761026 0.674611010568
3 0.438077960366 0.19481749547 0.170403470411 0.671056234352
4 0.444419711236 0.191760466893 0.16797350902 0.674748364351
5 0.443395954611 0.188531505362 0.168212135341 0.674857841937
6 0.44247968631 0.193169748485 0.168540054971 0.675809469976
7 0.445196106906 0.194410190168 0.168481482043 0.675202854854
8 0.446393232907 0.193457418616 0.169419213662 0.674637500444
9 0.445612937191 0.191505636262 0.168519953402 0.675455332897
10 0.447913823979 0.194491051333 0.168987260256 0.67522836059
11 0.448025006205 0.200617250432 0.169165623062 0.675648708049
12 0.449948391035 0.198105873226 0.16926838322 0.675964520928
13 0.451505022786 0.200302356472 0.170022892745 0.674727677947
14 0.451934953983 0.190249328673 0.169584441626 0.67613405337
15 0.451191419078 0.183660855731 0.169542259208 0.677908203962
16 0.449303472822 0.195540480181 0.169937377309 0.67653357739
17 0.450909685942 0.202845242922 0.170095624799 0.674411093811
18 0.450287099067 0.196393268903 0.169793300806 0.674566089399
19 0.45062892667 0.195663522385 0.169620554485 0.674617892604
20 0.449310186254 0.196794255472 0.170114349975 0.670721246058
21 0.451602301862 0.188723073849 0.168437464296 0.673079841745
22 0.4499311144 0.194029980322 0.168692568778 0.675019949229
23 0.452979997693 0.197702544133 0.168308178324 0.676025484305
24 0.44832452558 0.184391743596 0.16867127642 0.675276329652
25 0.450759863435 0.198281691652 0.168714581785 0.675226288199
26 0.446693707037 0.19340669855 0.169319875567 0.675799737405
27 0.445393159177 0.193080769781 0.16976170326 0.675736745888
28 0.447034001699 0.193617616539 0.1692970608 0.674368273145
29 0.443779765603 0.186076975193 0.169688884052 0.675694955356
30 0.449599678159 0.175255943548 0.169361438696 0.676102286691
31 0.44649460117 0.183025258263 0.169275330216 0.674241865787
32 0.446645989179 0.18403553781 0.169510852036 0.67561203867
33 0.447118926873 0.190956204935 0.170037947913 0.675952418531
34 0.444421435074 0.198271307357 0.170026605027 0.674485754885
35 0.446149421792 0.194613697267 0.169633590213 0.672673646144
36 0.446978538006 0.197839861317 0.16780550374 0.674436615447
37 0.444115385547 0.195533834484 0.170819589172 0.676139180204
38 0.444193593061 0.193177208455 0.17048314693 0.676466334454
39 0.447727229883 0.200723597302 0.16853945525 0.675139681941
40 0.446096149494 0.190288383334 0.167808146121 0.67506793073
41 0.44327426931 0.195279228988 0.168894551643 0.675829902412
42 0.444075451542 0.198335734105 0.168836797148 0.673221848619
43 0.445391380923 0.204545477735 0.168864567121 0.672961790064
44 0.445237452966 0.202955951437 0.168898592221 0.672588736768
45 0.447259400289 0.187956286931 0.168846322306 0.673615431588
46 0.445409799394 0.171186434152 0.16975372122 0.67557007004
47 0.443521041589 0.178537353775 0.168988276701 0.673701084612
48 0.450774105211 0.165558880063 0.169629743725 0.675491665033
49 0.453636996188 0.171978164379 0.170060945024 0.674602902973
50 0.454350242453 0.18362375797 0.169374717267 0.674373069225
51 0.453897842853 0.189081662767 0.169717684383 0.675540947634
52 0.456465998896 0.171770358948 0.1708645306 0.676115117352
53 0.460676427907 0.180686493213 0.169814061296 0.675352173724
54 0.46205482178 0.174040638541 0.169692778814 0.675338976204
55 0.463768270761 0.162050604456 0.17060630651 0.675162436982
56 0.465664328936 0.178664259177 0.170156500471 0.676447731117
57 0.470589937229 0.176462012099 0.169385470913 0.674904846763
58 0.468387727196 0.180045053614 0.168900015604 0.675172286119
59 0.4610691459 0.175069852555 0.170161290828 0.676519654645
60 0.463627746621 0.17028726524 0.16941906079 0.675200473018
61 0.461937549671 0.182572848384 0.170182007326 0.674096507124
62 0.457810780007 0.183698816991 0.169608766439 0.674484776667
63 0.456967929899 0.180486166786 0.169139333063 0.674200515106
64 0.450639616742 0.185220761288 0.168994126043 0.673663722669
65 0.441844038673 0.16763524743 0.169754445038 0.675108664372
66 0.438462959645 0.186484685049 0.169804588269 0.67592149505
67 0.433602884426 0.18325750548 0.168836914933 0.675561059328
68 0.426782454993 0.176894255645 0.169765145023 0.6756958779
69 0.423349247402 0.189372148471 0.169740130608 0.676309511354
70 0.413939448223 0.188374773505 0.170504339674 0.669847105292
71 0.407892840353 0.20676687619 0.169762429396 0.664503431982
72 0.402861364826 0.210256434527 0.169401964854 0.667329321868
73 0.397006224525 0.20549284733 0.169982429525 0.673296251013
74 0.391927192835 0.198205821785 0.1700878661 0.672788209025
75 0.38658747882 0.202008508166 0.169828524156 0.674279479615
76 0.382603668666 0.203804351555 0.170590791941 0.674382620698
77 0.382248522535 0.209615930692 0.169465694307 0.673475260846
78 0.383999108672 0.211876543215 0.169362268709 0.671947707014
79 0.382682805737 0.19952092423 0.169834403042 0.669478401337
80 0.380866142247 0.202299343914 0.170027832897 0.667523901637
81 0.380235586777 0.18908385828 0.170383119794 0.666067085716
82 0.388672629525 0.164711431267 0.169626392748 0.669111653455
83 0.389999193304 0.182783916305 0.16980679423 0.667459685941
84 0.387428873026 0.190556606252 0.169312356303 0.666006065032
85 0.388715240505 0.183638480531 0.169217015034 0.664583594161
86 0.387117304406 0.191898546404 0.168653683022 0.66854378229
87 0.385330523284 0.197234982243 0.168116352009 0.670826334807
88 0.382219994706 0.192921054452 0.169841000845 0.672033901496
89 0.381312960733 0.186906251046 0.169322325832 0.673918072942
90 0.380218320894 0.204579440015 0.169336969733 0.671064740369
91 0.379298019854 0.191078779247 0.169664045842 0.667217229818
92 0.37459235765 0.197893412921 0.169448754906 0.662190431953
93 0.37435193812 0.204333580275 0.169648823495 0.660895189665
94 0.372106544097 0.203527047796 0.169785264359 0.663977256534
95 0.365763581662 0.197436929746 0.169893435675 0.663697551869
96 0.361418975042 0.213654205146 0.170339132474 0.664339342828
97 0.361469499178 0.19704304327 0.168792434651 0.665898027074
98 0.356692360283 0.182280852187 0.168652755837 0.667086861462
99 0.357531382638 0.188349104997 0.168629004651 0.669554341603
100 0.3522384986 0.192791233257 0.169208749737 0.666144769328
101 0.354256739231 0.184923007715 0.168339344657 0.663062713393
102 0.349059334851 0.183220727454 0.168432998944 0.662501873399
103 0.346439040346 0.174424791859 0.168662464256 0.661532854939
104 0.350284400126 0.166039632424 0.167122158372 0.660356486843
105 0.345758584344 0.169514484632 0.168917513756 0.657480153991
106 0.345125872503 0.174381450222 0.169326467108 0.657950169825
107 0.348000075457 0.166210366802 0.169878009225 0.659027351969
108 0.351972429474 0.166502174784 0.169823274131 0.659492400966
109 0.355855097322 0.167639132096 0.170340024591 0.65510161946
110 0.359138263165 0.164969032137 0.170397449067 0.659411780175
111 0.365844497246 0.159717414398 0.169732793944 0.658847163427
112 0.367072586287 0.158693812687 0.169614229088 0.658887079986
113 0.362429628617 0.148754357425 0.170574968868 0.660656534396
114 0.366449570387 0.165065473066 0.169233665737 0.659997933367
115 0.364205921374 0.16663824699 0.169223721717 0.659294415062
116 0.367186444475 0.169785360011 0.168728243208 0.660243926421
117 0.368950555044 0.170833094237 0.169204219106 0.65830200565
118 0.373220665631 0.173642795249 0.168624115511 0.660788630056
119 0.377066986529 0.177830092106 0.168342595498 0.658817769316
120 0.376884142102 0.180526398225 0.168256284518 0.661521301335
121 0.380955026723 0.173461554409 0.169533597311 0.659328003153
122 0.381979241594 0.173467780181 0.169837558247 0.658716931009
123 0.381792168832 0.176034437225 0.170352174792 0.658777364925
124 0.387091340594 0.172190398703 0.16759525401 0.658756146238
125 0.384203926537 0.171287436949 0.169201176144 0.656128842813
126 0.384013622953 0.178487068277 0.169515499455 0.650732050441
127 0.383510413251 0.163349799264 0.169138788328 0.655826495444
128 0.374362690471 0.150603796906 0.170228744142 0.656746147436
129 0.371774901491 0.167510722399 0.169883488999 0.655776620621
130 0.369829674442 0.177768451087 0.168318677756 0.657252586181
131 0.364895382289 0.174757829443 0.168481870257 0.658385802588
132 0.357987741249 0.148234085066 0.168996374017 0.659118852259
133 0.349945187563 0.158250917505 0.170459193105 0.657290443331
134 0.350666304109 0.166701277159 0.170291037248 0.659294707187
135 0.343088136769 0.162753584053 0.170491619945 0.658611216946
136 0.341598655772 0.165907009543 0.16973348047 0.65906468478
137 0.338808801911 0.158375787286 0.169695219418 0.657366533489
138 0.337912836315 0.15665007928 0.169117397745 0.655816973088
139 0.33812779508 0.15833359508 0.169534982097 0.656848215647
140 0.339875634663 0.165921996066 0.169597223422 0.657376916834
141 0.339084063698 0.156861764727 0.171048561013 0.658082587294
142 0.344057280444 0.167594116383 0.168723443849 0.657251384223
143 0.344827657112 0.168357989803 0.168251523821 0.657193746078
144 0.345127386965 0.16958328427 0.168882384583 0.658978003008
145 0.34427410041 0.167940327936 0.169348229077 0.65769332145
146 0.348350093112 0.17038236586 0.167869916623 0.654357046478
147 0.343975802476 0.16800334512 0.169079341064 0.659205349703
148 0.343962584601 0.168394797369 0.168995505463 0.660220009271
149 0.342664612673 0.17326108568 0.16950534464 0.65979500423
150 0.340833725612 0.175600942895 0.169529118444 0.660857671366
151 0.340497520701 0.166597312981 0.169278709127 0.657055074077
152 0.335262249345 0.160813312316 0.17027294888 0.656662116198
153 0.332680593028 0.158887682043 0.168665303096 0.65665854819
154 0.328796768318 0.162551271418 0.168887661229 0.657415295657
155 0.325416709861 0.124397435446 0.169075208108 0.659137089828
156 0.322183769696 0.123520897532 0.167678099504 0.662187168168
157 0.31784708076 0.118950549871 0.1694379262 0.659969751528
158 0.316370729803 0.116747286037 0.170117065458 0.658134848553
159 0.315451871741 0.112738276168 0.170522330768 0.659960679091
160 0.315348845898 0.110509448688 0.170447212373 0.660309397635
161 0.317998699752 0.107354096582 0.169049384767 0.661291709896
162 0.315121131234 0.116119652612 0.169129943099 0.659280965035
163 0.314545881513 0.107214072929 0.168656788576 0.660499981992
164 0.309506998338 0.104805738122 0.169363771832 0.660431480633
165 0.311149467246 0.11575803261 0.170513128759 0.659864528936
166 0.307620391031 0.119398231121 0.169258392103 0.660859929885
167 0.31013116193 0.117580021873 0.169309290222 0.659558420779
168 0.311467648233 0.128268292646 0.168406438248 0.660468418029
169 0.318243783463 0.118842775859 0.169431908408 0.65992628574
170 0.307994897303 0.143630576556 0.169363505851 0.660734117109
171 0.311000682318 0.138394738782 0.169051107586 0.660308436041
172 0.319245743604 0.145549664764 0.168953285021 0.660075710423
173 0.322084870882 0.161091844164 0.169769364024 0.657025070566
174 0.328553043897 0.153534166558 0.168448069498 0.656162539336
175 0.330864453914 0.148393249324 0.168574841214 0.656966551264
176 0.330636575593 0.156664710401 0.168980265571 0.657290249856
177 0.325468948208 0.163258519175 0.169216437697 0.657198205016
178 0.331208671306 0.165475686836 0.168751328216 0.657183851828
179 0.327412896952 0.194411440558 0.169343699009 0.655939080125
180 0.325912850405 0.188448778358 0.16890985064 0.657330073713
181 0.323824124162 0.186110768884 0.168559952881 0.656022284636
182 0.324192293253 0.166718667428 0.167769020426 0.658126179364
183 0.321552246572 0.173465054836 0.168701498769 0.657184680202
184 0.321880594762 0.187109384922 0.16989896964 0.658745064135
185 0.320738851701 0.196601879028 0.169451492142 0.657345864291
186 0.318386806283 0.196409513883 0.169331539059 0.65921883891
187 0.319845732797 0.17714926796 0.169337488379 0.658021492812
188 0.322037829564 0.170619238298 0.168872641743 0.657176568193
189 0.322912368085 0.196395908581 0.1694726203 0.654583495892
190 0.325933227217 0.182469838992 0.169981626684 0.653425292412
191 0.325257548364 0.185954421484 0.169218482386 0.655429217812
192 0.324211179941 0.188156540045 0.169491930216 0.653111882099
193 0.320555234807 0.262631042576 0.170338747697 0.65001495443
194 0.322579301333 0.290784807137 0.169133808674 0.6522434254
195 0.322377746234 0.189109935688 0.167847390373 0.659395563615
196 0.321466869978 0.214977571068 0.168892089912 0.657539283432
197 0.319572698431 0.201281597835 0.169144090608 0.652641028944
198 0.317072414049 0.214247245851 0.170112193606 0.650919280987
199 0.311632618884 0.200806274611 0.169858603081 0.651820512704
200 0.325708803027 0.196916412411 0.169909620777 0.653208970092
201 0.332995650189 0.20521570617 0.170031575756 0.653166903645
202 0.339166235906 0.206998920686 0.168784208315 0.651632001967
203 0.336265583368 0.224665508048 0.168090463908 0.649509632267
204 0.334809383888 0.21302646372 0.170284193532 0.648958702214
205 0.336026823964 0.20264191803 0.169833120493 0.651776312985
206 0.336901919767 0.179769755864 0.169893092046 0.651355285696
207 0.338752343111 0.185252455503 0.169288548273 0.650503907258
208 0.337887730772 0.167932207314 0.170205833763 0.650522121979
209 0.342558752171 0.179573592787 0.170015349363 0.647025478854
210 0.340425693273 0.159578178874 0.168200523209 0.650729886913
211 0.341475853916 0.175920771917 0.168154670217 0.652697280053
212 0.341733976067 0.174918954569 0.168319997734 0.651242712644
213 0.339090252124 0.157738769116 0.168236718822 0.651372774121
214 0.338944309299 0.161643712079 0.167633797879 0.650475120722
215 0.341803638638 0.173584031946 0.167959069482 0.648887789183
216 0.671875 0.220833333333 0.0 0.0
217 0.349239961472 0.163227140093 0.168849102917 0.650271504949
