./../data/Vid_A_ball.avi.avi
0 0.626068 0.473884 0.141026 0.189934
1 0.628125 0.475 0.141026 0.189934
2 0.63125 0.475 0.141026 0.189934
3 0.63125 0.475 0.141026 0.189934
4 0.628125 0.479166666667 0.141026 0.189934
5 0.625 0.479166666667 0.141026 0.189934
6 0.625 0.483333333333 0.141026 0.189934
7 0.625 0.4875 0.141026 0.189934
8 0.624375 0.4875 0.141026 0.189934
9 0.621875 0.4875 0.141026 0.189934
10 0.621875 0.491666666667 0.141026 0.189934
11 0.61875 0.491666666667 0.141026 0.189934
12 0.61875 0.5 0.141026 0.189934
13 0.615625 0.495833333333 0.141026 0.189934
14 0.6125 0.497898914497 0.141026 0.189934
15 0.6125 0.504166666667 0.141026 0.189934
16 0.6125 0.508333333333 0.141026 0.189934
17 0.609375 0.506215772682 0.141026 0.189934
18 0.609375 0.504166666667 0.141026 0.189934
19 0.6109375 0.508333333333 0.141026 0.189934
20 0.6084375 0.508333333333 0.141026 0.189934
21 0.6090625 0.5125 0.141026 0.189934
22 0.6090625 0.516666666667 0.141026 0.189934
23 0.603125 0.516666666667 0.141026 0.189934
24 0.603125 0.516666666667 0.141026 0.189934
25 0.603125 0.516666666667 0.141026 0.189934
26 0.6 0.516666666667 0.141026 0.189934
27 0.6 0.520833333333 0.141026 0.189934
28 0.596875 0.516666666667 0.141026 0.189934
29 0.596875 0.520417160207 0.141026 0.189934
30 0.6 0.516666666667 0.141026 0.189934
31 0.596875 0.516666666667 0.141026 0.189934
32 0.59375 0.5125 0.141026 0.189934
33 0.59375 0.504166666667 0.141026 0.189934
34 0.59375 0.508333333333 0.141026 0.189934
35 0.59375 0.508333333333 0.141026 0.189934
36 0.590625 0.504974666487 0.141026 0.189934
37 0.590625 0.508333333333 0.141026 0.189934
38 0.590625 0.508333333333 0.141026 0.189934
39 0.5875 0.508333333333 0.141026 0.189934
40 0.588125 0.508333333333 0.141026 0.189934
41 0.5878125 0.5125 0.141026 0.189934
42 0.588448511868 0.510813756678 0.141026 0.189934
43 0.59375 0.508333333333 0.141026 0.189934
44 0.59437271681 0.5125 0.141026 0.189934
45 0.595625667296 0.5125 0.141026 0.189934
46 0.594996952153 0.516666666667 0.141026 0.189934
47 0.590625 0.5125 0.141026 0.189934
48 0.590625 0.516666666667 0.141026 0.189934
49 0.5875 0.520833333333 0.141026 0.189934
50 0.590625 0.516666666667 0.141026 0.189934
51 0.5875 0.516666666667 0.141026 0.189934
52 0.5875 0.516666666667 0.141026 0.189934
53 0.584375 0.519168255002 0.141026 0.189934
54 0.584375 0.529166666667 0.141026 0.189934
55 0.578125 0.529166666667 0.141026 0.189934
56 0.575 0.529166666667 0.141026 0.189934
57 0.575 0.525 0.141026 0.189934
58 0.577808115232 0.527957591167 0.141026 0.189934
59 0.575 0.529166666667 0.141026 0.189934
60 0.571875 0.529166666667 0.141026 0.189934
61 0.565625 0.533333333333 0.141026 0.189934
62 0.55625 0.533333333333 0.141026 0.189934
63 0.54375 0.535085695696 0.141026 0.189934
64 0.53125 0.541666666667 0.141026 0.189934
65 0.515625 0.538771651452 0.141026 0.189934
66 0.509375 0.539968564452 0.141026 0.189934
67 0.496875 0.556216198667 0.141026 0.189934
68 0.480321766975 0.567893189449 0.141026 0.189934
69 0.470289928195 0.566666666667 0.141026 0.189934
70 0.457491292023 0.572910488064 0.141026 0.189934
71 0.444663349646 0.592065630966 0.141026 0.189934
72 0.429025972138 0.592479626643 0.141026 0.189934
73 0.421209809699 0.603723206466 0.141026 0.189934
74 0.415089491775 0.616666666667 0.141026 0.189934
75 0.40625 0.620414030132 0.141026 0.189934
76 0.391243064655 0.61122486806 0.141026 0.189934
77 0.370614450704 0.606230675479 0.141026 0.189934
78 0.378451165598 0.608338412625 0.141026 0.189934
79 0.364203192388 0.6 0.141026 0.189934
80 0.384322859806 0.587506576241 0.141026 0.189934
81 0.383108066779 0.581893658335 0.141026 0.189934
82 0.40229813675 0.553064182333 0.141026 0.189934
83 0.392086969117 0.531678948679 0.141026 0.189934
84 0.415824666389 0.523229430479 0.141026 0.189934
85 0.435310144155 0.512100911891 0.141026 0.189934
86 0.434663840532 0.506658647189 0.141026 0.189934
87 0.429856346377 0.503476709199 0.141026 0.189934
88 0.443196219833 0.484070741733 0.141026 0.189934
89 0.440947603528 0.486676094593 0.141026 0.189934
90 0.415853760955 0.473285941236 0.141026 0.189934
91 0.454465323381 0.476276150365 0.141026 0.189934
92 0.459066655228 0.474478657172 0.141026 0.189934
93 0.460944333808 0.479572279359 0.141026 0.189934
94 0.461915318112 0.482049867454 0.141026 0.189934
95 0.459792805627 0.493280484035 0.141026 0.189934
96 0.463409901909 0.493763204527 0.141026 0.189934
97 0.473172418808 0.489663565356 0.141026 0.189934
98 0.472798992388 0.485654423523 0.141026 0.189934
99 0.451595775555 0.497280683396 0.141026 0.189934
100 0.443910785548 0.510363824262 0.141026 0.189934
101 0.444384698131 0.486564015474 0.141026 0.189934
102 0.447842989564 0.496350729688 0.141026 0.189934
103 0.470534384317 0.511394188392 0.141026 0.189934
104 0.468698419478 0.515279148876 0.141026 0.189934
105 0.445643282432 0.504599616222 0.141026 0.189934
106 0.45287597672 0.510543546655 0.141026 0.189934
107 0.441428289559 0.507894751539 0.141026 0.189934
108 0.439292011875 0.520298639842 0.141026 0.189934
109 0.471990343052 0.49250070675 0.141026 0.189934
110 0.456747336959 0.496643688555 0.141026 0.189934
111 0.467901465263 0.50218941021 0.141026 0.189934
112 0.471010157272 0.491659275557 0.141026 0.189934
113 0.464669121179 0.480230486682 0.141026 0.189934
114 0.464996113671 0.485017866078 0.141026 0.189934
115 0.470393492908 0.487811867705 0.141026 0.189934
116 0.465782491494 0.482010727944 0.141026 0.189934
117 0.463771891689 0.478882168538 0.141026 0.189934
118 0.467444963403 0.473008018265 0.141026 0.189934
119 0.468517403309 0.459271084166 0.141026 0.189934
120 0.471702155547 0.461396836796 0.141026 0.189934
121 0.482265389109 0.445160964855 0.141026 0.189934
122 0.495677284199 0.452675100044 0.141026 0.189934
123 0.50047787611 0.44717623021 0.141026 0.189934
124 0.487956905102 0.452542552011 0.141026 0.189934
125 0.484282780095 0.462387502307 0.141026 0.189934
126 0.465625 0.473738267495 0.141026 0.189934
127 0.466558574281 0.487048926853 0.141026 0.189934
128 0.464228230436 0.507802472475 0.141026 0.189934
129 0.463718587184 0.511605697141 0.141026 0.189934
130 0.454946612969 0.515587946878 0.141026 0.189934
131 0.469193155567 0.514305837378 0.141026 0.189934
132 0.488186226027 0.524014369462 0.141026 0.189934
133 0.495862734524 0.533175628343 0.141026 0.189934
134 0.492840145434 0.537459117979 0.141026 0.189934
135 0.46784166842 0.528874320373 0.141026 0.189934
136 0.473755661886 0.540441542813 0.141026 0.189934
137 0.459474756251 0.542186407379 0.141026 0.189934
138 0.454045632737 0.527701239337 0.141026 0.189934
139 0.446875 0.520833333333 0.141026 0.189934
140 0.43125 0.50584542467 0.141026 0.189934
141 0.419756252526 0.509241565763 0.141026 0.189934
142 0.415391210848 0.49816165486 0.141026 0.189934
143 0.432209990528 0.482580364716 0.141026 0.189934
144 0.423433900149 0.451938497504 0.141026 0.189934
145 0.399854932767 0.421758163067 0.141026 0.189934
146 0.386001866622 0.392729416998 0.141026 0.189934
147 0.374451244001 0.387886323416 0.141026 0.189934
148 0.370947035695 0.383740877369 0.141026 0.189934
149 0.350133481199 0.371767611447 0.141026 0.189934
150 0.345765266059 0.357552852427 0.141026 0.189934
151 0.346567099814 0.35 0.141026 0.189934
152 0.335029310228 0.345833333333 0.141026 0.189934
153 0.328145284805 0.338757197034 0.141026 0.189934
154 0.32498562257 0.339496690442 0.141026 0.189934
155 0.303199211637 0.327552440359 0.141026 0.189934
156 0.298437317202 0.346242790516 0.141026 0.189934
157 0.306551907243 0.35040254299 0.141026 0.189934
158 0.291738910337 0.353737870985 0.141026 0.189934
159 0.285659779312 0.350664369409 0.141026 0.189934
160 0.2875 0.346183784 0.141026 0.189934
161 0.2875 0.367562755033 0.141026 0.189934
162 0.281873366067 0.375 0.141026 0.189934
163 0.29127879152 0.370833333333 0.141026 0.189934
164 0.294088255026 0.375 0.141026 0.189934
165 0.288243406401 0.379435161308 0.141026 0.189934
166 0.28310423451 0.384983115269 0.141026 0.189934
167 0.281569218486 0.3875 0.141026 0.189934
168 0.278125 0.3875 0.141026 0.189934
169 0.278125 0.390328403363 0.141026 0.189934
170 0.275 0.397783585324 0.141026 0.189934
171 0.275315633478 0.405002102089 0.141026 0.189934
172 0.28125 0.402914804886 0.141026 0.189934
173 0.26875 0.396250319936 0.141026 0.189934
174 0.264270891819 0.391666666667 0.141026 0.189934
175 0.259121057451 0.4 0.141026 0.189934
176 0.262185618579 0.4 0.141026 0.189934
177 0.256588939951 0.404166666667 0.141026 0.189934
178 0.24375 0.408755324888 0.141026 0.189934
179 0.240625 0.408333333333 0.141026 0.189934
180 0.231540744987 0.396608653298 0.141026 0.189934
181 0.228443693179 0.3875 0.141026 0.189934
182 0.253125 0.3875 0.141026 0.189934
183 0.289136998804 0.402182665072 0.141026 0.189934
184 0.332524981355 0.409497911846 0.141026 0.189934
185 0.371876366823 0.430817019708 0.141026 0.189934
186 0.420291688 0.465442733562 0.141026 0.189934
187 0.460366050032 0.454166666667 0.141026 0.189934
188 0.55 0.545833333333 0.141026 0.189934
189 0.566166618502 0.550800615896 0.141026 0.189934
190 0.555612767731 0.54874726465 0.141026 0.189934
191 0.544085205038 0.55667725252 0.141026 0.189934
192 0.5625 0.547525679247 0.141026 0.189934
193 0.550947577276 0.548348172555 0.141026 0.189934
194 0.556575880793 0.548321955241 0.141026 0.189934
195 0.55625 0.569180335405 0.141026 0.189934
196 0.565625 0.565874144932 0.141026 0.189934
197 0.57626115557 0.556651792573 0.141026 0.189934
198 0.573782940441 0.569559144663 0.141026 0.189934
199 0.581946549786 0.561776795815 0.141026 0.189934
200 0.583799222568 0.567941324458 0.141026 0.189934
201 0.602786449657 0.565484841667 0.141026 0.189934
202 0.592415942451 0.557342431656 0.141026 0.189934
203 0.592453434616 0.558200681401 0.141026 0.189934
204 0.611397357124 0.558582410609 0.141026 0.189934
205 0.606215911679 0.558279912428 0.141026 0.189934
206 0.608092677246 0.567816780362 0.141026 0.189934
207 0.603126067189 0.54583593384 0.141026 0.189934
208 0.606281494853 0.547571925072 0.141026 0.189934
209 0.607431533092 0.545833333333 0.141026 0.189934
210 0.617157778765 0.53664900594 0.141026 0.189934
211 0.609974576051 0.541666666667 0.141026 0.189934
212 0.615951698253 0.533333333333 0.141026 0.189934
213 0.619075642306 0.539578127105 0.141026 0.189934
214 0.627190977725 0.524999154075 0.141026 0.189934
215 0.63374118566 0.520833333333 0.141026 0.189934
216 0.631569143141 0.515797299904 0.141026 0.189934
217 0.630085931252 0.526307287501 0.141026 0.189934
218 0.611877364128 0.529166666667 0.141026 0.189934
219 0.588439604051 0.528754809448 0.141026 0.189934
220 0.568130476534 0.520833333333 0.141026 0.189934
221 0.553125 0.520833333333 0.141026 0.189934
222 0.534375 0.523779657632 0.141026 0.189934
223 0.521875 0.520833333333 0.141026 0.189934
224 0.509375 0.520833333333 0.141026 0.189934
225 0.503125 0.520833333333 0.141026 0.189934
226 0.495915744401 0.514125188655 0.141026 0.189934
227 0.493439681454 0.517930673676 0.141026 0.189934
228 0.489343926005 0.520833333333 0.141026 0.189934
229 0.484375 0.521675303008 0.141026 0.189934
230 0.4875 0.520833333333 0.141026 0.189934
231 0.484375 0.520833333333 0.141026 0.189934
232 0.486577019602 0.525 0.141026 0.189934
233 0.483748469627 0.520833333333 0.141026 0.189934
234 0.487185034326 0.523300652592 0.141026 0.189934
235 0.4875 0.520833333333 0.141026 0.189934
236 0.492500640116 0.520833333333 0.141026 0.189934
237 0.490625 0.520833333333 0.141026 0.189934
238 0.496875 0.516666666667 0.141026 0.189934
239 0.49375 0.520833333333 0.141026 0.189934
240 0.496875 0.525 0.141026 0.189934
241 0.503125 0.529166666667 0.141026 0.189934
242 0.49375 0.533333333333 0.141026 0.189934
243 0.48125 0.529166666667 0.141026 0.189934
244 0.465307286482 0.538782755267 0.141026 0.189934
245 0.452500756676 0.55 0.141026 0.189934
246 0.445277668035 0.544931522498 0.141026 0.189934
247 0.432482485217 0.562897258041 0.141026 0.189934
248 0.413750499997 0.5625 0.141026 0.189934
249 0.403125 0.575 0.141026 0.189934
250 0.390318215431 0.590437989175 0.141026 0.189934
251 0.380941463369 0.591666666667 0.141026 0.189934
252 0.372181998691 0.604166666667 0.141026 0.189934
253 0.36875 0.610808431608 0.141026 0.189934
254 0.36247848172 0.607498111013 0.141026 0.189934
255 0.354938707244 0.615367169611 0.141026 0.189934
256 0.357499980763 0.622030828911 0.141026 0.189934
257 0.35874536692 0.61874872149 0.141026 0.189934
258 0.378125 0.616666666667 0.141026 0.189934
259 0.387152654288 0.599809231359 0.141026 0.189934
260 0.402073893492 0.597362747009 0.141026 0.189934
261 0.416327776825 0.582609688464 0.141026 0.189934
262 0.41689270941 0.569678714444 0.141026 0.189934
263 0.423445265171 0.545198488475 0.141026 0.189934
264 0.435868545521 0.513909756481 0.141026 0.189934
265 0.450566473965 0.477087008766 0.141026 0.189934
266 0.463371342573 0.450095305907 0.141026 0.189934
267 0.501911779665 0.490602092606 0.141026 0.189934
268 0.515033015028 0.52508768523 0.141026 0.189934
269 0.508663153016 0.510331889799 0.141026 0.189934
270 0.51909153365 0.504075456501 0.141026 0.189934
271 0.515740757906 0.494615171928 0.141026 0.189934
272 0.502461738332 0.473630650124 0.141026 0.189934
273 0.498719404296 0.481769603697 0.141026 0.189934
274 0.494677837874 0.487526885699 0.141026 0.189934
275 0.483377813622 0.485764888579 0.141026 0.189934
276 0.456975228649 0.466111595386 0.141026 0.189934
277 0.434959398748 0.474552702944 0.141026 0.189934
278 0.436004850885 0.465869253806 0.141026 0.189934
279 0.431144144729 0.448705934345 0.141026 0.189934
280 0.430171155596 0.462810669726 0.141026 0.189934
281 0.418787790987 0.459517949538 0.141026 0.189934
282 0.404852428486 0.457333388445 0.141026 0.189934
283 0.393739941823 0.458254016551 0.141026 0.189934
284 0.387430370394 0.451639627325 0.141026 0.189934
285 0.384332607775 0.445670257409 0.141026 0.189934
286 0.399448579322 0.430936222165 0.141026 0.189934
287 0.385919593875 0.430661786614 0.141026 0.189934
288 0.392202096094 0.438943823489 0.141026 0.189934
289 0.393932831286 0.433234536658 0.141026 0.189934
290 0.4 0.428917399263 0.141026 0.189934
291 0.397226542443 0.419929654302 0.141026 0.189934
292 0.398390503049 0.42659473549 0.141026 0.189934
293 0.409705509562 0.415447403809 0.141026 0.189934
294 0.417863399673 0.416019902834 0.141026 0.189934
295 0.413281772473 0.408060491615 0.141026 0.189934
296 0.425708316431 0.395685378094 0.141026 0.189934
297 0.425853400536 0.406614744867 0.141026 0.189934
298 0.436801510333 0.382246732716 0.141026 0.189934
299 0.420026446536 0.359974491328 0.141026 0.189934
300 0.438149368174 0.363416697461 0.141026 0.189934
301 0.434459663696 0.370866767831 0.141026 0.189934
302 0.437640312187 0.386328520285 0.141026 0.189934
303 0.437494002072 0.385583867289 0.141026 0.189934
304 0.411327689619 0.380350949433 0.141026 0.189934
305 0.40593044012 0.378585990387 0.141026 0.189934
306 0.402884105409 0.39510688171 0.141026 0.189934
307 0.39599962895 0.398168746819 0.141026 0.189934
308 0.389065036912 0.412823894904 0.141026 0.189934
309 0.381925551126 0.427699082621 0.141026 0.189934
310 0.371547505326 0.410918773686 0.141026 0.189934
311 0.366363682806 0.399147026239 0.141026 0.189934
312 0.36313348888 0.394705695554 0.141026 0.189934
313 0.353704670602 0.384305796715 0.141026 0.189934
314 0.377282757649 0.407133190805 0.141026 0.189934
315 0.385212856388 0.406867614087 0.141026 0.189934
316 0.393879499559 0.395005297476 0.141026 0.189934
317 0.401348123553 0.428423421448 0.141026 0.189934
318 0.386958931745 0.423645079117 0.141026 0.189934
319 0.377897365697 0.417665562607 0.141026 0.189934
320 0.389985365024 0.426652613401 0.141026 0.189934
321 0.38683700772 0.424615568349 0.141026 0.189934
322 0.3751994166 0.425278930642 0.141026 0.189934
323 0.365476813698 0.425159488562 0.141026 0.189934
324 0.353125 0.428569132529 0.141026 0.189934
325 0.351892321229 0.416932456288 0.141026 0.189934
326 0.350890829579 0.403409569503 0.141026 0.189934
327 0.344263768306 0.417380530792 0.141026 0.189934
328 0.335891367162 0.398383933218 0.141026 0.189934
329 0.327431833784 0.378178237895 0.141026 0.189934
330 0.316638596389 0.393149076111 0.141026 0.189934
331 0.305954406095 0.403220478244 0.141026 0.189934
332 0.282795982091 0.399960731305 0.141026 0.189934
333 0.281727985065 0.407373506683 0.141026 0.189934
334 0.313473099876 0.408367058688 0.141026 0.189934
335 0.353477040497 0.413393882922 0.141026 0.189934
336 0.388420363345 0.393696308258 0.141026 0.189934
337 0.411886526427 0.385822999469 0.141026 0.189934
338 0.418459446805 0.396779082946 0.141026 0.189934
339 0.422926114854 0.394080239389 0.141026 0.189934
340 0.408957711042 0.375 0.141026 0.189934
341 0.387305536768 0.400073334109 0.141026 0.189934
342 0.357151392552 0.396825074719 0.141026 0.189934
343 0.328536570074 0.406216259516 0.141026 0.189934
344 0.308144659694 0.415014998008 0.141026 0.189934
345 0.281412658666 0.411325972557 0.141026 0.189934
346 0.250084003172 0.422645732096 0.141026 0.189934
347 0.244048821825 0.434909946556 0.141026 0.189934
348 0.234059621817 0.435143424445 0.141026 0.189934
349 0.215197605927 0.437385437332 0.141026 0.189934
350 0.223003813813 0.47861243065 0.141026 0.189934
351 0.221829836627 0.487827256844 0.141026 0.189934
352 0.23125 0.513344309794 0.141026 0.189934
353 0.245348531322 0.515427830418 0.141026 0.189934
354 0.263791796869 0.519639469625 0.141026 0.189934
355 0.284059276085 0.51207903478 0.141026 0.189934
356 0.29655910996 0.511982650576 0.141026 0.189934
357 0.313729878664 0.512950260132 0.141026 0.189934
358 0.315316727527 0.507469206054 0.141026 0.189934
359 0.330919128748 0.502193060663 0.141026 0.189934
360 0.339062120632 0.491666666667 0.141026 0.189934
361 0.349281596368 0.508687514374 0.141026 0.189934
362 0.362873489691 0.50380102979 0.141026 0.189934
363 0.374972902415 0.499102186807 0.141026 0.189934
364 0.387203391914 0.50245081888 0.141026 0.189934
365 0.389622267282 0.50290768246 0.141026 0.189934
366 0.391543795758 0.498329792649 0.141026 0.189934
367 0.394017002243 0.495062037828 0.141026 0.189934
368 0.406435051378 0.490070185952 0.141026 0.189934
369 0.410968853545 0.493137031283 0.141026 0.189934
370 0.405710524984 0.508333333333 0.141026 0.189934
371 0.40246998317 0.500863530545 0.141026 0.189934
372 0.39729056371 0.498521972717 0.141026 0.189934
373 0.403229955757 0.504300504194 0.141026 0.189934
374 0.408765442676 0.518762874885 0.141026 0.189934
375 0.405810604372 0.505480844782 0.141026 0.189934
376 0.421875 0.505850179611 0.141026 0.189934
377 0.418108471391 0.498703156884 0.141026 0.189934
378 0.430284490835 0.502472352619 0.141026 0.189934
379 0.437955320376 0.489583712937 0.141026 0.189934
380 0.430121292741 0.489805143638 0.141026 0.189934
381 0.449988764155 0.495233598864 0.141026 0.189934
382 0.459375 0.487079942602 0.141026 0.189934
383 0.460975088498 0.486287177031 0.141026 0.189934
384 0.473150913088 0.483333333333 0.141026 0.189934
385 0.484375 0.475 0.141026 0.189934
386 0.49375 0.468361543193 0.141026 0.189934
387 0.5125 0.466666666667 0.141026 0.189934
388 0.508731386841 0.4625 0.141026 0.189934
389 0.535085141475 0.455877347717 0.141026 0.189934
390 0.553338913278 0.449166904486 0.141026 0.189934
391 0.557351562469 0.437050347215 0.141026 0.189934
392 0.573954710842 0.44166548346 0.141026 0.189934
393 0.5875 0.4375 0.141026 0.189934
394 0.590305126957 0.432906835942 0.141026 0.189934
395 0.603125 0.433333333333 0.141026 0.189934
396 0.6125 0.420833333333 0.141026 0.189934
397 0.625 0.420833333333 0.141026 0.189934
398 0.63125 0.4125 0.141026 0.189934
399 0.640625 0.404166666667 0.141026 0.189934
400 0.653125 0.4012469771 0.141026 0.189934
401 0.659375 0.391666666667 0.141026 0.189934
402 0.6625 0.3875 0.141026 0.189934
403 0.669973978319 0.379166666667 0.141026 0.189934
404 0.65 0.391666666667 0.141026 0.189934
405 0.63125 0.395833333333 0.141026 0.189934
406 0.6190625 0.4 0.141026 0.189934
407 0.602808340105 0.408333333333 0.141026 0.189934
408 0.5875 0.416666666667 0.141026 0.189934
409 0.577160540797 0.425 0.141026 0.189934
410 0.559375 0.425 0.141026 0.189934
411 0.55625 0.429590102927 0.141026 0.189934
412 0.546875 0.429166666667 0.141026 0.189934
413 0.53125 0.442511905927 0.141026 0.189934
414 0.517456969986 0.448275959981 0.141026 0.189934
415 0.509484538563 0.451329556005 0.141026 0.189934
416 0.515621751471 0.466665713765 0.141026 0.189934
417 0.51843357112 0.478744761493 0.141026 0.189934
418 0.511877317139 0.4875 0.141026 0.189934
419 0.511374046831 0.495833333333 0.141026 0.189934
420 0.496875 0.508333333333 0.141026 0.189934
421 0.495754001316 0.515919334211 0.141026 0.189934
422 0.474641361326 0.523614689732 0.141026 0.189934
423 0.471998263224 0.528197419922 0.141026 0.189934
424 0.465910381196 0.532479841659 0.141026 0.189934
425 0.448259720018 0.536722740636 0.141026 0.189934
426 0.453022933736 0.551359550713 0.141026 0.189934
427 0.467954258433 0.558308706443 0.141026 0.189934
428 0.439188081324 0.549119921969 0.141026 0.189934
429 0.44100406428 0.554575985058 0.141026 0.189934
430 0.429368166517 0.559509168318 0.141026 0.189934
431 0.428431637168 0.560807882686 0.141026 0.189934
432 0.426861005377 0.567445894995 0.141026 0.189934
433 0.43997426373 0.569514768528 0.141026 0.189934
434 0.435960908365 0.561270804371 0.141026 0.189934
435 0.439493004877 0.533430081699 0.141026 0.189934
436 0.444284252865 0.603501149975 0.141026 0.189934
437 0.412448382284 0.566674557562 0.141026 0.189934
438 0.391655276545 0.571163245528 0.141026 0.189934
439 0.376250455161 0.571232975818 0.141026 0.189934
440 0.364018371282 0.576596871897 0.141026 0.189934
441 0.354364203398 0.577912908716 0.141026 0.189934
442 0.335382939041 0.572628229136 0.141026 0.189934
443 0.336708077139 0.581658461454 0.141026 0.189934
444 0.337725468703 0.58974393594 0.141026 0.189934
445 0.341395926301 0.57833950547 0.141026 0.189934
446 0.353431524989 0.576265809087 0.141026 0.189934
447 0.375601202328 0.561753972717 0.141026 0.189934
448 0.38827216029 0.538864619284 0.141026 0.189934
449 0.390946392315 0.5384614643 0.141026 0.189934
450 0.407777267297 0.508333333333 0.141026 0.189934
451 0.382910035299 0.502213380399 0.141026 0.189934
452 0.381565608673 0.504166666667 0.141026 0.189934
453 0.378093095569 0.511396415122 0.141026 0.189934
454 0.386247986208 0.513367045063 0.141026 0.189934
455 0.378125 0.504166666667 0.141026 0.189934
456 0.378125 0.5 0.141026 0.189934
457 0.365625 0.504166666667 0.141026 0.189934
458 0.375 0.512098084583 0.141026 0.189934
459 0.378125 0.515836911284 0.141026 0.189934
460 0.377506263729 0.515841684972 0.141026 0.189934
461 0.3875 0.51542477797 0.141026 0.189934
462 0.4 0.511277713701 0.141026 0.189934
463 0.427801311656 0.508333333333 0.141026 0.189934
464 0.423162441666 0.495833333333 0.141026 0.189934
465 0.430620015166 0.499160020221 0.141026 0.189934
466 0.435327436956 0.504166666667 0.141026 0.189934
467 0.446564435929 0.5125 0.141026 0.189934
468 0.47079013933 0.517468544889 0.141026 0.189934
469 0.468794415821 0.522946277214 0.141026 0.189934
470 0.466846617212 0.525 0.141026 0.189934
471 0.462216271728 0.526689364896 0.141026 0.189934
472 0.46405680159 0.525 0.141026 0.189934
473 0.461239892201 0.520833333333 0.141026 0.189934
474 0.448420708925 0.517066201665 0.141026 0.189934
475 0.455031276869 0.515854676701 0.141026 0.189934
476 0.444052473379 0.508333333333 0.141026 0.189934
477 0.438740685272 0.512076044489 0.141026 0.189934
478 0.43156133634 0.51291511512 0.141026 0.189934
479 0.415625 0.508333333333 0.141026 0.189934
480 0.415987528709 0.508333333333 0.141026 0.189934
481 0.419651748421 0.525 0.141026 0.189934
482 0.410748413116 0.510827118371 0.141026 0.189934
483 0.391242253963 0.504166666667 0.141026 0.189934
484 0.371875 0.5 0.141026 0.189934
485 0.3625 0.495397989807 0.141026 0.189934
486 0.362231349167 0.489921668319 0.141026 0.189934
487 0.358444120632 0.5 0.141026 0.189934
488 0.346589457232 0.5 0.141026 0.189934
489 0.341073136573 0.493222080799 0.141026 0.189934
490 0.333799100555 0.5 0.141026 0.189934
491 0.34261087363 0.505049277169 0.141026 0.189934
492 0.332150986076 0.5 0.141026 0.189934
493 0.341277682058 0.504166666667 0.141026 0.189934
494 0.337837945127 0.500424248594 0.141026 0.189934
495 0.33276335516 0.490387868209 0.141026 0.189934
496 0.332846158088 0.493774304564 0.141026 0.189934
497 0.330835624608 0.486384230359 0.141026 0.189934
498 0.335023581778 0.487947283765 0.141026 0.189934
499 0.327339712768 0.484611105018 0.141026 0.189934
500 0.324776129186 0.487517553205 0.141026 0.189934
501 0.329516823694 0.4875 0.141026 0.189934
502 0.32285809823 0.491666666667 0.141026 0.189934
503 0.320368022158 0.495833333333 0.141026 0.189934
504 0.31875 0.503756896155 0.141026 0.189934
505 0.321875 0.508333333333 0.141026 0.189934
506 0.317137053437 0.504166666667 0.141026 0.189934
507 0.324386329882 0.507512557793 0.141026 0.189934
508 0.330850949999 0.530075316666 0.141026 0.189934
509 0.33050523086 0.525453377307 0.141026 0.189934
510 0.333437867639 0.529166666667 0.141026 0.189934
511 0.333789840926 0.5375 0.141026 0.189934
512 0.353763702038 0.540815063949 0.141026 0.189934
513 0.415625 0.529166666667 0.141026 0.189934
514 0.475 0.539544801486 0.141026 0.189934
515 0.525967804932 0.585405156988 0.141026 0.189934
516 0.575 0.595833333333 0.141026 0.189934
517 0.596917806011 0.612119132896 0.141026 0.189934
518 0.621352303086 0.6 0.141026 0.189934
519 0.617164608601 0.6125 0.141026 0.189934
520 0.623426701511 0.63415838981 0.141026 0.189934
521 0.653125 0.627473397103 0.141026 0.189934
522 0.637778623836 0.626654822943 0.141026 0.189934
523 0.624042111622 0.651184060056 0.141026 0.189934
524 0.626532300746 0.651950176885 0.141026 0.189934
525 0.621630078205 0.647281292089 0.141026 0.189934
526 0.630151765463 0.658223842929 0.141026 0.189934
527 0.630678677863 0.646625246679 0.141026 0.189934
528 0.632239054531 0.649032070256 0.141026 0.189934
529 0.634666819207 0.671222425609 0.141026 0.189934
530 0.632243930722 0.659500653395 0.141026 0.189934
531 0.60385309051 0.653191863395 0.141026 0.189934
532 0.598616557685 0.624244948679 0.141026 0.189934
533 0.594065706464 0.627873587645 0.141026 0.189934
534 0.591905324202 0.633031721326 0.141026 0.189934
535 0.593249546752 0.620126927843 0.141026 0.189934
536 0.595626055348 0.607524140473 0.141026 0.189934
537 0.596254173039 0.617229236215 0.141026 0.189934
538 0.597171627168 0.604593883981 0.141026 0.189934
539 0.59251415875 0.599586094652 0.141026 0.189934
540 0.575779530145 0.600384108082 0.141026 0.189934
541 0.571646666482 0.597023619328 0.141026 0.189934
542 0.548568774556 0.590203983253 0.141026 0.189934
543 0.553734264956 0.587415074656 0.141026 0.189934
544 0.547109012031 0.595226557 0.141026 0.189934
545 0.513454325344 0.594557190149 0.141026 0.189934
546 0.513451474712 0.58010205278 0.141026 0.189934
547 0.518331826317 0.607317094601 0.141026 0.189934
548 0.509667201309 0.600049746054 0.141026 0.189934
549 0.515360515803 0.596469344207 0.141026 0.189934
550 0.500620292026 0.591666666667 0.141026 0.189934
551 0.50030864482 0.5875 0.141026 0.189934
552 0.507751234265 0.579166666667 0.141026 0.189934
553 0.503125 0.579166666667 0.141026 0.189934
554 0.501340771195 0.573588865406 0.141026 0.189934
555 0.52627733265 0.570832620179 0.141026 0.189934
556 0.52679342009 0.561757236682 0.141026 0.189934
557 0.531875 0.566666666667 0.141026 0.189934
558 0.534375 0.554166666667 0.141026 0.189934
559 0.53125 0.554166666667 0.141026 0.189934
560 0.534375 0.554166666667 0.141026 0.189934
561 0.526831783307 0.55 0.141026 0.189934
562 0.539044132385 0.554990183998 0.141026 0.189934
563 0.538700209398 0.552920332076 0.141026 0.189934
564 0.5528125 0.554166666667 0.141026 0.189934
565 0.559865523543 0.575401283651 0.141026 0.189934
566 0.54938479472 0.5625 0.141026 0.189934
567 0.552487984443 0.554166666667 0.141026 0.189934
568 0.549031441115 0.54712474518 0.141026 0.189934
569 0.553122902014 0.550006230383 0.141026 0.189934
570 0.548721725712 0.548816643446 0.141026 0.189934
571 0.551694571506 0.563380169014 0.141026 0.189934
572 0.559372524886 0.545838443246 0.141026 0.189934
573 0.555566909278 0.546744120963 0.141026 0.189934
574 0.55 0.554166666667 0.141026 0.189934
575 0.534375 0.559182983739 0.141026 0.189934
576 0.53125 0.570833333333 0.141026 0.189934
577 0.525 0.57212883706 0.141026 0.189934
578 0.51875 0.579166666667 0.141026 0.189934
579 0.50625 0.583333333333 0.141026 0.189934
580 0.5 0.583333333333 0.141026 0.189934
581 0.490625 0.591666666667 0.141026 0.189934
582 0.478125 0.592108533339 0.141026 0.189934
583 0.464417127056 0.592174004906 0.141026 0.189934
584 0.463430333546 0.594979609576 0.141026 0.189934
585 0.451513017804 0.604361946321 0.141026 0.189934
586 0.450532897675 0.595869621252 0.141026 0.189934
587 0.438435663456 0.607215048983 0.141026 0.189934
588 0.4353125 0.622916666667 0.141026 0.189934
589 0.434375 0.623687381925 0.141026 0.189934
590 0.43125 0.62413704535 0.141026 0.189934
591 0.425 0.64 0.141026 0.189934
592 0.42375 0.645833333333 0.141026 0.189934
593 0.4146875 0.646666666667 0.141026 0.189934
594 0.404674471953 0.647479155125 0.141026 0.189934
595 0.404688801239 0.654582986336 0.141026 0.189934
596 0.408125 0.658333333333 0.141026 0.189934
597 0.40625 0.6625 0.141026 0.189934
598 0.40625 0.6625 0.141026 0.189934
599 0.40625 0.6625 0.141026 0.189934
600 0.4 0.664161004889 0.141026 0.189934
601 0.3996875 0.6625 0.141026 0.189934
