./../data/Vid_C_juice.avi.avi
0 0.410029 0.208388 0.114061 0.373526
1 0.409375 0.320833333333 0.1125 0.370833333333
2 0.409375 0.325 0.1125 0.370833333333
3 0.4125 0.325 0.1125 0.370833333333
4 0.4125 0.325 0.1125 0.370833333333
5 0.4125 0.325 0.1125 0.370833333333
6 0.4125 0.329166666667 0.1125 0.370833333333
7 0.4125 0.3375 0.1125 0.370833333333
8 0.409375 0.341666666667 0.1125 0.370833333333
9 0.409375 0.341666666667 0.1125 0.370833333333
10 0.409375 0.35 0.1125 0.370833333333
11 0.409375 0.3625 0.1125 0.370833333333
12 0.409375 0.370833333333 0.1125 0.370833333333
13 0.409375 0.383333333333 0.1125 0.370833333333
14 0.4125 0.395833333333 0.1125 0.370833333333
15 0.41875 0.4125 0.1125 0.370833333333
16 0.43125 0.433333333333 0.1125 0.370833333333
17 0.4375 0.454166666667 0.1125 0.370833333333
18 0.45625 0.475 0.1125 0.370833333333
19 0.475 0.491666666667 0.1125 0.370833333333
20 0.5 0.5 0.1125 0.370833333333
21 0.51875 0.5125 0.1125 0.370833333333
22 0.5375 0.529166666667 0.1125 0.370833333333
23 0.55625 0.533333333333 0.1125 0.370833333333
24 0.584375 0.541666666667 0.1125 0.370833333333
25 0.6125 0.541666666667 0.1125 0.370833333333
26 0.6375 0.545833333333 0.1125 0.370833333333
27 0.659375 0.55 0.1125 0.370833333333
28 0.671875 0.55 0.1125 0.370833333333
29 0.6875 0.554166666667 0.1125 0.370833333333
30 0.69375 0.558333333333 0.1125 0.370833333333
31 0.7 0.554166666667 0.1125 0.370833333333
32 0.7 0.554166666667 0.1125 0.370833333333
33 0.690625 0.55 0.1125 0.370833333333
34 0.671875 0.55 0.1125 0.370833333333
35 0.65625 0.541666666667 0.1125 0.370833333333
36 0.628125 0.545833333333 0.1125 0.370833333333
37 0.596875 0.545833333333 0.1125 0.370833333333
38 0.5625 0.545833333333 0.1125 0.370833333333
39 0.534375 0.55 0.1125 0.370833333333
40 0.496875 0.554166666667 0.1125 0.370833333333
41 0.471875 0.5625 0.1125 0.370833333333
42 0.44375 0.5625 0.1125 0.370833333333
43 0.421875 0.5625 0.1125 0.370833333333
44 0.39375 0.566666666667 0.1125 0.370833333333
45 0.36875 0.570833333333 0.1125 0.370833333333
46 0.34375 0.570833333333 0.1125 0.370833333333
47 0.321875 0.579166666667 0.1125 0.370833333333
48 0.303125 0.583333333333 0.1125 0.370833333333
49 0.2875 0.579166666667 0.1125 0.370833333333
50 0.271875 0.583333333333 0.1125 0.370833333333
51 0.25625 0.579166666667 0.1125 0.370833333333
52 0.253125 0.5625 0.1125 0.370833333333
53 0.25 0.55 0.1125 0.370833333333
54 0.246875 0.529166666667 0.1125 0.370833333333
55 0.246875 0.508333333333 0.1125 0.370833333333
56 0.253125 0.475 0.1125 0.370833333333
57 0.259375 0.454166666667 0.1125 0.370833333333
58 0.271875 0.420833333333 0.1125 0.370833333333
59 0.28125 0.395833333333 0.1125 0.370833333333
60 0.290625 0.370833333333 0.1125 0.370833333333
61 0.309375 0.341666666667 0.1125 0.370833333333
62 0.321875 0.333333333333 0.1125 0.370833333333
63 0.340625 0.320833333333 0.1125 0.370833333333
64 0.365625 0.3125 0.1125 0.370833333333
65 0.3875 0.295833333333 0.1125 0.370833333333
66 0.41875 0.283333333333 0.1125 0.370833333333
67 0.440625 0.295833333333 0.1125 0.370833333333
68 0.46875 0.3 0.1125 0.370833333333
69 0.49375 0.304166666667 0.1125 0.370833333333
70 0.515625 0.316666666667 0.1125 0.370833333333
71 0.5375 0.329166666667 0.1125 0.370833333333
72 0.5625 0.3375 0.1125 0.370833333333
73 0.590625 0.3375 0.1125 0.370833333333
74 0.615625 0.345833333333 0.1125 0.370833333333
75 0.64375 0.354166666667 0.1125 0.370833333333
76 0.6625 0.35 0.1125 0.370833333333
77 0.675 0.354166666667 0.1125 0.370833333333
78 0.68125 0.358333333333 0.1125 0.370833333333
79 0.6875 0.354166666667 0.1125 0.370833333333
80 0.6875 0.354166666667 0.1125 0.370833333333
81 0.671875 0.35 0.1125 0.370833333333
82 0.65 0.341666666667 0.1125 0.370833333333
83 0.621875 0.329166666667 0.1125 0.370833333333
84 0.590625 0.3125 0.1125 0.370833333333
85 0.559375 0.304166666667 0.1125 0.370833333333
86 0.534375 0.291666666667 0.1125 0.370833333333
87 0.496875 0.2875 0.1125 0.370833333333
88 0.471875 0.279166666667 0.1125 0.370833333333
89 0.440625 0.279166666667 0.1125 0.370833333333
90 0.409375 0.275 0.1125 0.370833333333
91 0.378125 0.279166666667 0.1125 0.370833333333
92 0.346875 0.283333333333 0.1125 0.370833333333
93 0.31875 0.3 0.1125 0.370833333333
94 0.29375 0.308333333333 0.1125 0.370833333333
95 0.26875 0.316666666667 0.1125 0.370833333333
96 0.25 0.325 0.1125 0.370833333333
97 0.240625 0.3375 0.1125 0.370833333333
98 0.2375 0.354166666667 0.1125 0.370833333333
99 0.2375 0.379166666667 0.1125 0.370833333333
100 0.24375 0.4 0.1125 0.370833333333
101 0.253125 0.429166666667 0.1125 0.370833333333
102 0.2625 0.445833333333 0.1125 0.370833333333
103 0.275 0.470833333333 0.1125 0.370833333333
104 0.2875 0.4875 0.1125 0.370833333333
105 0.29375 0.508333333333 0.1125 0.370833333333
106 0.303125 0.5375 0.1125 0.370833333333
107 0.309375 0.558333333333 0.1125 0.370833333333
108 0.315625 0.579166666667 0.1125 0.370833333333
109 0.325 0.595833333333 0.1125 0.370833333333
110 0.3375 0.608333333333 0.1125 0.370833333333
111 0.35625 0.616666666667 0.1125 0.370833333333
112 0.371875 0.616666666667 0.1125 0.370833333333
113 0.39375 0.608333333333 0.1125 0.370833333333
114 0.4125 0.608333333333 0.1125 0.370833333333
115 0.434375 0.591666666667 0.1125 0.370833333333
116 0.45625 0.579166666667 0.1125 0.370833333333
117 0.471875 0.566666666667 0.1125 0.370833333333
118 0.5 0.545833333333 0.1125 0.370833333333
119 0.515625 0.533333333333 0.1125 0.370833333333
120 0.540625 0.520833333333 0.1125 0.370833333333
121 0.559375 0.5125 0.1125 0.370833333333
122 0.56875 0.495833333333 0.1125 0.370833333333
123 0.584375 0.4875 0.1125 0.370833333333
124 0.60625 0.466666666667 0.1125 0.370833333333
125 0.621875 0.454166666667 0.1125 0.370833333333
126 0.64375 0.445833333333 0.1125 0.370833333333
127 0.6625 0.433333333333 0.1125 0.370833333333
128 0.671875 0.420833333333 0.1125 0.370833333333
129 0.684375 0.408333333333 0.1125 0.370833333333
130 0.6875 0.4 0.1125 0.370833333333
131 0.69375 0.391666666667 0.1125 0.370833333333
132 0.69375 0.375 0.1125 0.370833333333
133 0.684375 0.358333333333 0.1125 0.370833333333
134 0.66875 0.35 0.1125 0.370833333333
135 0.65 0.3375 0.1125 0.370833333333
136 0.63125 0.333333333333 0.1125 0.370833333333
137 0.6 0.325 0.1125 0.370833333333
138 0.575 0.316666666667 0.1125 0.370833333333
139 0.546875 0.308333333333 0.1125 0.370833333333
140 0.5125 0.3 0.1125 0.370833333333
141 0.490625 0.2875 0.1125 0.370833333333
142 0.45625 0.283333333333 0.1125 0.370833333333
143 0.43125 0.275 0.1125 0.370833333333
144 0.403125 0.270833333333 0.1125 0.370833333333
145 0.378125 0.266666666667 0.1125 0.370833333333
146 0.35 0.2625 0.1125 0.370833333333
147 0.33125 0.258333333333 0.1125 0.370833333333
148 0.3125 0.254166666667 0.1125 0.370833333333
149 0.290625 0.254166666667 0.1125 0.370833333333
150 0.28125 0.254166666667 0.1125 0.370833333333
151 0.275 0.254166666667 0.1125 0.370833333333
152 0.275 0.266666666667 0.1125 0.370833333333
153 0.275 0.275 0.1125 0.370833333333
154 0.2875 0.283333333333 0.1125 0.370833333333
155 0.303125 0.291666666667 0.1125 0.370833333333
156 0.31875 0.291666666667 0.1125 0.370833333333
157 0.321875 0.3125 0.1125 0.370833333333
158 0.325 0.325 0.1125 0.370833333333
159 0.340625 0.333333333333 0.1125 0.370833333333
160 0.34375 0.35 0.1125 0.370833333333
161 0.35 0.358333333333 0.1125 0.370833333333
162 0.359375 0.3625 0.1125 0.370833333333
163 0.365625 0.370833333333 0.1125 0.370833333333
164 0.371875 0.370833333333 0.1125 0.370833333333
165 0.371875 0.370833333333 0.1125 0.370833333333
166 0.371875 0.375 0.1125 0.370833333333
167 0.371875 0.375 0.1125 0.370833333333
168 0.371875 0.375 0.1125 0.370833333333
169 0.396875 0.375 0.1125 0.370833333333
170 0.409375 0.379166666667 0.1125 0.370833333333
171 0.421875 0.379166666667 0.1125 0.370833333333
172 0.471875 0.358333333333 0.1125 0.370833333333
173 0.471875 0.358333333333 0.1125 0.370833333333
174 0.471875 0.358333333333 0.1125 0.370833333333
175 0.471875 0.354166666667 0.1125 0.370833333333
176 0.475 0.358333333333 0.1125 0.370833333333
177 0.475 0.358333333333 0.1125 0.370833333333
178 0.475 0.358333333333 0.1125 0.370833333333
179 0.475 0.383333333333 0.1125 0.370833333333
180 0.434375 0.5625 0.1125 0.370833333333
181 0.434375 0.5625 0.1125 0.370833333333
182 0.459375 0.558333333333 0.1125 0.370833333333
183 0.475 0.579166666667 0.1125 0.370833333333
184 0.475 0.579166666667 0.1125 0.370833333333
185 0.48125 0.566666666667 0.1125 0.370833333333
186 0.48125 0.583333333333 0.1125 0.370833333333
187 0.49375 0.570833333333 0.1125 0.370833333333
188 0.50625 0.554166666667 0.1125 0.370833333333
189 0.509375 0.5375 0.1125 0.370833333333
190 0.509375 0.533333333333 0.1125 0.370833333333
191 0.509375 0.529166666667 0.1125 0.370833333333
192 0.54375 0.541666666667 0.1125 0.370833333333
193 0.54375 0.558333333333 0.1125 0.370833333333
194 0.54375 0.6125 0.1125 0.370833333333
195 0.553125 0.629166666667 0.1125 0.370833333333
196 0.553125 0.629166666667 0.1125 0.370833333333
197 0.553125 0.629166666667 0.1125 0.370833333333
198 0.50625 0.629166666667 0.1125 0.370833333333
199 0.50625 0.629166666667 0.1125 0.370833333333
200 0.521875 0.629166666667 0.1125 0.370833333333
201 0.521875 0.629166666667 0.1125 0.370833333333
202 0.471875 0.2875 0.1125 0.370833333333
203 0.44375 0.133333333333 0.1125 0.370833333333
204 0.428125 0.1375 0.1125 0.370833333333
205 0.40625 0.1375 0.1125 0.370833333333
206 0.375 0.129166666667 0.1125 0.370833333333
207 0.346875 0.125 0.1125 0.370833333333
208 0.309375 0.116666666667 0.1125 0.370833333333
209 0.278125 0.116666666667 0.1125 0.370833333333
210 0.24375 0.104166666667 0.1125 0.370833333333
211 0.20625 0.0958333333333 0.1125 0.370833333333
212 0.175 0.075 0.1125 0.370833333333
213 0.146875 0.075 0.1125 0.370833333333
214 0.1125 0.0708333333333 0.1125 0.370833333333
215 0.08125 0.0625 0.1125 0.370833333333
216 0.0625 0.0583333333333 0.1125 0.370833333333
217 0.04375 0.05 0.1125 0.370833333333
218 0.028125 0.0375 0.1125 0.370833333333
219 0.025 0.025 0.1125 0.370833333333
220 0.021875 0.00833333333333 0.1125 0.370833333333
221 0.021875 0.0 0.1125 0.370833333333
222 0.034375 0.0 0.1125 0.370833333333
223 0.05625 0.0 0.1125 0.370833333333
224 0.071875 0.0 0.1125 0.370833333333
225 0.09375 0.0 0.1125 0.370833333333
226 0.10625 0.0 0.1125 0.370833333333
227 0.115625 0.0 0.1125 0.370833333333
228 0.128125 0.0 0.1125 0.370833333333
229 0.1375 0.0 0.1125 0.370833333333
230 0.15 0.0 0.1125 0.370833333333
231 0.159375 0.0 0.1125 0.370833333333
232 0.171875 0.0 0.1125 0.370833333333
233 0.1875 0.0 0.1125 0.370833333333
234 0.196875 0.0 0.1125 0.370833333333
235 0.21875 0.0 0.1125 0.370833333333
236 0.234375 0.0 0.1125 0.370833333333
237 0.246875 0.0 0.1125 0.370833333333
238 0.275 0.0 0.1125 0.370833333333
239 0.296875 0.0 0.1125 0.370833333333
240 0.321875 0.0 0.1125 0.370833333333
241 0.340625 0.0 0.1125 0.370833333333
242 0.36875 0.0 0.1125 0.370833333333
243 0.396875 0.0 0.1125 0.370833333333
244 0.425 0.0 0.1125 0.370833333333
245 0.453125 0.0 0.1125 0.370833333333
246 0.475 0.0 0.1125 0.370833333333
247 0.49375 0.0 0.1125 0.370833333333
248 0.515625 0.0 0.1125 0.370833333333
249 0.5375 0.0 0.1125 0.370833333333
250 0.553125 0.0 0.1125 0.370833333333
251 0.571875 0.0 0.1125 0.370833333333
252 0.584375 0.00833333333333 0.1125 0.370833333333
253 0.59375 0.00416666666667 0.1125 0.370833333333
254 0.59375 0.0291666666667 0.1125 0.370833333333
255 0.59375 0.0375 0.1125 0.370833333333
256 0.5875 0.05 0.1125 0.370833333333
257 0.56875 0.0541666666667 0.1125 0.370833333333
258 0.54375 0.0666666666667 0.1125 0.370833333333
259 0.51875 0.0708333333333 0.1125 0.370833333333
260 0.49375 0.0708333333333 0.1125 0.370833333333
261 0.465625 0.0666666666667 0.1125 0.370833333333
262 0.4375 0.0541666666667 0.1125 0.370833333333
263 0.409375 0.0791666666667 0.1125 0.370833333333
264 0.38125 0.0791666666667 0.1125 0.370833333333
265 0.359375 0.0791666666667 0.1125 0.370833333333
266 0.325 0.075 0.1125 0.370833333333
267 0.303125 0.0833333333333 0.1125 0.370833333333
268 0.26875 0.0916666666667 0.1125 0.370833333333
269 0.24375 0.0916666666667 0.1125 0.370833333333
270 0.21875 0.0833333333333 0.1125 0.370833333333
271 0.19375 0.0833333333333 0.1125 0.370833333333
272 0.16875 0.0791666666667 0.1125 0.370833333333
273 0.146875 0.0791666666667 0.1125 0.370833333333
274 0.125 0.0708333333333 0.1125 0.370833333333
275 0.109375 0.0541666666667 0.1125 0.370833333333
276 0.1 0.0541666666667 0.1125 0.370833333333
277 0.08125 0.0333333333333 0.1125 0.370833333333
278 0.071875 0.0291666666667 0.1125 0.370833333333
279 0.05625 0.0125 0.1125 0.370833333333
280 0.05 0.0 0.1125 0.370833333333
281 0.040625 0.0 0.1125 0.370833333333
282 0.034375 0.0 0.1125 0.370833333333
283 0.03125 0.0 0.1125 0.370833333333
284 0.03125 0.0 0.1125 0.370833333333
285 0.028125 0.0 0.1125 0.370833333333
286 0.028125 0.0 0.1125 0.370833333333
287 0.028125 0.0 0.1125 0.370833333333
288 0.028125 0.0 0.1125 0.370833333333
289 0.028125 0.0 0.1125 0.370833333333
290 0.028125 0.0 0.1125 0.370833333333
291 0.025 0.0 0.1125 0.370833333333
292 0.00625 0.0 0.1125 0.370833333333
293 0.00625 0.0 0.1125 0.370833333333
294 0.00625 0.0 0.1125 0.370833333333
295 0.0 0.0 0.1125 0.370833333333
296 0.0 0.0 0.1125 0.370833333333
297 0.0 0.0 0.1125 0.370833333333
298 0.0 0.0 0.1125 0.370833333333
299 0.0 0.0 0.1125 0.370833333333
300 0.0 0.0 0.1125 0.370833333333
301 0.0 0.0 0.1125 0.370833333333
302 0.0 0.0 0.1125 0.370833333333
303 0.0 0.0 0.1125 0.370833333333
304 0.009375 0.0 0.1125 0.370833333333
305 0.01875 0.0 0.1125 0.370833333333
306 0.028125 0.0 0.1125 0.370833333333
307 0.040625 0.0 0.1125 0.370833333333
308 0.059375 0.0 0.1125 0.370833333333
309 0.078125 0.0 0.1125 0.370833333333
310 0.10625 0.0 0.1125 0.370833333333
311 0.128125 0.025 0.1125 0.370833333333
312 0.15625 0.0416666666667 0.1125 0.370833333333
313 0.190625 0.0458333333333 0.1125 0.370833333333
314 0.225 0.0625 0.1125 0.370833333333
315 0.25625 0.0458333333333 0.1125 0.370833333333
316 0.2875 0.0625 0.1125 0.370833333333
317 0.325 0.0541666666667 0.1125 0.370833333333
318 0.353125 0.0375 0.1125 0.370833333333
319 0.375 0.0125 0.1125 0.370833333333
320 0.39375 0.0 0.1125 0.370833333333
321 0.409375 0.0 0.1125 0.370833333333
322 0.421875 0.0 0.1125 0.370833333333
323 0.428125 0.0 0.1125 0.370833333333
324 0.428125 0.0 0.1125 0.370833333333
325 0.425 0.0 0.1125 0.370833333333
326 0.415625 0.0 0.1125 0.370833333333
327 0.4 0.0 0.1125 0.370833333333
328 0.384375 0.0 0.1125 0.370833333333
329 0.365625 0.0 0.1125 0.370833333333
330 0.346875 0.0 0.1125 0.370833333333
331 0.334375 0.0 0.1125 0.370833333333
332 0.315625 0.0 0.1125 0.370833333333
333 0.29375 0.0 0.1125 0.370833333333
334 0.271875 0.0 0.1125 0.370833333333
335 0.246875 0.0 0.1125 0.370833333333
336 0.228125 0.0 0.1125 0.370833333333
337 0.20625 0.0 0.1125 0.370833333333
338 0.1875 0.0 0.1125 0.370833333333
339 0.175 0.0 0.1125 0.370833333333
340 0.165625 0.0 0.1125 0.370833333333
341 0.165625 0.0 0.1125 0.370833333333
342 0.1625 0.0 0.1125 0.370833333333
343 0.16875 0.0 0.1125 0.370833333333
344 0.1875 0.0208333333333 0.1125 0.370833333333
345 0.209375 0.0291666666667 0.1125 0.370833333333
346 0.234375 0.0375 0.1125 0.370833333333
347 0.265625 0.0375 0.1125 0.370833333333
348 0.29375 0.0333333333333 0.1125 0.370833333333
349 0.321875 0.0208333333333 0.1125 0.370833333333
350 0.35 0.0166666666667 0.1125 0.370833333333
351 0.371875 0.0125 0.1125 0.370833333333
352 0.4 0.0 0.1125 0.370833333333
353 0.415625 0.025 0.1125 0.370833333333
354 0.428125 0.025 0.1125 0.370833333333
355 0.44375 0.0208333333333 0.1125 0.370833333333
356 0.45 0.0458333333333 0.1125 0.370833333333
357 0.45 0.0458333333333 0.1125 0.370833333333
358 0.45 0.0666666666667 0.1125 0.370833333333
359 0.44375 0.0958333333333 0.1125 0.370833333333
360 0.425 0.116666666667 0.1125 0.370833333333
361 0.409375 0.125 0.1125 0.370833333333
362 0.390625 0.1375 0.1125 0.370833333333
363 0.371875 0.141666666667 0.1125 0.370833333333
364 0.353125 0.141666666667 0.1125 0.370833333333
365 0.328125 0.1375 0.1125 0.370833333333
366 0.296875 0.133333333333 0.1125 0.370833333333
367 0.2625 0.1125 0.1125 0.370833333333
368 0.240625 0.1125 0.1125 0.370833333333
369 0.215625 0.1 0.1125 0.370833333333
370 0.18125 0.075 0.1125 0.370833333333
371 0.146875 0.0708333333333 0.1125 0.370833333333
372 0.121875 0.0458333333333 0.1125 0.370833333333
373 0.096875 0.0125 0.1125 0.370833333333
374 0.075 0.0 0.1125 0.370833333333
375 0.05625 0.0 0.1125 0.370833333333
376 0.0375 0.0 0.1125 0.370833333333
377 0.028125 0.0 0.1125 0.370833333333
378 0.025 0.0 0.1125 0.370833333333
379 0.025 0.0 0.1125 0.370833333333
380 0.034375 0.0 0.1125 0.370833333333
381 0.046875 0.0 0.1125 0.370833333333
382 0.0625 0.0 0.1125 0.370833333333
383 0.071875 0.0 0.1125 0.370833333333
384 0.090625 0.0 0.1125 0.370833333333
385 0.103125 0.0 0.1125 0.370833333333
386 0.1125 0.0 0.1125 0.370833333333
387 0.13125 0.0 0.1125 0.370833333333
388 0.140625 0.0 0.1125 0.370833333333
389 0.15 0.0 0.1125 0.370833333333
390 0.159375 0.0 0.1125 0.370833333333
391 0.171875 0.0 0.1125 0.370833333333
392 0.190625 0.0 0.1125 0.370833333333
393 0.2 0.0 0.1125 0.370833333333
394 0.21875 0.0 0.1125 0.370833333333
395 0.234375 0.0 0.1125 0.370833333333
396 0.240625 0.0 0.1125 0.370833333333
397 0.253125 0.0 0.1125 0.370833333333
398 0.265625 0.0 0.1125 0.370833333333
399 0.271875 0.0 0.1125 0.370833333333
400 0.28125 0.0 0.1125 0.370833333333
401 0.284375 0.0 0.1125 0.370833333333
402 0.290625 0.0 0.1125 0.370833333333
403 0.296875 0.0 0.1125 0.370833333333
