./../data/Vid_B_cup.avi.avi
0 0.389601 0.384615 0.146011 0.244065
1 0.365625 0.408333333333 0.14375 0.241666666667
2 0.365625 0.408333333333 0.14375 0.241666666667
3 0.365625 0.408333333333 0.14375 0.241666666667
4 0.365625 0.408333333333 0.14375 0.241666666667
5 0.365625 0.408333333333 0.14375 0.241666666667
6 0.365625 0.4125 0.14375 0.241666666667
7 0.3625 0.4125 0.14375 0.241666666667
8 0.3625 0.4125 0.14375 0.241666666667
9 0.3625 0.416666666667 0.14375 0.241666666667
10 0.359375 0.425 0.14375 0.241666666667
11 0.35625 0.429166666667 0.14375 0.241666666667
12 0.35625 0.433333333333 0.14375 0.241666666667
13 0.35 0.433333333333 0.14375 0.241666666667
14 0.35 0.433333333333 0.14375 0.241666666667
15 0.35 0.429166666667 0.14375 0.241666666667
16 0.34375 0.4375 0.14375 0.241666666667
17 0.340625 0.433333333333 0.14375 0.241666666667
18 0.340625 0.433333333333 0.14375 0.241666666667
19 0.340625 0.433333333333 0.14375 0.241666666667
20 0.340625 0.429166666667 0.14375 0.241666666667
21 0.34375 0.425 0.14375 0.241666666667
22 0.35 0.420833333333 0.14375 0.241666666667
23 0.35 0.420833333333 0.14375 0.241666666667
24 0.353125 0.416666666667 0.14375 0.241666666667
25 0.359375 0.408333333333 0.14375 0.241666666667
26 0.3625 0.408333333333 0.14375 0.241666666667
27 0.365625 0.404166666667 0.14375 0.241666666667
28 0.375 0.404166666667 0.14375 0.241666666667
29 0.378125 0.4 0.14375 0.241666666667
30 0.378125 0.391666666667 0.14375 0.241666666667
31 0.378125 0.3875 0.14375 0.241666666667
32 0.375 0.383333333333 0.14375 0.241666666667
33 0.375 0.379166666667 0.14375 0.241666666667
34 0.365625 0.375 0.14375 0.241666666667
35 0.365625 0.370833333333 0.14375 0.241666666667
36 0.365625 0.370833333333 0.14375 0.241666666667
37 0.365625 0.375 0.14375 0.241666666667
38 0.359375 0.375 0.14375 0.241666666667
39 0.353125 0.383333333333 0.14375 0.241666666667
40 0.35 0.391666666667 0.14375 0.241666666667
41 0.35 0.408333333333 0.14375 0.241666666667
42 0.35 0.4125 0.14375 0.241666666667
43 0.34375 0.429166666667 0.14375 0.241666666667
44 0.34375 0.4375 0.14375 0.241666666667
45 0.34375 0.4375 0.14375 0.241666666667
46 0.340625 0.4375 0.14375 0.241666666667
47 0.33125 0.4375 0.14375 0.241666666667
48 0.325 0.4375 0.14375 0.241666666667
49 0.321875 0.441666666667 0.14375 0.241666666667
50 0.31875 0.4375 0.14375 0.241666666667
51 0.309375 0.420833333333 0.14375 0.241666666667
52 0.303125 0.4125 0.14375 0.241666666667
53 0.303125 0.404166666667 0.14375 0.241666666667
54 0.303125 0.404166666667 0.14375 0.241666666667
55 0.303125 0.404166666667 0.14375 0.241666666667
56 0.30625 0.391666666667 0.14375 0.241666666667
57 0.303125 0.391666666667 0.14375 0.241666666667
58 0.296875 0.3875 0.14375 0.241666666667
59 0.2625 0.370833333333 0.14375 0.241666666667
60 0.253125 0.370833333333 0.14375 0.241666666667
61 0.24375 0.2625 0.14375 0.241666666667
62 0.240625 0.25 0.14375 0.241666666667
63 0.234375 0.241666666667 0.14375 0.241666666667
64 0.21875 0.225 0.14375 0.241666666667
65 0.209375 0.241666666667 0.14375 0.241666666667
66 0.196875 0.245833333333 0.14375 0.241666666667
67 0.1875 0.245833333333 0.14375 0.241666666667
68 0.18125 0.233333333333 0.14375 0.241666666667
69 0.18125 0.233333333333 0.14375 0.241666666667
70 0.153125 0.225 0.14375 0.241666666667
71 0.14375 0.225 0.14375 0.241666666667
72 0.121875 0.233333333333 0.14375 0.241666666667
73 0.1125 0.2375 0.14375 0.241666666667
74 0.10625 0.229166666667 0.14375 0.241666666667
75 0.09375 0.220833333333 0.14375 0.241666666667
76 0.084375 0.220833333333 0.14375 0.241666666667
77 0.071875 0.220833333333 0.14375 0.241666666667
78 0.059375 0.220833333333 0.14375 0.241666666667
79 0.046875 0.220833333333 0.14375 0.241666666667
80 0.040625 0.220833333333 0.14375 0.241666666667
81 0.028125 0.241666666667 0.14375 0.241666666667
82 0.01875 0.241666666667 0.14375 0.241666666667
83 0.01875 0.220833333333 0.14375 0.241666666667
84 0.0125 0.220833333333 0.14375 0.241666666667
85 0.00625 0.233333333333 0.14375 0.241666666667
86 0.0 0.233333333333 0.14375 0.241666666667
87 0.0 0.241666666667 0.14375 0.241666666667
88 0.0 0.241666666667 0.14375 0.241666666667
89 0.0 0.241666666667 0.14375 0.241666666667
90 0.0 0.2375 0.14375 0.241666666667
91 0.0 0.233333333333 0.14375 0.241666666667
92 0.0 0.220833333333 0.14375 0.241666666667
93 0.0 0.2125 0.14375 0.241666666667
94 0.0 0.208333333333 0.14375 0.241666666667
95 0.0 0.208333333333 0.14375 0.241666666667
96 0.0 0.216666666667 0.14375 0.241666666667
97 0.0 0.216666666667 0.14375 0.241666666667
98 0.0 0.208333333333 0.14375 0.241666666667
99 0.0 0.204166666667 0.14375 0.241666666667
100 0.0 0.204166666667 0.14375 0.241666666667
101 0.0 0.204166666667 0.14375 0.241666666667
102 0.0 0.216666666667 0.14375 0.241666666667
103 0.0 0.216666666667 0.14375 0.241666666667
104 0.0 0.2 0.14375 0.241666666667
105 0.0 0.204166666667 0.14375 0.241666666667
106 0.0 0.220833333333 0.14375 0.241666666667
107 0.0 0.233333333333 0.14375 0.241666666667
108 0.0 0.229166666667 0.14375 0.241666666667
109 0.0 0.229166666667 0.14375 0.241666666667
110 0.0 0.225 0.14375 0.241666666667
111 0.0 0.225 0.14375 0.241666666667
112 0.0 0.229166666667 0.14375 0.241666666667
113 0.0 0.229166666667 0.14375 0.241666666667
114 0.0 0.225 0.14375 0.241666666667
115 0.0 0.2125 0.14375 0.241666666667
116 0.0 0.220833333333 0.14375 0.241666666667
117 0.0 0.220833333333 0.14375 0.241666666667
118 0.0 0.216666666667 0.14375 0.241666666667
119 0.0 0.195833333333 0.14375 0.241666666667
120 0.0 0.183333333333 0.14375 0.241666666667
121 0.0 0.145833333333 0.14375 0.241666666667
122 0.0 0.154166666667 0.14375 0.241666666667
123 0.0 0.145833333333 0.14375 0.241666666667
124 0.0 0.145833333333 0.14375 0.241666666667
125 0.0 0.145833333333 0.14375 0.241666666667
126 0.0 0.154166666667 0.14375 0.241666666667
127 0.0 0.154166666667 0.14375 0.241666666667
128 0.0 0.154166666667 0.14375 0.241666666667
129 0.0 0.154166666667 0.14375 0.241666666667
130 0.0 0.1625 0.14375 0.241666666667
131 0.0 0.1625 0.14375 0.241666666667
132 0.0 0.1625 0.14375 0.241666666667
133 0.0 0.170833333333 0.14375 0.241666666667
134 0.0 0.1625 0.14375 0.241666666667
135 0.0 0.158333333333 0.14375 0.241666666667
136 0.0 0.1625 0.14375 0.241666666667
137 0.0 0.170833333333 0.14375 0.241666666667
138 0.0 0.175 0.14375 0.241666666667
139 0.0 0.170833333333 0.14375 0.241666666667
140 0.0 0.170833333333 0.14375 0.241666666667
141 0.0 0.170833333333 0.14375 0.241666666667
142 0.0 0.1625 0.14375 0.241666666667
143 0.0 0.154166666667 0.14375 0.241666666667
144 0.0 0.145833333333 0.14375 0.241666666667
145 0.0 0.141666666667 0.14375 0.241666666667
146 0.0 0.15 0.14375 0.241666666667
147 0.05625 0.0583333333333 0.14375 0.241666666667
148 0.046875 0.0583333333333 0.14375 0.241666666667
149 0.034375 0.0541666666667 0.14375 0.241666666667
150 0.028125 0.0541666666667 0.14375 0.241666666667
151 0.009375 0.05 0.14375 0.241666666667
152 0.0 0.05 0.14375 0.241666666667
153 0.0 0.05 0.14375 0.241666666667
154 0.0 0.0458333333333 0.14375 0.241666666667
155 0.0 0.05 0.14375 0.241666666667
156 0.0 0.0416666666667 0.14375 0.241666666667
157 0.0 0.0333333333333 0.14375 0.241666666667
158 0.0 0.0458333333333 0.14375 0.241666666667
159 0.0 0.0458333333333 0.14375 0.241666666667
160 0.0 0.0416666666667 0.14375 0.241666666667
161 0.0 0.0375 0.14375 0.241666666667
162 0.0 0.05 0.14375 0.241666666667
163 0.0 0.133333333333 0.14375 0.241666666667
164 0.0 0.133333333333 0.14375 0.241666666667
165 0.096875 0.116666666667 0.14375 0.241666666667
166 0.084375 0.116666666667 0.14375 0.241666666667
167 0.06875 0.120833333333 0.14375 0.241666666667
168 0.065625 0.0833333333333 0.14375 0.241666666667
169 0.05625 0.0708333333333 0.14375 0.241666666667
170 0.046875 0.0708333333333 0.14375 0.241666666667
171 0.03125 0.075 0.14375 0.241666666667
172 0.021875 0.0791666666667 0.14375 0.241666666667
173 0.0125 0.0708333333333 0.14375 0.241666666667
174 0.0 0.0916666666667 0.14375 0.241666666667
175 0.0 0.0875 0.14375 0.241666666667
176 0.0 0.0666666666667 0.14375 0.241666666667
177 0.0 0.0625 0.14375 0.241666666667
178 0.0 0.0541666666667 0.14375 0.241666666667
179 0.0 0.0541666666667 0.14375 0.241666666667
180 0.0 0.0541666666667 0.14375 0.241666666667
181 0.0 0.05 0.14375 0.241666666667
182 0.0 0.0333333333333 0.14375 0.241666666667
183 0.0 0.0333333333333 0.14375 0.241666666667
184 0.0 0.0333333333333 0.14375 0.241666666667
185 0.0 0.0125 0.14375 0.241666666667
186 0.0 0.00833333333333 0.14375 0.241666666667
187 0.09375 0.116666666667 0.14375 0.241666666667
188 0.0875 0.116666666667 0.14375 0.241666666667
189 0.084375 0.1125 0.14375 0.241666666667
190 0.078125 0.1 0.14375 0.241666666667
191 0.078125 0.1375 0.14375 0.241666666667
192 0.078125 0.120833333333 0.14375 0.241666666667
193 0.071875 0.0958333333333 0.14375 0.241666666667
194 0.06875 0.1125 0.14375 0.241666666667
195 0.065625 0.125 0.14375 0.241666666667
196 0.0625 0.1125 0.14375 0.241666666667
197 0.059375 0.129166666667 0.14375 0.241666666667
198 0.053125 0.129166666667 0.14375 0.241666666667
199 0.046875 0.125 0.14375 0.241666666667
200 0.0375 0.120833333333 0.14375 0.241666666667
201 0.03125 0.1125 0.14375 0.241666666667
202 0.01875 0.1 0.14375 0.241666666667
203 0.0125 0.108333333333 0.14375 0.241666666667
204 0.003125 0.0791666666667 0.14375 0.241666666667
205 0.0 0.0833333333333 0.14375 0.241666666667
206 0.0 0.0833333333333 0.14375 0.241666666667
207 0.0 0.0833333333333 0.14375 0.241666666667
208 0.0 0.0875 0.14375 0.241666666667
209 0.0 0.0833333333333 0.14375 0.241666666667
210 0.0 0.0833333333333 0.14375 0.241666666667
211 0.0 0.0916666666667 0.14375 0.241666666667
212 0.0 0.120833333333 0.14375 0.241666666667
213 0.0 0.120833333333 0.14375 0.241666666667
214 0.0 0.0958333333333 0.14375 0.241666666667
215 0.0 0.0791666666667 0.14375 0.241666666667
216 0.0 0.0791666666667 0.14375 0.241666666667
217 0.0 0.0791666666667 0.14375 0.241666666667
218 0.0 0.0791666666667 0.14375 0.241666666667
219 0.0 0.0708333333333 0.14375 0.241666666667
220 0.0 0.0625 0.14375 0.241666666667
221 0.0 0.0791666666667 0.14375 0.241666666667
222 0.0 0.0791666666667 0.14375 0.241666666667
223 0.0 0.0291666666667 0.14375 0.241666666667
224 0.0 0.0291666666667 0.14375 0.241666666667
225 0.0 0.0541666666667 0.14375 0.241666666667
226 0.0 0.0541666666667 0.14375 0.241666666667
227 0.0 0.0625 0.14375 0.241666666667
228 0.0 0.0583333333333 0.14375 0.241666666667
229 0.0 0.05 0.14375 0.241666666667
230 0.0 0.05 0.14375 0.241666666667
231 0.0 0.0625 0.14375 0.241666666667
232 0.0 0.0708333333333 0.14375 0.241666666667
233 0.0 0.0625 0.14375 0.241666666667
234 0.0 0.0625 0.14375 0.241666666667
235 0.0 0.0625 0.14375 0.241666666667
236 0.0 0.0625 0.14375 0.241666666667
237 0.0 0.0625 0.14375 0.241666666667
238 0.03125 0.0416666666667 0.14375 0.241666666667
239 0.009375 0.0333333333333 0.14375 0.241666666667
240 0.0 0.025 0.14375 0.241666666667
241 0.0 0.0125 0.14375 0.241666666667
242 0.0 0.00833333333333 0.14375 0.241666666667
243 0.0 0.0 0.14375 0.241666666667
244 0.0 0.0 0.14375 0.241666666667
245 0.0 0.0 0.14375 0.241666666667
246 0.0 0.0 0.14375 0.241666666667
247 0.0 0.0 0.14375 0.241666666667
248 0.096875 0.0 0.14375 0.241666666667
249 0.0875 0.0 0.14375 0.241666666667
250 0.075 0.0208333333333 0.14375 0.241666666667
251 0.06875 0.0208333333333 0.14375 0.241666666667
252 0.071875 0.0208333333333 0.14375 0.241666666667
253 0.08125 0.025 0.14375 0.241666666667
254 0.096875 0.025 0.14375 0.241666666667
255 0.11875 0.0 0.14375 0.241666666667
256 0.134375 0.0 0.14375 0.241666666667
257 0.14375 0.0 0.14375 0.241666666667
258 0.15625 0.0 0.14375 0.241666666667
259 0.16875 0.0 0.14375 0.241666666667
260 0.175 0.0 0.14375 0.241666666667
261 0.18125 0.0 0.14375 0.241666666667
262 0.184375 0.0 0.14375 0.241666666667
263 0.190625 0.0 0.14375 0.241666666667
264 0.2 0.0 0.14375 0.241666666667
265 0.203125 0.0 0.14375 0.241666666667
266 0.209375 0.0 0.14375 0.241666666667
267 0.215625 0.0 0.14375 0.241666666667
268 0.21875 0.0 0.14375 0.241666666667
269 0.221875 0.0 0.14375 0.241666666667
270 0.225 0.0 0.14375 0.241666666667
271 0.228125 0.0 0.14375 0.241666666667
272 0.228125 0.0 0.14375 0.241666666667
273 0.228125 0.0 0.14375 0.241666666667
274 0.221875 0.0 0.14375 0.241666666667
275 0.215625 0.0 0.14375 0.241666666667
276 0.20625 0.0 0.14375 0.241666666667
277 0.196875 0.0 0.14375 0.241666666667
278 0.18125 0.0 0.14375 0.241666666667
279 0.16875 0.0 0.14375 0.241666666667
280 0.1625 0.0 0.14375 0.241666666667
281 0.15 0.0 0.14375 0.241666666667
282 0.140625 0.0 0.14375 0.241666666667
283 0.13125 0.0 0.14375 0.241666666667
284 0.128125 0.0 0.14375 0.241666666667
285 0.121875 0.0 0.14375 0.241666666667
286 0.11875 0.0 0.14375 0.241666666667
287 0.115625 0.0 0.14375 0.241666666667
288 0.109375 0.0 0.14375 0.241666666667
289 0.10625 0.0 0.14375 0.241666666667
290 0.1 0.0 0.14375 0.241666666667
291 0.09375 0.0 0.14375 0.241666666667
292 0.0875 0.0 0.14375 0.241666666667
293 0.078125 0.0 0.14375 0.241666666667
294 0.071875 0.0 0.14375 0.241666666667
295 0.0625 0.0 0.14375 0.241666666667
296 0.05625 0.0 0.14375 0.241666666667
297 0.046875 0.0 0.14375 0.241666666667
298 0.04375 0.0 0.14375 0.241666666667
299 0.040625 0.0 0.14375 0.241666666667
300 0.040625 0.0 0.14375 0.241666666667
301 0.040625 0.0 0.14375 0.241666666667
302 0.040625 0.0 0.14375 0.241666666667
303 0.040625 0.0 0.14375 0.241666666667
304 0.040625 0.0 0.14375 0.241666666667
305 0.04375 0.0 0.14375 0.241666666667
306 0.04375 0.0 0.14375 0.241666666667
307 0.04375 0.0 0.14375 0.241666666667
308 0.046875 0.0 0.14375 0.241666666667
309 0.053125 0.0 0.14375 0.241666666667
310 0.053125 0.0 0.14375 0.241666666667
311 0.05625 0.0 0.14375 0.241666666667
312 0.059375 0.0 0.14375 0.241666666667
313 0.059375 0.0 0.14375 0.241666666667
314 0.0625 0.0 0.14375 0.241666666667
315 0.0625 0.0 0.14375 0.241666666667
316 0.059375 0.0 0.14375 0.241666666667
317 0.05625 0.0 0.14375 0.241666666667
318 0.046875 0.0 0.14375 0.241666666667
319 0.04375 0.0 0.14375 0.241666666667
320 0.040625 0.0 0.14375 0.241666666667
321 0.034375 0.0 0.14375 0.241666666667
322 0.03125 0.0 0.14375 0.241666666667
323 0.028125 0.0 0.14375 0.241666666667
324 0.01875 0.0 0.14375 0.241666666667
325 0.0125 0.0 0.14375 0.241666666667
326 0.009375 0.0 0.14375 0.241666666667
327 0.0 0.0 0.14375 0.241666666667
328 0.0 0.0 0.14375 0.241666666667
329 0.0 0.0 0.14375 0.241666666667
330 0.0 0.0 0.14375 0.241666666667
331 0.0 0.0 0.14375 0.241666666667
332 0.0 0.0 0.14375 0.241666666667
333 0.0 0.0 0.14375 0.241666666667
334 0.0 0.0 0.14375 0.241666666667
335 0.0 0.0 0.14375 0.241666666667
336 0.0 0.0 0.14375 0.241666666667
337 0.0 0.0 0.14375 0.241666666667
338 0.0 0.0 0.14375 0.241666666667
339 0.0 0.0 0.14375 0.241666666667
340 0.0 0.0 0.14375 0.241666666667
341 0.0 0.0 0.14375 0.241666666667
342 0.0 0.0 0.14375 0.241666666667
343 0.0 0.0 0.14375 0.241666666667
344 0.0 0.0 0.14375 0.241666666667
345 0.0 0.0541666666667 0.14375 0.241666666667
346 0.046875 0.00833333333333 0.14375 0.241666666667
347 0.171875 0.0 0.14375 0.241666666667
348 0.16875 0.0 0.14375 0.241666666667
349 0.1625 0.0 0.14375 0.241666666667
350 0.1625 0.0333333333333 0.14375 0.241666666667
351 0.153125 0.0 0.14375 0.241666666667
352 0.13125 0.025 0.14375 0.241666666667
353 0.1125 0.025 0.14375 0.241666666667
354 0.140625 0.0 0.14375 0.241666666667
355 0.140625 0.0 0.14375 0.241666666667
356 0.13125 0.0 0.14375 0.241666666667
357 0.1875 0.0333333333333 0.14375 0.241666666667
358 0.16875 0.0208333333333 0.14375 0.241666666667
359 0.159375 0.0208333333333 0.14375 0.241666666667
360 0.128125 0.0291666666667 0.14375 0.241666666667
361 0.13125 0.0208333333333 0.14375 0.241666666667
362 0.146875 0.0416666666667 0.14375 0.241666666667
363 0.15625 0.0375 0.14375 0.241666666667
364 0.171875 0.0708333333333 0.14375 0.241666666667
365 0.16875 0.0666666666667 0.14375 0.241666666667
366 0.1625 0.0708333333333 0.14375 0.241666666667
367 0.171875 0.075 0.14375 0.241666666667
368 0.16875 0.104166666667 0.14375 0.241666666667
369 0.159375 0.1 0.14375 0.241666666667
370 0.159375 0.1 0.14375 0.241666666667
371 0.225 0.0416666666667 0.14375 0.241666666667
372 0.23125 0.025 0.14375 0.241666666667
373 0.228125 0.0375 0.14375 0.241666666667
374 0.221875 0.0875 0.14375 0.241666666667
375 0.234375 0.0375 0.14375 0.241666666667
376 0.2375 0.0833333333333 0.14375 0.241666666667
377 0.2 0.0125 0.14375 0.241666666667
378 0.2 0.0 0.14375 0.241666666667
379 0.190625 0.0375 0.14375 0.241666666667
380 0.2 0.0291666666667 0.14375 0.241666666667
381 0.178125 0.0 0.14375 0.241666666667
382 0.175 0.0 0.14375 0.241666666667
383 0.165625 0.00416666666667 0.14375 0.241666666667
384 0.15625 0.0 0.14375 0.241666666667
385 0.146875 0.0 0.14375 0.241666666667
386 0.146875 0.116666666667 0.14375 0.241666666667
387 0.0875 0.120833333333 0.14375 0.241666666667
388 0.0625 0.120833333333 0.14375 0.241666666667
389 0.04375 0.1 0.14375 0.241666666667
390 0.078125 0.104166666667 0.14375 0.241666666667
391 0.05 0.0458333333333 0.14375 0.241666666667
392 0.009375 0.0458333333333 0.14375 0.241666666667
393 0.0 0.0333333333333 0.14375 0.241666666667
394 0.0 0.0 0.14375 0.241666666667
395 0.0 0.0 0.14375 0.241666666667
396 0.0 0.0 0.14375 0.241666666667
397 0.0 0.0 0.14375 0.241666666667
398 0.0 0.00833333333333 0.14375 0.241666666667
399 0.0 0.0416666666667 0.14375 0.241666666667
400 0.0 0.0333333333333 0.14375 0.241666666667
401 0.0 0.0916666666667 0.14375 0.241666666667
402 0.0 0.129166666667 0.14375 0.241666666667
403 0.0 0.0 0.14375 0.241666666667
404 0.0 0.0 0.14375 0.241666666667
405 0.0 0.0 0.14375 0.241666666667
406 0.0 0.0 0.14375 0.241666666667
407 0.0 0.05 0.14375 0.241666666667
408 0.0 0.0416666666667 0.14375 0.241666666667
409 0.0 0.0375 0.14375 0.241666666667
410 0.0 0.0208333333333 0.14375 0.241666666667
411 0.0 0.0208333333333 0.14375 0.241666666667
412 0.0 0.00833333333333 0.14375 0.241666666667
413 0.0 0.00416666666667 0.14375 0.241666666667
414 0.0 0.0 0.14375 0.241666666667
415 0.0 0.0 0.14375 0.241666666667
416 0.0 0.0 0.14375 0.241666666667
417 0.0 0.0 0.14375 0.241666666667
418 0.0 0.0 0.14375 0.241666666667
419 0.0 0.0 0.14375 0.241666666667
420 0.0 0.025 0.14375 0.241666666667
421 0.0 0.0 0.14375 0.241666666667
422 0.0 0.0583333333333 0.14375 0.241666666667
423 0.0 0.0583333333333 0.14375 0.241666666667
424 0.0 0.075 0.14375 0.241666666667
425 0.0 0.0 0.14375 0.241666666667
426 0.0 0.0 0.14375 0.241666666667
427 0.0 0.0 0.14375 0.241666666667
428 0.0 0.0541666666667 0.14375 0.241666666667
429 0.0 0.1625 0.14375 0.241666666667
430 0.0 0.391666666667 0.14375 0.241666666667
431 0.0 0.391666666667 0.14375 0.241666666667
432 0.0125 0.366666666667 0.14375 0.241666666667
433 0.0 0.366666666667 0.14375 0.241666666667
434 0.0 0.370833333333 0.14375 0.241666666667
435 0.0 0.366666666667 0.14375 0.241666666667
436 0.0 0.408333333333 0.14375 0.241666666667
437 0.0 0.408333333333 0.14375 0.241666666667
438 0.0 0.4 0.14375 0.241666666667
439 0.0 0.316666666667 0.14375 0.241666666667
440 0.0 0.3 0.14375 0.241666666667
441 0.0875 0.316666666667 0.14375 0.241666666667
442 0.078125 0.316666666667 0.14375 0.241666666667
443 0.0625 0.333333333333 0.14375 0.241666666667
444 0.053125 0.3375 0.14375 0.241666666667
445 0.05625 0.470833333333 0.14375 0.241666666667
446 0.05625 0.470833333333 0.14375 0.241666666667
447 0.040625 0.679166666667 0.14375 0.241666666667
448 0.040625 0.720833333333 0.14375 0.241666666667
449 0.034375 0.716666666667 0.14375 0.241666666667
450 0.028125 0.758333333333 0.14375 0.241666666667
451 0.015625 0.758333333333 0.14375 0.241666666667
452 0.00625 0.754166666667 0.14375 0.241666666667
453 0.0 0.758333333333 0.14375 0.241666666667
454 0.0 0.758333333333 0.14375 0.241666666667
455 0.0 0.758333333333 0.14375 0.241666666667
456 0.0 0.758333333333 0.14375 0.241666666667
457 0.0 0.758333333333 0.14375 0.241666666667
458 0.0 0.758333333333 0.14375 0.241666666667
459 0.0 0.758333333333 0.14375 0.241666666667
460 0.0 0.758333333333 0.14375 0.241666666667
461 0.0 0.758333333333 0.14375 0.241666666667
462 0.0 0.758333333333 0.14375 0.241666666667
463 0.0 0.758333333333 0.14375 0.241666666667
464 0.0 0.758333333333 0.14375 0.241666666667
465 0.0 0.758333333333 0.14375 0.241666666667
466 0.0 0.758333333333 0.14375 0.241666666667
467 0.0 0.758333333333 0.14375 0.241666666667
468 0.0 0.758333333333 0.14375 0.241666666667
469 0.0 0.758333333333 0.14375 0.241666666667
470 0.021875 0.758333333333 0.14375 0.241666666667
471 0.0 0.758333333333 0.14375 0.241666666667
472 0.0 0.741666666667 0.14375 0.241666666667
473 0.0 0.741666666667 0.14375 0.241666666667
474 0.0 0.758333333333 0.14375 0.241666666667
475 0.0 0.758333333333 0.14375 0.241666666667
476 0.0 0.758333333333 0.14375 0.241666666667
477 0.0 0.758333333333 0.14375 0.241666666667
478 0.0 0.758333333333 0.14375 0.241666666667
479 0.0 0.758333333333 0.14375 0.241666666667
480 0.0 0.758333333333 0.14375 0.241666666667
481 0.0 0.758333333333 0.14375 0.241666666667
482 0.0 0.758333333333 0.14375 0.241666666667
483 0.0 0.758333333333 0.14375 0.241666666667
484 0.0 0.758333333333 0.14375 0.241666666667
485 0.0 0.758333333333 0.14375 0.241666666667
486 0.0 0.758333333333 0.14375 0.241666666667
487 0.0 0.758333333333 0.14375 0.241666666667
488 0.0 0.758333333333 0.14375 0.241666666667
489 0.0 0.758333333333 0.14375 0.241666666667
490 0.0 0.758333333333 0.14375 0.241666666667
491 0.0 0.758333333333 0.14375 0.241666666667
492 0.0 0.758333333333 0.14375 0.241666666667
493 0.0 0.758333333333 0.14375 0.241666666667
494 0.0 0.758333333333 0.14375 0.241666666667
495 0.0 0.758333333333 0.14375 0.241666666667
496 0.0 0.758333333333 0.14375 0.241666666667
497 0.0 0.758333333333 0.14375 0.241666666667
498 0.0 0.758333333333 0.14375 0.241666666667
499 0.0 0.733333333333 0.14375 0.241666666667
500 0.0 0.758333333333 0.14375 0.241666666667
501 0.0 0.758333333333 0.14375 0.241666666667
502 0.0 0.6625 0.14375 0.241666666667
503 0.0 0.6875 0.14375 0.241666666667
504 0.0 0.6875 0.14375 0.241666666667
505 0.0 0.75 0.14375 0.241666666667
506 0.0 0.758333333333 0.14375 0.241666666667
507 0.0 0.758333333333 0.14375 0.241666666667
508 0.0 0.691666666667 0.14375 0.241666666667
509 0.0 0.695833333333 0.14375 0.241666666667
510 0.0 0.758333333333 0.14375 0.241666666667
511 0.0 0.758333333333 0.14375 0.241666666667
512 0.0 0.758333333333 0.14375 0.241666666667
513 0.0 0.758333333333 0.14375 0.241666666667
514 0.0 0.758333333333 0.14375 0.241666666667
515 0.0 0.758333333333 0.14375 0.241666666667
516 0.0 0.758333333333 0.14375 0.241666666667
517 0.0 0.758333333333 0.14375 0.241666666667
518 0.0 0.758333333333 0.14375 0.241666666667
519 0.0 0.758333333333 0.14375 0.241666666667
520 0.0 0.741666666667 0.14375 0.241666666667
521 0.0 0.758333333333 0.14375 0.241666666667
522 0.003125 0.7125 0.14375 0.241666666667
523 0.0 0.758333333333 0.14375 0.241666666667
524 0.0 0.758333333333 0.14375 0.241666666667
525 0.0 0.758333333333 0.14375 0.241666666667
526 0.0 0.758333333333 0.14375 0.241666666667
527 0.0 0.758333333333 0.14375 0.241666666667
528 0.0 0.758333333333 0.14375 0.241666666667
529 0.0 0.758333333333 0.14375 0.241666666667
530 0.0 0.758333333333 0.14375 0.241666666667
531 0.0 0.758333333333 0.14375 0.241666666667
532 0.0 0.758333333333 0.14375 0.241666666667
533 0.0 0.758333333333 0.14375 0.241666666667
534 0.0 0.758333333333 0.14375 0.241666666667
535 0.0 0.758333333333 0.14375 0.241666666667
536 0.0 0.758333333333 0.14375 0.241666666667
537 0.0 0.758333333333 0.14375 0.241666666667
538 0.0 0.758333333333 0.14375 0.241666666667
539 0.0 0.758333333333 0.14375 0.241666666667
540 0.0 0.758333333333 0.14375 0.241666666667
541 0.0 0.758333333333 0.14375 0.241666666667
542 0.0 0.758333333333 0.14375 0.241666666667
543 0.0 0.758333333333 0.14375 0.241666666667
544 0.0 0.758333333333 0.14375 0.241666666667
545 0.0 0.758333333333 0.14375 0.241666666667
546 0.0 0.758333333333 0.14375 0.241666666667
547 0.0 0.758333333333 0.14375 0.241666666667
548 0.0 0.758333333333 0.14375 0.241666666667
549 0.0 0.758333333333 0.14375 0.241666666667
550 0.0 0.758333333333 0.14375 0.241666666667
551 0.0 0.758333333333 0.14375 0.241666666667
552 0.0 0.758333333333 0.14375 0.241666666667
553 0.0 0.758333333333 0.14375 0.241666666667
554 0.0 0.758333333333 0.14375 0.241666666667
555 0.0 0.758333333333 0.14375 0.241666666667
556 0.0 0.758333333333 0.14375 0.241666666667
557 0.0 0.758333333333 0.14375 0.241666666667
558 0.0 0.758333333333 0.14375 0.241666666667
559 0.0 0.758333333333 0.14375 0.241666666667
560 0.0 0.758333333333 0.14375 0.241666666667
561 0.0 0.758333333333 0.14375 0.241666666667
562 0.0 0.758333333333 0.14375 0.241666666667
563 0.0 0.758333333333 0.14375 0.241666666667
564 0.0 0.758333333333 0.14375 0.241666666667
565 0.0 0.758333333333 0.14375 0.241666666667
566 0.0 0.741666666667 0.14375 0.241666666667
567 0.0 0.758333333333 0.14375 0.241666666667
568 0.0 0.758333333333 0.14375 0.241666666667
569 0.0 0.758333333333 0.14375 0.241666666667
570 0.0 0.758333333333 0.14375 0.241666666667
571 0.0 0.758333333333 0.14375 0.241666666667
572 0.0 0.758333333333 0.14375 0.241666666667
573 0.0 0.758333333333 0.14375 0.241666666667
574 0.0 0.758333333333 0.14375 0.241666666667
575 0.0 0.758333333333 0.14375 0.241666666667
576 0.0 0.758333333333 0.14375 0.241666666667
577 0.0 0.758333333333 0.14375 0.241666666667
578 0.0 0.758333333333 0.14375 0.241666666667
579 0.0 0.758333333333 0.14375 0.241666666667
580 0.0 0.758333333333 0.14375 0.241666666667
581 0.0 0.758333333333 0.14375 0.241666666667
582 0.0 0.758333333333 0.14375 0.241666666667
583 0.0 0.758333333333 0.14375 0.241666666667
584 0.0 0.758333333333 0.14375 0.241666666667
585 0.0 0.758333333333 0.14375 0.241666666667
586 0.0 0.758333333333 0.14375 0.241666666667
587 0.0 0.758333333333 0.14375 0.241666666667
588 0.0 0.758333333333 0.14375 0.241666666667
589 0.0 0.758333333333 0.14375 0.241666666667
590 0.0 0.758333333333 0.14375 0.241666666667
591 0.0 0.758333333333 0.14375 0.241666666667
592 0.0 0.758333333333 0.14375 0.241666666667
593 0.0 0.758333333333 0.14375 0.241666666667
594 0.0 0.758333333333 0.14375 0.241666666667
595 0.0 0.758333333333 0.14375 0.241666666667
596 0.0 0.758333333333 0.14375 0.241666666667
597 0.0 0.758333333333 0.14375 0.241666666667
598 0.0 0.758333333333 0.14375 0.241666666667
599 0.0 0.758333333333 0.14375 0.241666666667
600 0.0 0.758333333333 0.14375 0.241666666667
601 0.0 0.758333333333 0.14375 0.241666666667
602 0.0 0.758333333333 0.14375 0.241666666667
603 0.0 0.758333333333 0.14375 0.241666666667
604 0.0 0.758333333333 0.14375 0.241666666667
605 0.0 0.758333333333 0.14375 0.241666666667
606 0.0 0.758333333333 0.14375 0.241666666667
607 0.0 0.758333333333 0.14375 0.241666666667
608 0.0 0.758333333333 0.14375 0.241666666667
609 0.0 0.758333333333 0.14375 0.241666666667
610 0.0 0.758333333333 0.14375 0.241666666667
611 0.08125 0.691666666667 0.14375 0.241666666667
612 0.078125 0.683333333333 0.14375 0.241666666667
613 0.071875 0.695833333333 0.14375 0.241666666667
614 0.059375 0.670833333333 0.14375 0.241666666667
615 0.059375 0.670833333333 0.14375 0.241666666667
616 0.05 0.654166666667 0.14375 0.241666666667
617 0.05 0.641666666667 0.14375 0.241666666667
618 0.05 0.641666666667 0.14375 0.241666666667
619 0.046875 0.641666666667 0.14375 0.241666666667
620 0.046875 0.629166666667 0.14375 0.241666666667
621 0.04375 0.629166666667 0.14375 0.241666666667
622 0.04375 0.629166666667 0.14375 0.241666666667
623 0.04375 0.629166666667 0.14375 0.241666666667
624 0.040625 0.608333333333 0.14375 0.241666666667
625 0.040625 0.608333333333 0.14375 0.241666666667
626 0.03125 0.441666666667 0.14375 0.241666666667
627 0.040625 0.395833333333 0.14375 0.241666666667
628 0.03125 0.379166666667 0.14375 0.241666666667
