./../data/Vid_E_person_partially_occluded.avi.avi
0 0.434343 0.184615 0.167388 0.675
1 0.434402717581 0.17499364804 0.16806927863 0.676680563105
2 0.438327186039 0.186957753098 0.16867663071 0.676412156116
3 0.440358966381 0.205512561579 0.16851707474 0.676440431058
4 0.442448205505 0.186058401252 0.168887321986 0.672023994863
5 0.447753854544 0.175463728986 0.168182922461 0.675565316687
6 0.44654945112 0.190256338536 0.166897737224 0.676166793061
7 0.446161585147 0.196666049405 0.168546582554 0.674379612714
8 0.450401010358 0.202671189871 0.16914257566 0.674362587045
9 0.448775063748 0.20273765526 0.168974484432 0.677082928423
10 0.449434950437 0.191634800944 0.168619268602 0.671762556228
11 0.449523113702 0.194387485991 0.168705786835 0.674276924292
12 0.450748355624 0.185314071128 0.169482297771 0.675795684491
13 0.447468200606 0.17564467287 0.169757262353 0.674589767466
14 0.454028498608 0.182535224911 0.169343623182 0.68039656085
15 0.451949165406 0.196936019762 0.169207987183 0.678315545271
16 0.449031846065 0.197336412717 0.169898391896 0.675279116746
17 0.452345519583 0.196903641101 0.169284884292 0.673285593178
18 0.449011792232 0.192272694593 0.168967236978 0.673561848346
19 0.456837125354 0.198560350698 0.168242021231 0.675299107127
20 0.451817841167 0.194449698499 0.169443866315 0.676313010939
21 0.454163837859 0.193795757876 0.168280671217 0.671616047097
22 0.453386833543 0.185275967138 0.168512788469 0.672205295998
23 0.451068338899 0.202499628671 0.16765203504 0.670685777029
24 0.456972121065 0.214551566422 0.168459280205 0.669920706345
25 0.455576636604 0.208779657306 0.168103608065 0.671024660421
26 0.447115272868 0.197489971553 0.168387526959 0.673806099135
27 0.454219570427 0.197470776727 0.168352113793 0.673019854473
28 0.447973867746 0.200471006608 0.169186030039 0.673816276884
29 0.456149065797 0.209362165177 0.168972804901 0.675275014069
30 0.450782696364 0.198343252332 0.168571010542 0.675531432288
31 0.452596115148 0.202572367423 0.168975036174 0.675361276907
32 0.45195251348 0.210349060529 0.16922491862 0.67567879983
33 0.45000205741 0.215463364466 0.168933748821 0.677451871733
34 0.45171949815 0.207567726618 0.168787883632 0.677479396172
35 0.451842296349 0.219390763873 0.168193923863 0.675884544082
36 0.451010004853 0.211935328981 0.168425935705 0.677248573023
37 0.445207637246 0.204159055994 0.169358147233 0.675634512291
38 0.447780566059 0.202552689998 0.169384419709 0.67592635427
39 0.448728602708 0.204455040991 0.168840415523 0.675455096194
40 0.447524689846 0.216019631756 0.168331570116 0.674952384545
41 0.447900230821 0.21991973808 0.168349157707 0.676209629141
42 0.445583725943 0.194341397333 0.169312565633 0.676013228105
43 0.448722288756 0.187862932207 0.168915381206 0.676067374994
44 0.451299292539 0.199918335728 0.167800770135 0.674777095891
45 0.449301541411 0.211251427139 0.168369890531 0.675795541352
46 0.454460047049 0.21155136549 0.168312590519 0.675011851607
47 0.451267137134 0.200432751064 0.16893250412 0.675875899234
48 0.449809621473 0.202688393197 0.168331990876 0.674679511363
49 0.454097514564 0.201483827309 0.168227139441 0.674063326563
50 0.457939737467 0.190037883734 0.168239191395 0.67533490178
51 0.459628108572 0.193653038146 0.168372909436 0.675390420968
52 0.460748262667 0.198263378837 0.16922863022 0.678135785539
53 0.4600132617 0.200874674549 0.16949716426 0.67334340003
54 0.460538419662 0.212796873127 0.16912388656 0.673012107612
55 0.468574325763 0.221475942101 0.169150015847 0.671463259821
56 0.469969597635 0.217199580244 0.168663722106 0.669068991914
57 0.470065884708 0.21385353067 0.168670249695 0.667355294126
58 0.471712765527 0.206398094654 0.168826602965 0.67035083861
59 0.466321482073 0.209356314853 0.168118129047 0.665500183936
60 0.468674275871 0.206936065436 0.167878781738 0.659723148344
61 0.466985759151 0.2191059499 0.168381969366 0.660602650067
62 0.461928856946 0.215098462004 0.169030471085 0.658437721842
63 0.453368191362 0.219581722044 0.168971056756 0.654830449492
64 0.450392457343 0.222298847314 0.168455729323 0.650418124695
65 0.449695565132 0.227098301025 0.167288287587 0.65178498912
66 0.43851926139 0.216446021985 0.168387519631 0.650772661072
67 0.436654434239 0.223649691589 0.169006350701 0.650587279287
68 0.431454720512 0.221652035203 0.168201177837 0.647450430183
69 0.429562252195 0.22266012747 0.168314140799 0.645696552203
70 0.418693020817 0.222126620475 0.168466220057 0.645630183876
71 0.413773599689 0.231148734509 0.168796522903 0.643315527956
72 0.40497513353 0.237590738858 0.168700467051 0.642150080278
73 0.398934480687 0.235038773878 0.169165723029 0.641141200584
74 0.397975153086 0.263929221861 0.168770649188 0.638207717299
75 0.387131865556 0.244666406767 0.170131554141 0.638629259995
76 0.389590592621 0.227606274299 0.168794757132 0.636586611288
77 0.388408941974 0.235425169142 0.169344586342 0.636661965577
78 0.385476402517 0.239114467164 0.169218385817 0.635198324113
79 0.384242880993 0.244851087294 0.169156311829 0.634797835712
80 0.379960686162 0.232896739428 0.168711478546 0.635066192553
81 0.385800379467 0.234859756804 0.168862221001 0.634863047061
82 0.393469070947 0.259033710831 0.169387612288 0.635593657288
83 0.391043779641 0.247276094386 0.168758135974 0.636125473656
84 0.395929528164 0.244960862436 0.168755758086 0.635648583799
85 0.392556680479 0.248188546228 0.168922184865 0.635934460186
86 0.387326171087 0.24569999769 0.168938193975 0.637344555403
87 0.387531459207 0.246971778289 0.168889536224 0.638515171794
88 0.38837142373 0.242144571549 0.169192674871 0.637993203965
89 0.382407309282 0.233346198837 0.168738564605 0.636307702032
90 0.385024065353 0.239258506697 0.168875224262 0.633811080766
91 0.383785889579 0.250044725131 0.168884931535 0.632141515935
92 0.38329848202 0.255359157479 0.169255534026 0.632505165251
93 0.376496615857 0.256393148716 0.169325734234 0.634372821009
94 0.375755404192 0.247752841302 0.168532247065 0.635506659528
95 0.373790685803 0.25789174734 0.168630804588 0.634961026033
96 0.370229598911 0.251204084186 0.168929749043 0.634055992292
97 0.369648305799 0.248128190465 0.168923260388 0.635053735353
98 0.363908636054 0.246781425385 0.168733501991 0.63162195229
99 0.358675254371 0.255761969076 0.169043493621 0.630757857863
100 0.35983623446 0.242809972085 0.168577155368 0.633987899953
101 0.357990732084 0.253274904218 0.168411721801 0.637905067679
102 0.357336394126 0.249723917496 0.169199193043 0.639762519703
103 0.349695918057 0.237727147782 0.169537680413 0.641304436828
104 0.352199892033 0.244774805595 0.169250712831 0.641409547797
105 0.351568786999 0.231004285076 0.16924184501 0.639619945383
106 0.34925655216 0.215239777771 0.169020782216 0.636841998611
107 0.353337729323 0.230976358013 0.168946461411 0.63783825446
108 0.362298852006 0.229913219829 0.168967444474 0.637048266287
109 0.359215849659 0.205657307789 0.168555701216 0.63728356894
110 0.365816966862 0.198604556588 0.168662888095 0.638287749951
111 0.371883592731 0.217913975972 0.168238017005 0.640677254235
112 0.372534631334 0.221525485409 0.168721775423 0.640173326155
113 0.371131739783 0.228421397429 0.169243967534 0.637628603292
114 0.36803874878 0.236413410246 0.169056874183 0.638220669219
115 0.36899409127 0.218608456843 0.169295266742 0.637181266843
116 0.374056128469 0.211977498074 0.167956989709 0.637234117627
117 0.375492685516 0.22548825942 0.168476602141 0.637556606879
118 0.378064245917 0.226248024079 0.168988397512 0.635937348347
119 0.377259878598 0.223084755208 0.169397846533 0.635624268412
120 0.38010958226 0.22132294903 0.169318103986 0.635636703087
121 0.385221549986 0.226130553905 0.169039045075 0.63456559888
122 0.385651586956 0.246675662759 0.168729970039 0.635372842817
123 0.389267607776 0.238326225031 0.168258122496 0.634942148698
124 0.391607073438 0.233999515201 0.168292793497 0.633714958465
125 0.39099059336 0.232799200365 0.169039761634 0.634384077211
126 0.38806272965 0.226680066957 0.169105890663 0.633794934953
127 0.388091120418 0.222944433743 0.169130823956 0.634213396144
128 0.383688701181 0.240109330759 0.169089615331 0.633478051872
129 0.374535876203 0.233619356138 0.169003594464 0.633438993636
130 0.370038286327 0.218113692581 0.168979239404 0.632111897431
131 0.369012016818 0.214644972117 0.168900770149 0.632477856461
132 0.365778819064 0.224922634426 0.168495043672 0.632322968071
133 0.360058183151 0.2261103625 0.168786937104 0.63344696733
134 0.354376492681 0.223972746875 0.168411842714 0.633451147067
135 0.347585222447 0.222112799502 0.168094812635 0.632686488092
136 0.344114341853 0.20850565724 0.16819783118 0.634225306815
137 0.344968680334 0.203239845519 0.168548690063 0.635772096886
138 0.344797338045 0.221176928538 0.168459631108 0.635648458276
139 0.344214683082 0.210339741094 0.168402944932 0.633365780711
140 0.342241166904 0.210723859969 0.168826717762 0.633424908193
141 0.344021915524 0.2098074182 0.168886001713 0.633973610554
142 0.344588845189 0.211533623842 0.168478832557 0.633487303382
143 0.35360033807 0.223660852924 0.169244873529 0.632880941794
144 0.346282494358 0.217175967207 0.168818526394 0.633295314065
145 0.350824821338 0.22279836198 0.168396937779 0.635170763769
146 0.351980975003 0.22997683875 0.169488384791 0.634005387992
147 0.350710191948 0.229118558925 0.169094169257 0.63339384247
148 0.353167849004 0.232842009119 0.168950825269 0.633379104401
149 0.349694211028 0.240228388355 0.169934017069 0.62897041634
150 0.351597731631 0.245397659879 0.168866914182 0.627476404261
151 0.352752663285 0.228658747513 0.168505976964 0.62726055521
152 0.346603595205 0.210604403427 0.168609974445 0.627291052342
153 0.351248184593 0.217482245968 0.168482060186 0.626591329742
154 0.340685419504 0.199458486674 0.168739643516 0.62581940815
155 0.334098071158 0.182598862264 0.169352473593 0.627049175035
156 0.33589566263 0.171567112961 0.16974291238 0.627865624145
157 0.337589008101 0.166141860701 0.168907836463 0.624882232533
158 0.330031250099 0.188271148179 0.168888752679 0.62687433602
159 0.332096263806 0.185840787654 0.169481240885 0.625470411496
160 0.33510743548 0.187672047521 0.169932510069 0.622424084671
161 0.338987576837 0.188403372334 0.169156544444 0.620853842299
162 0.335566473946 0.19377514691 0.168642178288 0.620991212906
163 0.329792967721 0.183908508503 0.168484092009 0.623059611937
164 0.314877104771 0.20122755674 0.168663078094 0.623424183174
165 0.302422458495 0.238108979625 0.168794826269 0.623793022876
166 0.322375349165 0.263986348799 0.169258038226 0.62426277251
167 0.327542181515 0.232812475273 0.169434794378 0.624053415277
168 0.331031196039 0.221892070464 0.169438218776 0.62531339555
169 0.323913809727 0.242189855506 0.169444111795 0.625490065746
170 0.322699921137 0.259759040013 0.169085678715 0.625499975335
171 0.329316106589 0.266301439625 0.168635536746 0.626149286084
172 0.333390044141 0.285413233719 0.16843219615 0.625685940601
173 0.330956505517 0.31207098326 0.168264135693 0.626925805004
174 0.345068290729 0.300686019157 0.168320718038 0.626259776479
175 0.333974800803 0.310671162478 0.168159310265 0.625803077968
176 0.343646758703 0.314335692608 0.168522507788 0.624565559724
177 0.344136097328 0.309915569336 0.168713402926 0.623685611242
178 0.347858971878 0.305384183205 0.168786665792 0.623703616803
179 0.342359291202 0.305638542622 0.168646159786 0.621876001468
180 0.335392358028 0.289929175423 0.16901846744 0.624486619125
181 0.339389790424 0.30670547286 0.168779638186 0.623717600278
182 0.337753472085 0.321449590624 0.168611179172 0.624472236123
183 0.330776026206 0.320678300516 0.16854396797 0.624673712475
184 0.333103908226 0.353926181982 0.168652010161 0.62496297239
185 0.326720521463 0.33741364177 0.16854269738 0.626485897962
186 0.332783545082 0.346258047196 0.168743793239 0.626821886174
187 0.32828304853 0.337228151944 0.168554917179 0.626305593774
188 0.33182007511 0.346698754959 0.169084937955 0.625350858153
189 0.331147536274 0.371441545951 0.168690177269 0.626241488554
190 0.338455535264 0.363148196082 0.168888702926 0.627466413494
191 0.338843015057 0.371344317595 0.168641099495 0.626850869197
192 0.336458857936 0.361201357102 0.168325870445 0.625653718666
193 0.337352993219 0.3527475969 0.168463669074 0.625909348448
194 0.333061084901 0.349161504351 0.168580508989 0.624701504366
195 0.336496769362 0.351038924985 0.168912041888 0.625064209674
196 0.337907468017 0.362605220443 0.168922358884 0.625105658769
197 0.326819478203 0.343651611558 0.169186727221 0.624567817973
198 0.327265435229 0.318988758932 0.169807580086 0.623967251294
199 0.331561432071 0.280939318005 0.169214328677 0.62474074994
200 0.333451585734 0.275053523101 0.16805727585 0.625848142777
201 0.329732754296 0.29340270023 0.168375738729 0.627307548923
202 0.344820461937 0.297441145004 0.169003065536 0.627729277659
203 0.365313645714 0.288767632885 0.169030931269 0.626790121281
204 0.352796691023 0.304023335993 0.168280565852 0.627572670758
205 0.327326183235 0.361830727428 0.16879786007 0.628052738407
206 0.350799326961 0.303224852058 0.168995047949 0.626021204135
207 0.362548672396 0.250992889071 0.169323006454 0.625186961292
208 0.361495360857 0.272298048725 0.169589219788 0.625318281652
209 0.36396432618 0.274983802387 0.16926566989 0.624673659794
210 0.358238615353 0.262870862473 0.16886835021 0.625061765455
211 0.361764102263 0.237472666687 0.169028122517 0.625224507396
212 0.353217663268 0.24115740987 0.168814771434 0.625415066167
213 0.358459801588 0.246625811025 0.16853962325 0.624238879205
214 0.352624637827 0.24466160343 0.168843596022 0.626614549987
215 0.357039115812 0.262029865992 0.169021002574 0.625561363465
216 0.361691959312 0.238447233648 0.168894048025 0.6257884723
217 0.365418094808 0.256287833129 0.169025913797 0.625671147369
218 0.372459244137 0.255104395353 0.168865616036 0.626624304271
219 0.369102757623 0.250134967759 0.168754733328 0.625752832596
220 0.36902317069 0.24702284263 0.16852045233 0.625078995794
221 0.376087190643 0.238470846588 0.168646621312 0.624890108108
222 0.378857376917 0.243794824834 0.168483539124 0.626050004265
223 0.376838640489 0.253394097244 0.168807234383 0.62612090976
224 0.382889212595 0.263914949391 0.168954955394 0.625594661583
225 0.391842300563 0.267011708313 0.168735685182 0.624384521879
226 0.390056224112 0.263040074306 0.168826535801 0.623982710917
227 0.391326588439 0.263289103378 0.168725450062 0.624409375083
228 0.391000454043 0.285396471468 0.169378132431 0.625470423275
229 0.392188469477 0.25922928666 0.169574242711 0.627378066057
230 0.393998979204 0.261463425492 0.169527711777 0.626995105918
231 0.391838267193 0.266788225614 0.168938411522 0.627107581582
232 0.395813217946 0.2594552909 0.16867054486 0.627249315568
233 0.39226810804 0.246386976993 0.16823879451 0.626668450823
234 0.404380069739 0.25487209732 0.168245717035 0.627707035058
235 0.412324088784 0.244391579455 0.168684661348 0.626728671567
236 0.426588017042 0.250073557147 0.168846074531 0.626212331563
237 0.441008803673 0.246860241898 0.169142132344 0.626110622222
238 0.460500665559 0.255402068827 0.168966347778 0.626438128088
239 0.463266880527 0.253840679047 0.169068741058 0.625783435286
240 0.475094580624 0.268246421313 0.168877708704 0.625621902145
241 0.483775336934 0.258467016711 0.168676864563 0.626018683079
242 0.48647052957 0.272725624214 0.168902798307 0.624749588748
243 0.485549812772 0.255192110653 0.169280797385 0.625172755263
244 0.48964478447 0.250909635519 0.168506941017 0.623325803282
245 0.489171017211 0.25324980009 0.168627009746 0.623033935225
246 0.496390230228 0.262984345518 0.168417693446 0.62468911744
247 0.500847616202 0.270137021691 0.168417322345 0.62389955293
248 0.503866278741 0.260491014385 0.16821179212 0.625385118437
249 0.503679777617 0.269043505933 0.16821028234 0.624529627353
250 0.507229865679 0.266222281276 0.168755230243 0.624172102145
251 0.506302638711 0.258242977591 0.168392282317 0.624658490397
252 0.502981514941 0.250126319235 0.168736085737 0.623730127069
253 0.502607372101 0.253482513796 0.168478817215 0.625332598055
254 0.49500328227 0.239722689793 0.168330230405 0.62625802058
255 0.493356672495 0.242972042335 0.168550457514 0.627291620236
256 0.493583558724 0.246111463851 0.168241176065 0.627410635208
257 0.492888650593 0.246652474102 0.168261985388 0.624909969913
258 0.498792976743 0.252865214833 0.168313456824 0.624448786873
259 0.504203447589 0.271837672508 0.168288484773 0.625107348041
260 0.501139951612 0.269131216505 0.168848212872 0.625044503543
261 0.501218691049 0.245336373926 0.168956902484 0.625462275708
262 0.503122915925 0.251900534144 0.168772075323 0.624897869925
263 0.504438732602 0.256344693486 0.169030532202 0.624426317789
264 0.502360547024 0.246163999149 0.168991791636 0.623210417963
265 0.496450905462 0.244628864496 0.170048640989 0.626719122623
266 0.497506619529 0.237458735592 0.169552495047 0.626476207498
267 0.498937444592 0.228677987686 0.169208995894 0.627051642055
268 0.495186187796 0.238003414219 0.169001521208 0.627042795083
269 0.499108354343 0.237204407288 0.168552099529 0.629218614611
270 0.490504192675 0.245374139771 0.168809378753 0.627654560481
271 0.490075081841 0.264795584157 0.168924010839 0.627834571884
272 0.485236738766 0.260283640517 0.169144919294 0.627233407537
273 0.487353663275 0.245497620406 0.169112863903 0.627563552408
274 0.481190532897 0.245550889287 0.16856118033 0.627606776979
275 0.485996186825 0.243248228369 0.169183023866 0.630264562747
276 0.473592026053 0.240589289462 0.168881564895 0.631925772755
277 0.472944326447 0.249912808589 0.168838341026 0.631654533071
278 0.476645769801 0.2706096172 0.169045743081 0.630060018222
279 0.482479294716 0.256745818141 0.168903836673 0.629460030732
280 0.492166376322 0.256570891704 0.168751309757 0.629718686521
281 0.500975151666 0.241597452853 0.169110793886 0.629204157287
282 0.517139124518 0.238029122828 0.169312351002 0.630641709077
283 0.53336544463 0.243332995685 0.169229711879 0.633409917862
284 0.556420973736 0.247269144555 0.16904743558 0.631257568461
285 0.568561492171 0.232821306297 0.169300535206 0.631096328271
286 0.575429350637 0.232244721568 0.168838680129 0.632541574937
287 0.585672229917 0.234298006828 0.168883785245 0.629299965536
288 0.593245592472 0.228592569101 0.169049173595 0.629408147108
289 0.601389267713 0.23126373626 0.168674314421 0.627898326491
290 0.612366513875 0.232308519704 0.168220812873 0.628529382636
291 0.612629915777 0.227305017873 0.16853437431 0.628135754134
292 0.611084960066 0.216977240803 0.168982461623 0.627719947027
293 0.615609906126 0.227022327485 0.1691638781 0.627679003748
294 0.612302185828 0.234333311027 0.169224805822 0.630553792379
295 0.612612758503 0.218536848406 0.169040547693 0.630878311135
296 0.614307650922 0.225103638252 0.16911277252 0.630290328761
297 0.614913544077 0.230321621042 0.168980126706 0.62950581083
298 0.612848285424 0.233830688237 0.168798485804 0.629096990833
299 0.610082559075 0.219784173181 0.168733828652 0.627586988925
300 0.610186860008 0.225835153617 0.168749375436 0.630122598431
301 0.614062143465 0.229727969684 0.168817487591 0.629648066885
302 0.61638092665 0.240962834764 0.168525520806 0.631481136675
303 0.615291030815 0.22683433574 0.16842936034 0.63290110105
304 0.615346814178 0.23539376389 0.168792222828 0.635254314517
