./../data/Vid_F_person_fully_occluded.avi.avi
0 0.316017 0.176923 0.122655 0.634615
1 0.363272381731 0.282713890177 0.122655 0.634615
2 0.374975346433 0.301097441778 0.122655 0.634615
3 0.386766095574 0.2628432294 0.122655 0.634615
4 0.386047517397 0.262536775923 0.122655 0.634615
5 0.389082478813 0.305614526465 0.122655 0.634615
6 0.397193127677 0.298636288995 0.122655 0.634615
7 0.403783887688 0.285813283475 0.122655 0.634615
8 0.411323262242 0.262081432845 0.122655 0.634615
9 0.403582136635 0.287749669414 0.122655 0.634615
10 0.385816483175 0.325622796531 0.122655 0.634615
11 0.400299267707 0.294623944385 0.122655 0.634615
12 0.397339394181 0.279640127695 0.122655 0.634615
13 0.396911518517 0.290361516518 0.122655 0.634615
14 0.399525537451 0.289681205085 0.122655 0.634615
15 0.386342428189 0.305550564873 0.122655 0.634615
16 0.401859087757 0.283378656063 0.122655 0.634615
17 0.402662985237 0.304642710078 0.122655 0.634615
18 0.402666969366 0.296068406155 0.122655 0.634615
19 0.40656027056 0.299245890844 0.122655 0.634615
20 0.403932998524 0.289116755963 0.122655 0.634615
21 0.3955209609 0.303644514403 0.122655 0.634615
22 0.391116256871 0.3124962746 0.122655 0.634615
23 0.376896489977 0.278455598567 0.122655 0.634615
24 0.383596560399 0.270496781058 0.122655 0.634615
25 0.392462727727 0.271384208176 0.122655 0.634615
26 0.382634403514 0.276539872196 0.122655 0.634615
27 0.389317728353 0.275202268742 0.122655 0.634615
28 0.391233147843 0.296560169396 0.122655 0.634615
29 0.390031042758 0.307664859189 0.122655 0.634615
30 0.383771787541 0.300917386097 0.122655 0.634615
31 0.384458194015 0.295079519101 0.122655 0.634615
32 0.391715877519 0.297011224995 0.122655 0.634615
33 0.388110164647 0.266485307597 0.122655 0.634615
34 0.400381283341 0.254367955839 0.122655 0.634615
35 0.398699718424 0.25833836778 0.122655 0.634615
36 0.397677594824 0.286089451785 0.122655 0.634615
37 0.399435023954 0.290907064709 0.122655 0.634615
38 0.401970574131 0.302466008147 0.122655 0.634615
39 0.393950991312 0.289474413737 0.122655 0.634615
40 0.398196855621 0.299934962106 0.122655 0.634615
41 0.397265379043 0.313346938422 0.122655 0.634615
42 0.378363777782 0.31977484108 0.122655 0.634615
43 0.392196908419 0.294453794832 0.122655 0.634615
44 0.407522731258 0.300021791815 0.122655 0.634615
45 0.418481406603 0.300444513214 0.122655 0.634615
46 0.420236090749 0.257764871711 0.122655 0.634615
47 0.40816780037 0.290458405126 0.122655 0.634615
48 0.40349607868 0.273678129107 0.122655 0.634615
49 0.410659980114 0.289024354131 0.122655 0.634615
50 0.40724211985 0.295982614703 0.122655 0.634615
51 0.407839090956 0.305234717717 0.122655 0.634615
52 0.408299553108 0.293155868248 0.122655 0.634615
53 0.410034387875 0.333779442163 0.122655 0.634615
54 0.412385110167 0.319839385501 0.122655 0.634615
55 0.415657411071 0.31601801516 0.122655 0.634615
56 0.409025802597 0.314559889491 0.122655 0.634615
57 0.408910770138 0.292255325922 0.122655 0.634615
58 0.425454102778 0.304861338779 0.122655 0.634615
59 0.435118214136 0.306674347863 0.122655 0.634615
60 0.444705776037 0.319207684153 0.122655 0.634615
61 0.447347984088 0.310110380739 0.122655 0.634615
62 0.444802516818 0.3010259268 0.122655 0.634615
63 0.450840612351 0.302776862169 0.122655 0.634615
64 0.447599929482 0.308477719096 0.122655 0.634615
65 0.450875981156 0.311468762436 0.122655 0.634615
66 0.446208803027 0.311646160086 0.122655 0.634615
67 0.451627638055 0.308941567026 0.122655 0.634615
68 0.465062405861 0.313724685127 0.122655 0.634615
69 0.465860330476 0.333986909296 0.122655 0.634615
70 0.473784471447 0.324657237437 0.122655 0.634615
71 0.473810316202 0.306001117202 0.122655 0.634615
72 0.48011870432 0.316455020304 0.122655 0.634615
73 0.489500237942 0.305819802982 0.122655 0.634615
74 0.460046688241 0.318714448337 0.122655 0.634615
75 0.446221128099 0.315979722203 0.122655 0.634615
76 0.455970935152 0.312482792823 0.122655 0.634615
77 0.448869435864 0.318235498286 0.122655 0.634615
78 0.441060457013 0.307543968269 0.122655 0.634615
79 0.444624889335 0.296014198613 0.122655 0.634615
80 0.449452214579 0.256232698318 0.122655 0.634615
81 0.452374420706 0.230484293212 0.122655 0.634615
82 0.444448478225 0.262646641637 0.122655 0.634615
83 0.427176315156 0.286135766515 0.122655 0.634615
84 0.376291322635 0.307055577458 0.122655 0.634615
85 0.351251157907 0.308407936056 0.122655 0.634615
86 0.398753511733 0.323241207927 0.122655 0.634615
87 0.415169182253 0.273545430443 0.122655 0.634615
88 0.422091244658 0.198772977122 0.122655 0.634615
89 0.423667357215 0.20201372874 0.122655 0.634615
90 0.436631186364 0.202453349699 0.122655 0.634615
91 0.437444307862 0.211882818979 0.122655 0.634615
92 0.432404218079 0.234602330849 0.122655 0.634615
93 0.419652034374 0.25742616323 0.122655 0.634615
94 0.414646735433 0.279702211497 0.122655 0.634615
95 0.410144615653 0.305725760687 0.122655 0.634615
96 0.410954867094 0.340706005509 0.122655 0.634615
97 0.414041243106 0.339218862433 0.122655 0.634615
98 0.401832967104 0.349680591357 0.122655 0.634615
99 0.401832142145 0.392287897044 0.122655 0.634615
100 0.40369966427 0.383912366053 0.122655 0.634615
101 0.404694212611 0.364913310254 0.122655 0.634615
102 0.396651317969 0.350223458341 0.122655 0.634615
103 0.374528946523 0.330543143643 0.122655 0.634615
104 0.358056783547 0.294215617122 0.122655 0.634615
105 0.336962035421 0.291656900005 0.122655 0.634615
106 0.286610248635 0.297491948449 0.122655 0.634615
107 0.244961024924 0.307593237526 0.122655 0.634615
108 0.221757345541 0.321487987885 0.122655 0.634615
109 0.208625189724 0.321431666947 0.122655 0.634615
110 0.207943995913 0.301023850715 0.122655 0.634615
111 0.160444551301 0.292250395009 0.122655 0.634615
112 0.073109648324 0.283051383111 0.122655 0.634615
113 0.0391925957275 0.306654324679 0.122655 0.634615
114 0.0336793000017 0.328030824059 0.122655 0.634615
115 0.0125061278386 0.340314520118 0.122655 0.634615
116 0.00367293021279 0.320627367559 0.122655 0.634615
117 0.00314906717753 0.316782902875 0.122655 0.634615
118 0.0079041880435 0.296985333561 0.122655 0.634615
119 0.0141970109381 0.292861611708 0.122655 0.634615
120 0.0185175040929 0.325806491582 0.122655 0.634615
121 0.0166562781876 0.28665408541 0.122655 0.634615
122 0.0265419506188 0.313768814787 0.122655 0.634615
123 0.0658045317217 0.314797015978 0.122655 0.634615
124 0.0866609490303 0.331641726732 0.122655 0.634615
125 0.150049069418 0.320739853268 0.122655 0.634615
126 0.11644750554 0.328549561613 0.122655 0.634615
127 0.121926626067 0.333284348352 0.122655 0.634615
128 0.14762480348 0.33564701705 0.122655 0.634615
129 0.135866666863 0.338191112915 0.122655 0.634615
130 0.170317369961 0.335014358324 0.122655 0.634615
131 0.203060355672 0.324817401177 0.122655 0.634615
132 0.211595763723 0.315995688791 0.122655 0.634615
133 0.189013211715 0.313465322358 0.122655 0.634615
134 0.175049446076 0.31005792103 0.122655 0.634615
135 0.179211151492 0.310143740983 0.122655 0.634615
136 0.189115826525 0.280169697395 0.122655 0.634615
137 0.180908675691 0.284402229427 0.122655 0.634615
138 0.183028487197 0.278490007408 0.122655 0.634615
139 0.176204990218 0.281855529805 0.122655 0.634615
140 0.190527925386 0.300466460183 0.122655 0.634615
141 0.208753795001 0.345889934964 0.122655 0.634615
142 0.229126014749 0.367238553654 0.122655 0.634615
143 0.215367512091 0.341270345587 0.122655 0.634615
144 0.178283817404 0.332996173043 0.122655 0.634615
145 0.14213376475 0.306771389597 0.122655 0.634615
146 0.118628657459 0.294719473098 0.122655 0.634615
147 0.0895086327918 0.279151855028 0.122655 0.634615
148 0.0561073482148 0.323308936501 0.122655 0.634615
149 0.0246539471912 0.336188041151 0.122655 0.634615
150 0.0 0.34722742573 0.122655 0.634615
151 0.0 0.376577879028 0.122655 0.634615
152 0.0 0.447428853287 0.122655 0.634615
153 3.25631819208e-05 0.520946153118 0.122655 0.634615
154 0.0 0.567043660251 0.122655 0.634615
155 0.0252245579912 0.603924894763 0.122655 0.634615
156 0.2875 0.545833333333 0.122655 0.634615
157 0.271875 0.420833333333 0.122655 0.634615
158 0.257400441743 0.271618944147 0.122655 0.634615
159 0.270401804765 0.245999230909 0.122655 0.634615
160 0.280890841365 0.263362278265 0.122655 0.634615
161 0.271294593887 0.278181194319 0.122655 0.634615
162 0.3213521108 0.267371503452 0.122655 0.634615
163 0.36649397648 0.2624885677 0.122655 0.634615
164 0.413951287365 0.239839299597 0.122655 0.634615
165 0.369061421424 0.206023834101 0.122655 0.634615
166 0.425442105918 0.22534412835 0.122655 0.634615
167 0.416396558477 0.282635235266 0.122655 0.634615
168 0.408857074536 0.291607938491 0.122655 0.634615
169 0.439894725755 0.263633507376 0.122655 0.634615
170 0.45749650445 0.283079752135 0.122655 0.634615
171 0.431409620873 0.261825017679 0.122655 0.634615
172 0.441526539054 0.240507591957 0.122655 0.634615
173 0.454605531377 0.233701953614 0.122655 0.634615
174 0.449962007902 0.255268771822 0.122655 0.634615
175 0.425223718275 0.132946368571 0.122655 0.634615
176 0.414123319663 0.0612134772365 0.122655 0.634615
177 0.355972131514 0.120783991285 0.122655 0.634615
178 0.304751422685 0.162433808171 0.122655 0.634615
179 0.259113954407 0.150238271097 0.122655 0.634615
180 0.242311292263 0.192469833072 0.122655 0.634615
181 0.24679059018 0.230881228449 0.122655 0.634615
182 0.229670221284 0.248156309859 0.122655 0.634615
183 0.222593681161 0.262211683913 0.122655 0.634615
184 0.209832321899 0.26707831075 0.122655 0.634615
185 0.20437584082 0.281580930869 0.122655 0.634615
186 0.190493241386 0.277643968582 0.122655 0.634615
187 0.207602199254 0.270077888162 0.122655 0.634615
188 0.191255217236 0.279854448961 0.122655 0.634615
189 0.206300078473 0.272700467347 0.122655 0.634615
190 0.20277167467 0.248355997864 0.122655 0.634615
191 0.175650299578 0.243721220284 0.122655 0.634615
192 0.180559252499 0.207455634065 0.122655 0.634615
193 0.210726148086 0.188537865229 0.122655 0.634615
194 0.220226392202 0.193838333536 0.122655 0.634615
195 0.197347754139 0.241098266892 0.122655 0.634615
196 0.190938696145 0.241754086573 0.122655 0.634615
197 0.186808930339 0.23968430071 0.122655 0.634615
198 0.188053189987 0.234774786723 0.122655 0.634615
199 0.189919838214 0.210013602827 0.122655 0.634615
200 0.193905557643 0.224181136321 0.122655 0.634615
201 0.189739577791 0.235029620921 0.122655 0.634615
202 0.185840393922 0.195482274761 0.122655 0.634615
203 0.177169408942 0.190826436878 0.122655 0.634615
204 0.172086780225 0.22176957466 0.122655 0.634615
205 0.159798302419 0.224627155493 0.122655 0.634615
206 0.154269887687 0.246288682331 0.122655 0.634615
207 0.148831218946 0.271941887459 0.122655 0.634615
208 0.142968855557 0.256868691607 0.122655 0.634615
209 0.130333527117 0.250629691393 0.122655 0.634615
210 0.121164793484 0.256494920189 0.122655 0.634615
211 0.10846059375 0.237570198884 0.122655 0.634615
212 0.0892368966259 0.253296536243 0.122655 0.634615
213 0.0821294576045 0.251283108505 0.122655 0.634615
214 0.074179756885 0.244935986791 0.122655 0.634615
215 0.0671863697752 0.222239932154 0.122655 0.634615
216 0.0631295334772 0.20498454705 0.122655 0.634615
217 0.0512501546738 0.231346579897 0.122655 0.634615
218 0.0413370285146 0.258649922836 0.122655 0.634615
219 0.0282269865549 0.240261336122 0.122655 0.634615
220 0.017582105127 0.230049891843 0.122655 0.634615
221 0.014071643143 0.209622639422 0.122655 0.634615
222 0.00606101594016 0.192695837543 0.122655 0.634615
223 0.000750821908618 0.190847152608 0.122655 0.634615
224 0.0 0.188957269525 0.122655 0.634615
225 0.0 0.203142673524 0.122655 0.634615
226 0.0 0.193239652143 0.122655 0.634615
227 0.0 0.179894695052 0.122655 0.634615
228 0.0 0.190358065449 0.122655 0.634615
229 0.00253620154627 0.221020571121 0.122655 0.634615
230 0.00195040114002 0.226214961863 0.122655 0.634615
231 0.00282246996441 0.190102774776 0.122655 0.634615
232 0.000311368364752 0.225201237288 0.122655 0.634615
233 0.00326606004531 0.246900784372 0.122655 0.634615
234 0.00181738432304 0.224468676772 0.122655 0.634615
235 0.000280136567379 0.247193553191 0.122655 0.634615
236 0.000236103837703 0.324531881785 0.122655 0.634615
237 0.0 0.386670484269 0.122655 0.634615
238 0.0912116196877 0.255245714212 0.122655 0.634615
239 0.224051035853 0.126259005166 0.122655 0.634615
240 0.212766185054 0.226996666484 0.122655 0.634615
241 0.194042428857 0.259506661863 0.122655 0.634615
242 0.195749812875 0.217384516957 0.122655 0.634615
243 0.182882839577 0.198418509269 0.122655 0.634615
244 0.165878163002 0.160619735974 0.122655 0.634615
245 0.153082569058 0.100004824754 0.122655 0.634615
246 0.14402998309 0.0628912614568 0.122655 0.634615
247 0.124571421143 0.0881615138899 0.122655 0.634615
248 0.10716535311 0.0421987501307 0.122655 0.634615
249 0.0900411930155 0.0360332370386 0.122655 0.634615
250 0.0661525972513 0.00713541606292 0.122655 0.634615
251 0.050517237606 0.00284061234761 0.122655 0.634615
252 0.0396169066794 0.00165386401228 0.122655 0.634615
253 0.0304689195476 0.0 0.122655 0.634615
254 0.0197813433398 0.0 0.122655 0.634615
255 0.00756392410476 0.000225434841661 0.122655 0.634615
256 0.0 0.0101512404831 0.122655 0.634615
257 0.0 0.065661931968 0.122655 0.634615
258 0.0 0.292159552006 0.122655 0.634615
259 0.0 0.366666666667 0.122655 0.634615
260 0.0 0.366721786544 0.122655 0.634615
261 0.000207840318217 0.195969235678 0.122655 0.634615
262 0.00617587744914 0.209164328197 0.122655 0.634615
263 0.028393581666 0.211610767881 0.122655 0.634615
264 0.240496262764 0.000115531168036 0.122655 0.634615
265 0.255898412957 0.0 0.122655 0.634615
266 0.305557551354 0.0 0.122655 0.634615
267 0.404811547291 0.0 0.122655 0.634615
268 0.534533184875 0.0 0.122655 0.634615
269 0.574447493273 0.0 0.122655 0.634615
270 0.572449251204 0.0 0.122655 0.634615
271 0.563371619505 0.00185459806529 0.122655 0.634615
272 0.559575727577 0.0 0.122655 0.634615
273 0.554506912564 0.0 0.122655 0.634615
274 0.547828089305 0.0 0.122655 0.634615
275 0.542764188257 0.0 0.122655 0.634615
276 0.538008854125 0.0 0.122655 0.634615
277 0.532683178776 0.0 0.122655 0.634615
278 0.517002852491 0.0 0.122655 0.634615
279 0.50854462311 0.00401716654809 0.122655 0.634615
280 0.502830619457 0.00278170160233 0.122655 0.634615
281 0.486873957549 0.0 0.122655 0.634615
282 0.460711853247 0.0 0.122655 0.634615
283 0.44805109072 0.0 0.122655 0.634615
284 0.43998379577 0.0 0.122655 0.634615
285 0.433374725518 0.000652904538341 0.122655 0.634615
286 0.425211790544 0.0 0.122655 0.634615
287 0.421802130145 0.0 0.122655 0.634615
288 0.418939589555 0.0 0.122655 0.634615
289 0.400614611994 0.0 0.122655 0.634615
290 0.348453277624 0.0 0.122655 0.634615
291 0.237618959747 0.00733911690739 0.122655 0.634615
292 0.194104233879 0.0176700523864 0.122655 0.634615
293 0.147889314765 0.0234455756474 0.122655 0.634615
294 0.0800058024662 0.011494356378 0.122655 0.634615
295 0.0504008516721 0.0457641604548 0.122655 0.634615
296 0.0349871225168 0.0685002445161 0.122655 0.634615
297 0.0181614861866 0.0297591191229 0.122655 0.634615
298 0.0242019119635 0.0040903787796 0.122655 0.634615
299 0.0394142040847 0.0 0.122655 0.634615
300 0.0 0.00448520788828 0.122655 0.634615
301 0.0 0.00630562404389 0.122655 0.634615
302 0.0122472890926 0.00791833817054 0.122655 0.634615
303 0.0073138600919 0.0 0.122655 0.634615
304 0.0175225350542 0.0 0.122655 0.634615
305 0.0231260280181 0.00663804116354 0.122655 0.634615
306 0.0296899390065 0.00292101797944 0.122655 0.634615
307 0.0121925536279 0.00098235359231 0.122655 0.634615
308 0.00478174889811 0.00234366156328 0.122655 0.634615
309 0.000987992398894 0.0 0.122655 0.634615
310 0.000871883965365 0.00487147866363 0.122655 0.634615
311 0.0 0.00584031391396 0.122655 0.634615
312 0.00274496411201 0.0205109876392 0.122655 0.634615
313 0.00149936456349 0.0189756423432 0.122655 0.634615
314 0.0 0.00266416089782 0.122655 0.634615
315 0.0 0.0 0.122655 0.634615
316 0.00526492261715 0.0 0.122655 0.634615
317 0.00335551355845 0.0 0.122655 0.634615
318 0.00420898752805 0.0 0.122655 0.634615
319 0.00923991662423 0.0 0.122655 0.634615
320 0.00498343055 0.0 0.122655 0.634615
321 0.0105953785424 0.0 0.122655 0.634615
322 0.0823901906635 0.0 0.122655 0.634615
323 0.0829203289584 0.0 0.122655 0.634615
324 0.0746403965229 0.0 0.122655 0.634615
325 0.066250213399 0.0 0.122655 0.634615
326 0.0575253628806 0.00320624126025 0.122655 0.634615
327 0.0448110509867 0.00557207835416 0.122655 0.634615
328 0.0295343580695 0.0113911607661 0.122655 0.634615
329 0.0195981903436 0.00715156461631 0.122655 0.634615
330 0.0133470728383 0.0 0.122655 0.634615
331 0.00546666165644 0.00188515620007 0.122655 0.634615
332 0.000287509314392 0.0149849726697 0.122655 0.634615
333 0.0 0.0534835525267 0.122655 0.634615
334 0.0 0.0552824545011 0.122655 0.634615
335 0.0 0.104356050662 0.122655 0.634615
336 0.0 0.135435266402 0.122655 0.634615
337 0.000943253941254 0.159599981181 0.122655 0.634615
338 0.00168481477028 0.162588603017 0.122655 0.634615
339 0.000817447533508 0.17767885783 0.122655 0.634615
340 0.00103898768124 0.256535924383 0.122655 0.634615
341 0.00359079082319 0.316476544241 0.122655 0.634615
342 0.0988541666667 0.404861111111 0.122655 0.634615
343 0.229625252374 0.252210492022 0.122655 0.634615
344 0.241108723647 0.206105216865 0.122655 0.634615
345 0.232095815528 0.223943307433 0.122655 0.634615
346 0.221291124238 0.259510628135 0.122655 0.634615
347 0.210743599216 0.259043933627 0.122655 0.634615
348 0.196473479966 0.225268090572 0.122655 0.634615
349 0.182500121841 0.228650640347 0.122655 0.634615
350 0.187334277516 0.25731875012 0.122655 0.634615
351 0.18898741838 0.264788769784 0.122655 0.634615
352 0.185532000072 0.258567658286 0.122655 0.634615
353 0.177349794189 0.269210608751 0.122655 0.634615
354 0.186870131572 0.281546308705 0.122655 0.634615
355 0.193165828882 0.289007126957 0.122655 0.634615
356 0.18663510041 0.309391402878 0.122655 0.634615
357 0.179408173906 0.298371398566 0.122655 0.634615
358 0.143042581957 0.295834031335 0.122655 0.634615
359 0.110934532687 0.275905254858 0.122655 0.634615
360 0.0903000647811 0.260887176687 0.122655 0.634615
361 0.0672200487861 0.201161305677 0.122655 0.634615
362 0.0384467609701 0.141961283024 0.122655 0.634615
363 0.0205822104362 0.13759942322 0.122655 0.634615
364 0.0 0.20813999985 0.122655 0.634615
365 0.0 0.280759397962 0.122655 0.634615
366 0.0 0.383447346932 0.122655 0.634615
367 0.000648182760629 0.426894819418 0.122655 0.634615
368 0.0295814745703 0.428880594711 0.122655 0.634615
369 0.05125 0.429027777778 0.122655 0.634615
370 0.0310356519507 0.464705908345 0.122655 0.634615
371 0.290625 0.270833333333 0.122655 0.634615
372 0.296875 0.1125 0.122655 0.634615
373 0.292655582796 0.0403515663159 0.122655 0.634615
374 0.306556755751 0.0987919231416 0.122655 0.634615
375 0.343397661143 0.146946557167 0.122655 0.634615
376 0.329496201419 0.306918910776 0.122655 0.634615
377 0.299522879288 0.316065635235 0.122655 0.634615
378 0.276904140148 0.208191856337 0.122655 0.634615
379 0.266489219177 0.168530738436 0.122655 0.634615
380 0.241101220057 0.177328233258 0.122655 0.634615
381 0.213284765118 0.142080912959 0.122655 0.634615
382 0.184331875222 0.168657329516 0.122655 0.634615
383 0.187705820906 0.141733748645 0.122655 0.634615
384 0.22784678847 0.0714902085096 0.122655 0.634615
385 0.217623826741 0.0844502748731 0.122655 0.634615
386 0.212547560349 0.116954012928 0.122655 0.634615
387 0.208704632085 0.145280461534 0.122655 0.634615
388 0.214723006166 0.138017931188 0.122655 0.634615
389 0.217463836241 0.189160892832 0.122655 0.634615
390 0.180499436325 0.256135757411 0.122655 0.634615
391 0.18654043306 0.25176880618 0.122655 0.634615
392 0.196937719863 0.241079700702 0.122655 0.634615
393 0.217398695378 0.215887104806 0.122655 0.634615
394 0.237511409179 0.150597530776 0.122655 0.634615
395 0.238990174937 0.111223164229 0.122655 0.634615
396 0.242025908336 0.0946277352338 0.122655 0.634615
397 0.225571571822 0.116144835766 0.122655 0.634615
398 0.217354978935 0.122708207065 0.122655 0.634615
399 0.215684062584 0.166318255805 0.122655 0.634615
400 0.2066818385 0.166833096741 0.122655 0.634615
401 0.192742344554 0.16510372879 0.122655 0.634615
402 0.189384924421 0.188297926272 0.122655 0.634615
403 0.180651913569 0.230385204644 0.122655 0.634615
404 0.181451063048 0.26218954978 0.122655 0.634615
405 0.190466671866 0.343080996712 0.122655 0.634615
406 0.168963716746 0.377650234641 0.122655 0.634615
407 0.175123205386 0.335484251246 0.122655 0.634615
408 0.156131226173 0.269099010278 0.122655 0.634615
409 0.130496920281 0.231317345476 0.122655 0.634615
410 0.108706526305 0.214799203912 0.122655 0.634615
411 0.0954404213816 0.211245361617 0.122655 0.634615
412 0.0799051327342 0.200848968888 0.122655 0.634615
413 0.077276169792 0.248024014676 0.122655 0.634615
414 0.0744807348125 0.24778635169 0.122655 0.634615
415 0.0742941458128 0.184282122584 0.122655 0.634615
416 0.0454777802276 0.109042524485 0.122655 0.634615
417 0.0284059226375 0.0789380371254 0.122655 0.634615
418 0.013595365999 0.0620010171741 0.122655 0.634615
419 0.0120328009726 0.0917637846741 0.122655 0.634615
420 0.00880684679491 0.0738456966495 0.122655 0.634615
421 0.00545956726122 0.0626158318667 0.122655 0.634615
422 0.00632544519387 0.0801885799374 0.122655 0.634615
423 0.00347904163996 0.0651132112086 0.122655 0.634615
424 0.000820662777995 0.0465080731231 0.122655 0.634615
425 0.0 0.0659736452608 0.122655 0.634615
426 0.0 0.104390258638 0.122655 0.634615
427 0.0 0.103443942632 0.122655 0.634615
428 0.0 0.101469861877 0.122655 0.634615
429 0.000969245124594 0.135156981313 0.122655 0.634615
430 0.00196926163441 0.161945956331 0.122655 0.634615
431 0.000773296540161 0.211873441408 0.122655 0.634615
432 0.00556978146188 0.350042299197 0.122655 0.634615
433 0.0153934022595 0.465449585938 0.122655 0.634615
434 0.0387558646548 0.607168517011 0.122655 0.634615
435 0.0460161375793 0.638481279907 0.122655 0.634615
436 0.0316373761509 0.64828674642 0.122655 0.634615
437 0.0210851572076 0.644628957935 0.122655 0.634615
438 0.0126590863063 0.630211441317 0.122655 0.634615
439 0.0164613206309 0.602867637608 0.122655 0.634615
440 0.0239748513796 0.59183887394 0.122655 0.634615
441 0.0268363698084 0.603325151504 0.122655 0.634615
442 0.0105766619676 0.600501999753 0.122655 0.634615
443 0.0071992901417 0.598328767403 0.122655 0.634615
444 0.0134002423317 0.602585340109 0.122655 0.634615
445 0.0213417781534 0.615749738427 0.122655 0.634615
446 0.0274505018281 0.625826760066 0.122655 0.634615
447 0.0447166900441 0.641313225836 0.122655 0.634615
448 0.0264392150127 0.678220658431 0.122655 0.634615
449 0.000787954731764 0.705529423104 0.122655 0.634615
450 0.0118733645912 0.730410196829 0.122655 0.634615
451 0.00819115902945 0.722956167381 0.122655 0.634615
452 0.00505811914445 0.726935716851 0.122655 0.634615
