./../data/Vid_J_person_floor.avi.avi
0 0.243854 0.267366 0.164208 0.542595
1 0.189853748624 0.193777172988 0.164208 0.542595
2 0.164067948368 0.19893084134 0.164208 0.542595
3 0.144628091907 0.17680295554 0.164208 0.542595
4 0.143216951303 0.144156246216 0.164208 0.542595
5 0.206013125348 0.172106316425 0.164208 0.542595
6 0.183920548357 0.191529441351 0.164208 0.542595
7 0.176751262844 0.1694894052 0.164208 0.542595
8 0.176059563071 0.184973135204 0.164208 0.542595
9 0.163888326064 0.18393762194 0.164208 0.542595
10 0.18198770048 0.212828473573 0.164208 0.542595
11 0.194178377129 0.217767416323 0.164208 0.542595
12 0.196551960313 0.231959273036 0.164208 0.542595
13 0.177608872211 0.223383285042 0.164208 0.542595
14 0.17582098576 0.235814206443 0.164208 0.542595
15 0.220094554717 0.231034342744 0.164208 0.542595
16 0.190811779459 0.245425018679 0.164208 0.542595
17 0.218639578743 0.220252655898 0.164208 0.542595
18 0.189180752553 0.210746118 0.164208 0.542595
19 0.190475383075 0.243390045878 0.164208 0.542595
20 0.271306381252 0.218590349294 0.164208 0.542595
21 0.228904444772 0.234643809688 0.164208 0.542595
22 0.1700539699 0.220483558984 0.164208 0.542595
23 0.2474723698 0.189319959827 0.164208 0.542595
24 0.184795556435 0.220872830051 0.164208 0.542595
25 0.236465277055 0.219083631556 0.164208 0.542595
26 0.216824958594 0.214095231423 0.164208 0.542595
27 0.236218418714 0.232535254031 0.164208 0.542595
28 0.226684988743 0.227324910441 0.164208 0.542595
29 0.222628393524 0.216269056716 0.164208 0.542595
30 0.223651654892 0.227226499683 0.164208 0.542595
31 0.222866180545 0.208293610264 0.164208 0.542595
32 0.234333491656 0.22537029169 0.164208 0.542595
33 0.226276181745 0.199046869992 0.164208 0.542595
34 0.224695882536 0.199951727387 0.164208 0.542595
35 0.231207790214 0.207489146806 0.164208 0.542595
36 0.216308630825 0.215898949424 0.164208 0.542595
37 0.21875 0.2125 0.164208 0.542595
38 0.228791227314 0.211633204023 0.164208 0.542595
39 0.215625 0.220833333333 0.164208 0.542595
40 0.216398098311 0.21202221123 0.164208 0.542595
41 0.21771584464 0.220199744049 0.164208 0.542595
42 0.226538261436 0.2283960694 0.164208 0.542595
43 0.227991032067 0.226906058991 0.164208 0.542595
44 0.231717861404 0.241666666667 0.164208 0.542595
45 0.23125 0.229166666667 0.164208 0.542595
46 0.233577609447 0.240693026114 0.164208 0.542595
47 0.239767124106 0.220267137551 0.164208 0.542595
48 0.227585934436 0.206595410828 0.164208 0.542595
49 0.229057150678 0.216726688444 0.164208 0.542595
50 0.228232639058 0.220833333333 0.164208 0.542595
51 0.230801658829 0.212300737257 0.164208 0.542595
52 0.237866633675 0.191193194356 0.164208 0.542595
53 0.244466993887 0.202302761306 0.164208 0.542595
54 0.236879037363 0.195044928966 0.164208 0.542595
55 0.251306151423 0.17670307986 0.164208 0.542595
56 0.242282436347 0.197477935153 0.164208 0.542595
57 0.228939335266 0.200434023176 0.164208 0.542595
58 0.241147617631 0.20794886726 0.164208 0.542595
59 0.286049615296 0.21219109171 0.164208 0.542595
60 0.290120517636 0.227142116185 0.164208 0.542595
61 0.296330105794 0.238821718447 0.164208 0.542595
62 0.286015042429 0.212866659036 0.164208 0.542595
63 0.251546557468 0.21803805645 0.164208 0.542595
64 0.254324908911 0.214958690653 0.164208 0.542595
65 0.257159443362 0.232598577415 0.164208 0.542595
66 0.218112374846 0.240146341466 0.164208 0.542595
67 0.237427850401 0.235136857677 0.164208 0.542595
68 0.254647596687 0.231995013648 0.164208 0.542595
69 0.165437091306 0.214564437485 0.164208 0.542595
70 0.261299633307 0.204988922636 0.164208 0.542595
71 0.293037023081 0.2182447948 0.164208 0.542595
72 0.266292559347 0.216616775101 0.164208 0.542595
73 0.320043106418 0.215373560248 0.164208 0.542595
74 0.337231128489 0.199794329251 0.164208 0.542595
75 0.325030127293 0.186558997123 0.164208 0.542595
76 0.31875 0.170833333333 0.164208 0.542595
77 0.316788645186 0.174364779479 0.164208 0.542595
78 0.3125 0.170833333333 0.164208 0.542595
79 0.17216733616 0.190353489368 0.164208 0.542595
80 0.285387227868 0.204166666667 0.164208 0.542595
81 0.296875 0.195833333333 0.164208 0.542595
82 0.299364497173 0.195265710265 0.164208 0.542595
83 0.29375 0.204166666667 0.164208 0.542595
84 0.28125 0.191666666667 0.164208 0.542595
85 0.2898161382 0.186397077047 0.164208 0.542595
86 0.305486498776 0.168642624258 0.164208 0.542595
87 0.256697180003 0.163613051865 0.164208 0.542595
88 0.311065747997 0.173684204698 0.164208 0.542595
89 0.280974779138 0.167115072901 0.164208 0.542595
90 0.323676043009 0.19939965233 0.164208 0.542595
91 0.328774231702 0.187752581868 0.164208 0.542595
92 0.3375 0.208872588648 0.164208 0.542595
93 0.340409602985 0.179166666667 0.164208 0.542595
94 0.341237091658 0.16071369238 0.164208 0.542595
95 0.263838556621 0.193736241797 0.164208 0.542595
96 0.287732337476 0.192625046866 0.164208 0.542595
97 0.332905477665 0.184403572982 0.164208 0.542595
98 0.344927796952 0.209337510148 0.164208 0.542595
99 0.344238607775 0.211838392877 0.164208 0.542595
100 0.339236791169 0.199839539125 0.164208 0.542595
101 0.287348102034 0.202228505182 0.164208 0.542595
102 0.352402370218 0.210765206531 0.164208 0.542595
103 0.342215590601 0.201834321807 0.164208 0.542595
104 0.35790039762 0.224243793651 0.164208 0.542595
105 0.361208721939 0.219912830511 0.164208 0.542595
106 0.35714706123 0.224284960082 0.164208 0.542595
107 0.364205775733 0.187721149493 0.164208 0.542595
108 0.360823020185 0.19169896383 0.164208 0.542595
109 0.357399572856 0.186947357458 0.164208 0.542595
110 0.35766530792 0.182553500528 0.164208 0.542595
111 0.36196145804 0.179121482269 0.164208 0.542595
112 0.361838339068 0.174825825759 0.164208 0.542595
113 0.364100721396 0.166062961879 0.164208 0.542595
114 0.368851924243 0.166530767677 0.164208 0.542595
115 0.356664082111 0.175876458071 0.164208 0.542595
116 0.358804916992 0.154293351779 0.164208 0.542595
117 0.357497114564 0.132779060194 0.164208 0.542595
118 0.352215383364 0.166363461121 0.164208 0.542595
119 0.371875 0.170833333333 0.164208 0.542595
120 0.372428620631 0.15615020438 0.164208 0.542595
121 0.371061712848 0.173897467585 0.164208 0.542595
122 0.391667084099 0.186691917574 0.164208 0.542595
123 0.405056604431 0.173054516912 0.164208 0.542595
124 0.400870455127 0.172356297717 0.164208 0.542595
125 0.405948508231 0.174459434825 0.164208 0.542595
126 0.422087013392 0.189873328041 0.164208 0.542595
127 0.422179519669 0.16306242293 0.164208 0.542595
128 0.424213024507 0.146541082093 0.164208 0.542595
129 0.364569077037 0.154166666667 0.164208 0.542595
130 0.356496177564 0.146012207036 0.164208 0.542595
131 0.379816654916 0.157919963517 0.164208 0.542595
132 0.155448026101 0.178332422869 0.164208 0.542595
133 0.102399071444 0.186764933683 0.164208 0.542595
134 0.0 0.208605488739 0.164208 0.542595
135 0.0 0.235985905822 0.164208 0.542595
136 0.0 0.261681805738 0.164208 0.542595
137 0.0 0.241953533611 0.164208 0.542595
138 0.0 0.245474573985 0.164208 0.542595
139 0.0 0.254853227244 0.164208 0.542595
140 0.0567242087338 0.193398784422 0.164208 0.542595
141 0.225674873503 0.136319467255 0.164208 0.542595
142 0.512064105679 0.120480735987 0.164208 0.542595
143 0.552577489027 0.101464735967 0.164208 0.542595
144 0.47981176375 0.128851734766 0.164208 0.542595
145 0.469280964966 0.175769340672 0.164208 0.542595
146 0.456067325242 0.157591529388 0.164208 0.542595
147 0.379722854766 0.11951015863 0.164208 0.542595
148 0.29230876353 0.14038942864 0.164208 0.542595
149 0.262957106767 0.156943070951 0.164208 0.542595
150 0.328727000605 0.15254415367 0.164208 0.542595
151 0.211364033131 0.166637595772 0.164208 0.542595
152 0.221108335697 0.176772835913 0.164208 0.542595
153 0.269686079491 0.16294300523 0.164208 0.542595
154 0.373577036072 0.166703549436 0.164208 0.542595
155 0.275877318241 0.18611705508 0.164208 0.542595
156 0.217265457668 0.195244321838 0.164208 0.542595
157 0.221340259422 0.189905391022 0.164208 0.542595
158 0.196783936974 0.205445604683 0.164208 0.542595
159 0.387729979048 0.214422343541 0.164208 0.542595
160 0.0909836170635 0.17133069623 0.164208 0.542595
161 0.04375 0.175 0.164208 0.542595
162 0.046875 0.183333333333 0.164208 0.542595
163 0.053125 0.175 0.164208 0.542595
164 0.05625 0.183333333333 0.164208 0.542595
165 0.059574479663 0.179299653109 0.164208 0.542595
166 0.053125 0.183333333333 0.164208 0.542595
167 0.053125 0.183333333333 0.164208 0.542595
168 0.046875 0.179166666667 0.164208 0.542595
169 0.040625 0.191666666667 0.164208 0.542595
170 0.040625 0.179444444444 0.164208 0.542595
171 0.0407291666667 0.191666666667 0.164208 0.542595
172 0.0383157767291 0.183738159499 0.164208 0.542595
173 0.0344791666667 0.183333333333 0.164208 0.542595
174 0.0354253022504 0.184033534834 0.164208 0.542595
175 0.03125 0.1875 0.164208 0.542595
176 0.0318544935249 0.179972658033 0.164208 0.542595
177 0.0267109968477 0.164160635874 0.164208 0.542595
178 0.0266082431691 0.185162923636 0.164208 0.542595
179 0.0136771889339 0.172402918579 0.164208 0.542595
180 0.0130075121978 0.178774143382 0.164208 0.542595
181 0.0431398098861 0.196253013703 0.164208 0.542595
182 0.0115915515091 0.20752475096 0.164208 0.542595
183 0.0103736450158 0.190070537269 0.164208 0.542595
184 0.00664323574773 0.195010625386 0.164208 0.542595
185 0.0345605977383 0.213202330364 0.164208 0.542595
186 0.0839153453074 0.215907502546 0.164208 0.542595
187 0.067723757199 0.213059526692 0.164208 0.542595
188 0.500070722825 0.203370678303 0.164208 0.542595
189 0.417219613121 0.199143434668 0.164208 0.542595
190 0.284213400779 0.207122745883 0.164208 0.542595
191 0.391179078852 0.177598682316 0.164208 0.542595
192 0.542006218842 0.200629469731 0.164208 0.542595
193 0.54375 0.253289411042 0.164208 0.542595
194 0.551027453054 0.18395882066 0.164208 0.542595
195 0.556407978973 0.204056822519 0.164208 0.542595
196 0.578125 0.234589247431 0.164208 0.542595
197 0.58125 0.212777777778 0.164208 0.542595
198 0.562583983681 0.213615875485 0.164208 0.542595
199 0.572395301664 0.22970610947 0.164208 0.542595
200 0.594066344389 0.209228176887 0.164208 0.542595
201 0.597549607389 0.18238868715 0.164208 0.542595
202 0.577849839114 0.160196091673 0.164208 0.542595
203 0.588780836718 0.176598887289 0.164208 0.542595
204 0.579734330819 0.168134528489 0.164208 0.542595
205 0.584375 0.18891656912 0.164208 0.542595
206 0.583238720017 0.162663464162 0.164208 0.542595
207 0.577809420439 0.169026802982 0.164208 0.542595
208 0.578782132859 0.210079074113 0.164208 0.542595
209 0.575 0.158194444444 0.164208 0.542595
210 0.565625 0.231905104421 0.164208 0.542595
211 0.556052471998 0.152203650883 0.164208 0.542595
212 0.536570517114 0.184709650884 0.164208 0.542595
213 0.567847292315 0.0857080313891 0.164208 0.542595
214 0.566305739573 0.220111243787 0.164208 0.542595
215 0.56212102685 0.128425187427 0.164208 0.542595
216 0.548045741139 0.179102582006 0.164208 0.542595
217 0.563550031377 0.178631648106 0.164208 0.542595
218 0.563370064938 0.153572324053 0.164208 0.542595
219 0.560178349881 0.170954645657 0.164208 0.542595
220 0.572782763518 0.188778956471 0.164208 0.542595
221 0.542366854361 0.13767713239 0.164208 0.542595
222 0.553542706877 0.117505640237 0.164208 0.542595
223 0.537335778822 0.132578606347 0.164208 0.542595
224 0.536768174696 0.112951406504 0.164208 0.542595
225 0.559714873524 0.118955936725 0.164208 0.542595
226 0.520296718453 0.118587698453 0.164208 0.542595
227 0.515211243613 0.107310456114 0.164208 0.542595
228 0.533914888529 0.122868943634 0.164208 0.542595
229 0.530056217128 0.125807779819 0.164208 0.542595
230 0.500383013939 0.107192292242 0.164208 0.542595
231 0.487432674264 0.0616307596077 0.164208 0.542595
232 0.49771948469 0.0718641045751 0.164208 0.542595
233 0.494619665721 0.0560036446643 0.164208 0.542595
234 0.495112352392 0.0779320524489 0.164208 0.542595
235 0.493475726154 0.0578326226323 0.164208 0.542595
236 0.490827858892 0.0434974480579 0.164208 0.542595
237 0.52175504205 0.0414195142546 0.164208 0.542595
238 0.522521276962 0.0710665840044 0.164208 0.542595
239 0.51875 0.0625 0.164208 0.542595
240 0.521875 0.0833333333333 0.164208 0.542595
241 0.519148002669 0.0838640035587 0.164208 0.542595
242 0.518721983559 0.0858114176729 0.164208 0.542595
243 0.525511404696 0.121115671763 0.164208 0.542595
244 0.516086484047 0.096479049522 0.164208 0.542595
245 0.513109275223 0.108074525422 0.164208 0.542595
246 0.51747577379 0.102099528881 0.164208 0.542595
247 0.507459314474 0.100424280618 0.164208 0.542595
248 0.519569067916 0.0999918813208 0.164208 0.542595
249 0.529362843111 0.125914012432 0.164208 0.542595
250 0.517029339322 0.103513932577 0.164208 0.542595
251 0.530314651112 0.107511005317 0.164208 0.542595
252 0.51702906747 0.0652520069822 0.164208 0.542595
253 0.532874550463 0.111175964057 0.164208 0.542595
254 0.522157775882 0.0904562623378 0.164208 0.542595
255 0.527812592702 0.10481330815 0.164208 0.542595
256 0.527134815395 0.097492679986 0.164208 0.542595
257 0.537626842494 0.108876141007 0.164208 0.542595
258 0.556182177044 0.136207391352 0.164208 0.542595
259 0.541925043131 0.112203149148 0.164208 0.542595
260 0.538086175832 0.132907512316 0.164208 0.542595
261 0.533603717037 0.120239153401 0.164208 0.542595
262 0.514052636471 0.0838294224683 0.164208 0.542595
263 0.51568104216 0.0821640498556 0.164208 0.542595
264 0.519229754663 0.0864362047945 0.164208 0.542595
265 0.512283691512 0.109247351503 0.164208 0.542595
266 0.516363604321 0.106324743209 0.164208 0.542595
267 0.519666868791 0.0911285431507 0.164208 0.542595
268 0.51875 0.11304647309 0.164208 0.542595
269 0.521875 0.104166666667 0.164208 0.542595
270 0.52063786685 0.0956597006105 0.164208 0.542595
271 0.486782202918 0.0608222326988 0.164208 0.542595
272 0.504980442588 0.059433679371 0.164208 0.542595
273 0.45274508584 0.0712586873352 0.164208 0.542595
274 0.43638942423 0.078237630103 0.164208 0.542595
275 0.426818624305 0.077604757717 0.164208 0.542595
276 0.44046655959 0.0877722296776 0.164208 0.542595
277 0.465542640908 0.107167295569 0.164208 0.542595
278 0.473176422835 0.0900059470536 0.164208 0.542595
279 0.460679236899 0.109336211881 0.164208 0.542595
280 0.455107184439 0.117987671317 0.164208 0.542595
281 0.437138264131 0.0828924808592 0.164208 0.542595
282 0.431936943994 0.103277213068 0.164208 0.542595
283 0.425770001285 0.116358968442 0.164208 0.542595
284 0.418643886607 0.116666666667 0.164208 0.542595
285 0.418534397568 0.15 0.164208 0.542595
286 0.406044913449 0.166393217932 0.164208 0.542595
287 0.403201365307 0.169126664123 0.164208 0.542595
288 0.409375 0.1625 0.164208 0.542595
289 0.40625 0.175 0.164208 0.542595
290 0.409375 0.170833333333 0.164208 0.542595
291 0.4 0.179166666667 0.164208 0.542595
292 0.403729886359 0.167973753791 0.164208 0.542595
293 0.411902876991 0.164317528452 0.164208 0.542595
294 0.410724050153 0.124526649069 0.164208 0.542595
295 0.418842200792 0.123090483422 0.164208 0.542595
296 0.41875 0.1375 0.164208 0.542595
297 0.415625 0.158333333333 0.164208 0.542595
298 0.41875 0.149343436525 0.164208 0.542595
299 0.424980166181 0.14444186944 0.164208 0.542595
300 0.409375 0.178633048813 0.164208 0.542595
301 0.409375 0.1875 0.164208 0.542595
302 0.40625 0.195833333333 0.164208 0.542595
303 0.41875 0.183333333333 0.164208 0.542595
304 0.409375 0.191666666667 0.164208 0.542595
305 0.4125 0.191666666667 0.164208 0.542595
306 0.415625 0.179166666667 0.164208 0.542595
307 0.4125 0.1625 0.164208 0.542595
308 0.409375 0.179166666667 0.164208 0.542595
309 0.4125 0.191666666667 0.164208 0.542595
310 0.409375 0.183333333333 0.164208 0.542595
311 0.406566145533 0.174156945246 0.164208 0.542595
312 0.4125 0.170833333333 0.164208 0.542595
313 0.4 0.170833333333 0.164208 0.542595
314 0.399512179717 0.158333333333 0.164208 0.542595
315 0.40625 0.179166666667 0.164208 0.542595
316 0.40625 0.175 0.164208 0.542595
317 0.415995476259 0.167466052019 0.164208 0.542595
318 0.416315610198 0.151790896855 0.164208 0.542595
319 0.438100573168 0.135802858942 0.164208 0.542595
320 0.507096687669 0.106410823425 0.164208 0.542595
321 0.496758779123 0.102510278579 0.164208 0.542595
322 0.48010018378 0.0869022721988 0.164208 0.542595
323 0.455171831447 0.119736794451 0.164208 0.542595
324 0.484690192812 0.114331789083 0.164208 0.542595
325 0.432771889803 0.136285767155 0.164208 0.542595
326 0.487677302049 0.103040206252 0.164208 0.542595
327 0.448294120616 0.121066432458 0.164208 0.542595
328 0.577024045122 0.103962912651 0.164208 0.542595
329 0.424168843854 0.108516845813 0.164208 0.542595
330 0.378214239706 0.117793658609 0.164208 0.542595
331 0.374839885545 0.118640277503 0.164208 0.542595
332 0.461462120609 0.0847052151881 0.164208 0.542595
333 0.387914926685 0.125995567701 0.164208 0.542595
334 0.371741515606 0.131533735447 0.164208 0.542595
335 0.362451246369 0.14552387624 0.164208 0.542595
336 0.424314286462 0.136225286992 0.164208 0.542595
337 0.372160247951 0.154630500752 0.164208 0.542595
338 0.370995313812 0.15473945694 0.164208 0.542595
339 0.377088989658 0.146120112307 0.164208 0.542595
340 0.376650557016 0.155006182796 0.164208 0.542595
341 0.374036144759 0.152500359513 0.164208 0.542595
342 0.392755193158 0.155757434031 0.164208 0.542595
343 0.423298923067 0.144895434101 0.164208 0.542595
344 0.451697867165 0.132796373087 0.164208 0.542595
345 0.427400990353 0.128562434115 0.164208 0.542595
346 0.421396850613 0.125295717454 0.164208 0.542595
347 0.383528280535 0.143530839954 0.164208 0.542595
348 0.392314342446 0.148290315243 0.164208 0.542595
349 0.352119667828 0.153942378212 0.164208 0.542595
350 0.373350426377 0.154453050776 0.164208 0.542595
351 0.381317089547 0.152763605814 0.164208 0.542595
352 0.396846955502 0.146873098262 0.164208 0.542595
353 0.45217289829 0.138009919371 0.164208 0.542595
354 0.479100303156 0.13119851781 0.164208 0.542595
355 0.482471103495 0.123106299058 0.164208 0.542595
356 0.416340499362 0.166003362564 0.164208 0.542595
357 0.456793524723 0.150099274109 0.164208 0.542595
358 0.440256528279 0.153421087196 0.164208 0.542595
359 0.552380454542 0.0987983602042 0.164208 0.542595
360 0.548735384202 0.0874086598161 0.164208 0.542595
361 0.500327383424 0.0991136574275 0.164208 0.542595
362 0.422515246199 0.140500524724 0.164208 0.542595
363 0.503113342295 0.116107609113 0.164208 0.542595
364 0.400284365942 0.133566944262 0.164208 0.542595
365 0.501708419032 0.107019849426 0.164208 0.542595
366 0.604509340063 0.0596361314577 0.164208 0.542595
367 0.592037800641 0.053714156477 0.164208 0.542595
368 0.597280692879 0.0588991060587 0.164208 0.542595
369 0.638574538145 0.0674486218901 0.164208 0.542595
370 0.639962316522 0.0625 0.164208 0.542595
371 0.65 0.0541666666667 0.164208 0.542595
372 0.653125 0.1 0.164208 0.542595
373 0.653125 0.0916666666667 0.164208 0.542595
374 0.651579418632 0.101054313545 0.164208 0.542595
375 0.648653202895 0.0747169730802 0.164208 0.542595
376 0.647342644903 0.0932342679836 0.164208 0.542595
377 0.631323589738 0.0923369341219 0.164208 0.542595
378 0.648942526349 0.133416635205 0.164208 0.542595
379 0.643554280735 0.149203474672 0.164208 0.542595
380 0.633265626804 0.135805199466 0.164208 0.542595
381 0.625575563252 0.155383890475 0.164208 0.542595
382 0.662420498058 0.120303483004 0.164208 0.542595
383 0.65837747121 0.138678251989 0.164208 0.542595
384 0.653443892112 0.136652087578 0.164208 0.542595
385 0.670163927328 0.122850006436 0.164208 0.542595
386 0.684593260781 0.125291014374 0.164208 0.542595
387 0.696875 0.145833333333 0.164208 0.542595
