./Vid_C_juice.avi
0 0.410029 0.208388 0.114061 0.373526
1 0.41036903423 0.214063398491 0.11493301065 0.37350813751
2 0.413384434089 0.216970136655 0.11086147535 0.372273652775
3 0.411521327568 0.214037843536 0.112892929723 0.378523191858
4 0.40601773679 0.23201772999 0.11175974588 0.377408903503
5 0.408891358956 0.221887735645 0.112130221667 0.376571965244
6 0.411788724962 0.222759645609 0.111953795844 0.375275210613
7 0.410346864612 0.233813536232 0.112225820308 0.37551125562
8 0.409062710632 0.242148994311 0.111320321599 0.375651544149
9 0.406041055426 0.247949002939 0.112214329924 0.37519786599
10 0.409414603474 0.244126058754 0.111315870579 0.376952720813
11 0.402597407783 0.27404006948 0.112115849797 0.374506888393
12 0.40401903762 0.287128056267 0.112835632719 0.373668798944
13 0.407402369048 0.294354589549 0.112235540457 0.373883850133
14 0.415943289435 0.303251659323 0.113244793325 0.373548475604
15 0.423208193614 0.31982062461 0.112956666847 0.374122598736
16 0.436859711561 0.335817970505 0.111802487685 0.373208503117
17 0.440691206126 0.347929612292 0.113584160821 0.377054228197
18 0.465942723917 0.378773721395 0.113376074934 0.376594396651
19 0.478009250173 0.391099283971 0.112629321364 0.374399277508
20 0.49891453251 0.40208439978 0.113369236371 0.376254305056
21 0.520998711383 0.416840918655 0.112291346736 0.375409162132
22 0.548686655829 0.437195912177 0.112731521762 0.375218213505
23 0.566257023413 0.433124074569 0.113554216684 0.374552699885
24 0.584222503904 0.455021971299 0.113353408006 0.37515342679
25 0.61623648253 0.467523081734 0.112587760184 0.370097341383
26 0.65315125243 0.459675155625 0.112763037987 0.372427081228
27 0.669768934456 0.452481625667 0.11340408447 0.367804801436
28 0.679781594826 0.447037315842 0.113361572623 0.366029295652
29 0.695094740658 0.450616976905 0.112468901401 0.367905436988
30 0.703570887918 0.4616490527 0.112345694455 0.36746828032
31 0.717461104473 0.471035493118 0.112709036816 0.366252963971
32 0.72635287929 0.471561260943 0.111975846356 0.365728874522
33 0.70986219284 0.471071815312 0.112190631487 0.366853717517
34 0.688252969809 0.458538269871 0.113158108446 0.365933593398
35 0.671794428337 0.463624127842 0.113315560457 0.366692870577
36 0.646247365917 0.464355501887 0.111890567205 0.36533615887
37 0.619342095515 0.461948142486 0.111481488619 0.365661929656
38 0.5837607178 0.461961663901 0.112665981574 0.365668339043
39 0.551123388216 0.457832673496 0.112403538185 0.366322776291
40 0.514171392433 0.466251266462 0.112604253766 0.365829899119
41 0.482038976491 0.46353029888 0.112798471809 0.367004071548
42 0.460438753978 0.474401162038 0.112823619707 0.367369091547
43 0.435524025921 0.467306854955 0.113248972909 0.366838110274
44 0.411739818367 0.474880008745 0.111673621601 0.367415776101
45 0.375679187562 0.489468657946 0.112831522438 0.36875913376
46 0.352174653908 0.482766600774 0.113416905281 0.36738381802
47 0.330380482977 0.488440522004 0.113433243113 0.367603166698
48 0.310227827377 0.492446469294 0.114041644634 0.367357399993
49 0.297196134924 0.49997563884 0.113322027565 0.366747966606
50 0.280573877374 0.495628498017 0.112466286192 0.365243406686
51 0.259817033805 0.493935173996 0.113914907842 0.364508978966
52 0.245983696768 0.492109257194 0.114463250637 0.365075224511
53 0.247395327313 0.47393998111 0.114079412163 0.366578335974
54 0.2507420179 0.454401764071 0.112134807658 0.3670604461
55 0.250591701724 0.427685766438 0.111677936463 0.366425947792
56 0.255929978805 0.39707411469 0.112419928842 0.366723871822
57 0.263818425877 0.367054016581 0.112530009645 0.367021316293
58 0.274568424727 0.341854589351 0.111074022346 0.364964173785
59 0.288629592915 0.31299420763 0.110897124828 0.365381992177
60 0.301307747304 0.271334057025 0.112096903476 0.365765709707
61 0.312885659225 0.258593569112 0.113177603953 0.36675773699
62 0.323763083409 0.235172750344 0.113069498652 0.36588888574
63 0.347803157865 0.229310460446 0.112388920557 0.366917252713
64 0.36972602248 0.216570614078 0.113520363934 0.367475944728
65 0.401060746347 0.207174265327 0.112674244914 0.36754692192
66 0.423808093973 0.206655397867 0.111455364857 0.371317394031
67 0.452917698674 0.197825106523 0.112022430042 0.368310544812
68 0.498601289434 0.181066934502 0.113475659632 0.369008208683
69 0.520699250351 0.210603203234 0.112881636998 0.367490799671
70 0.528062174928 0.252919533997 0.112533850547 0.366211970528
71 0.55370226603 0.254496448934 0.112551419461 0.366948759245
72 0.584455862701 0.260354865082 0.112523600151 0.366406336367
73 0.609999094769 0.268165297595 0.112665683698 0.366578702088
74 0.638886751161 0.275279255975 0.113005087817 0.367296325713
75 0.664389366946 0.273947146225 0.112949576117 0.367649001123
76 0.679753530162 0.274294522996 0.112467421882 0.367452138643
77 0.69331336511 0.274606427173 0.112193969752 0.36654672356
78 0.705952691302 0.281910309679 0.112989131156 0.366971403882
79 0.714111290175 0.284817608624 0.112684631125 0.367360698333
80 0.708201366115 0.272817287952 0.112929046096 0.367716483237
81 0.694836897266 0.274443658884 0.112700996515 0.368324075173
82 0.669217804454 0.268046322281 0.112806323254 0.368455047662
83 0.642558721042 0.251738747954 0.112330550575 0.364465418525
84 0.610931456239 0.241383313057 0.111910339412 0.366963215888
85 0.5837456367 0.228009300333 0.111959125223 0.366348265879
86 0.546250591593 0.222780986473 0.113991517968 0.366800638967
87 0.516426648284 0.222950952725 0.112823730428 0.365326956447
88 0.487469051262 0.203076161862 0.112535494439 0.364797773424
89 0.459595816674 0.195005814561 0.110909578304 0.365329537372
90 0.428106188988 0.200988133932 0.111696462837 0.366223933083
91 0.395077865815 0.193765251161 0.112307414204 0.364928713846
92 0.367281671001 0.196039885421 0.11269585487 0.364384924121
93 0.334406924615 0.212857173331 0.111949854384 0.366300806209
94 0.309552400249 0.231915077546 0.11279791119 0.364597752003
95 0.279768943826 0.245529197814 0.113026816967 0.364338554156
96 0.262225928834 0.255167790993 0.113404680079 0.365510230425
97 0.244679285457 0.260396012433 0.11270657131 0.365859394558
98 0.243892521481 0.274331917303 0.112161233195 0.366377011838
99 0.242766457348 0.306330969809 0.112791013132 0.366810035829
100 0.249619423365 0.336658677471 0.112549505915 0.367019184968
101 0.260645827219 0.35429417066 0.112395175337 0.365744726442
102 0.265912450911 0.384002163699 0.112246650034 0.365591521447
103 0.281891714253 0.400411881708 0.112440458886 0.365104265364
104 0.293293439345 0.407768271569 0.113174056133 0.366804747887
105 0.314798873439 0.430620639935 0.112331144277 0.36675095389
106 0.309661724388 0.468741080138 0.111564754195 0.366696709587
107 0.317008095323 0.496301099343 0.111701501774 0.36733955641
108 0.328028966858 0.522819469 0.112036285731 0.365059148231
109 0.334171778379 0.539067524649 0.111579141447 0.365969582583
110 0.343929125166 0.552337624766 0.111769443402 0.365957000083
111 0.356822749149 0.545743250282 0.112906879354 0.369503765714
112 0.728125 0.341666666667 0.112173992761 0.372351954291
113 0.383729114185 0.552800288847 0.344395885815 -0.211133622181
114 0.397446904745 0.550072567409 0.113169752679 0.369731542928
115 0.428639183201 0.537814654886 0.112497408691 0.36756206243
116 0.459786961515 0.518480675603 0.11189627488 0.371063478076
117 0.475567479506 0.487353802417 0.112408294714 0.369001043608
118 0.497533580098 0.482945813291 0.11292154948 0.365512726682
119 0.520173992845 0.462395820371 0.112004894429 0.366692355399
120 0.54056408171 0.461115167793 0.112047032869 0.367387945464
121 0.561279288297 0.43867151401 0.112785837088 0.37149331414
122 0.580547754564 0.420463218253 0.112380783383 0.37542220505
123 0.595654073209 0.404117869744 0.11239214407 0.376221463039
124 0.612561644628 0.401344718548 0.112936583894 0.374404227973
125 0.633224043156 0.378012180843 0.112183919746 0.372635994682
126 0.649674888582 0.365572335656 0.112362705131 0.373099098773
127 0.667455753623 0.353854674174 0.112114412526 0.371710413926
128 0.67834908868 0.339443546897 0.112313113796 0.372899547732
129 0.688145650252 0.340050187615 0.112861228215 0.371887696636
130 0.700273406323 0.329732427251 0.112204261593 0.371325554274
131 0.704820721437 0.319777771464 0.112709297903 0.373472320331
132 0.710939298487 0.295837939285 0.113081649872 0.375793454615
133 0.6989236696 0.288210035002 0.112442003836 0.373833795153
134 0.680691170645 0.27684945227 0.111723106786 0.376256984819
135 0.657865194743 0.272070673149 0.112595607007 0.373833537927
136 0.637869321629 0.258056619279 0.112598435367 0.374871988746
137 0.611042983838 0.245941836247 0.112406626988 0.374319202291
138 0.589487957405 0.243228650497 0.112179679157 0.375112256581
139 0.563456575186 0.223594645269 0.112325816675 0.375411645102
140 0.532576471473 0.219774561459 0.111212759328 0.375536830315
141 0.497295751055 0.21650969966 0.112579683194 0.375986995508
142 0.47028081282 0.208624165837 0.112216152205 0.374904610671
143 0.438807191696 0.204399850018 0.112522151373 0.375381335879
144 0.417624606427 0.190256797604 0.112344176808 0.375590837146
145 0.390844787354 0.177827971797 0.112212153163 0.376372042446
146 0.362604544049 0.178669537999 0.112862510324 0.375594868513
147 0.340800635668 0.182817599018 0.112047300539 0.375779941597
148 0.809375 0.195833333333 0.112140671607 0.376602817949
149 0.30177861094 0.182619403071 0.50759638906 0.013213930262
