./../data/Vid_D_person.avi.avi
0 0.431753 0.240421 0.126437 0.543103
1 0.429543315661 0.241426079727 0.12592696567 0.543131567478
2 0.433560516261 0.232601260917 0.125149167907 0.543665743204
3 0.434436764235 0.231645747517 0.125238907015 0.543825741681
4 0.430095445535 0.221575223134 0.124320417016 0.544261972307
5 0.434569002626 0.236720700182 0.122821554255 0.5407996883
6 0.434497161494 0.244237014957 0.124729512045 0.539378763344
7 0.431462963379 0.226990568992 0.120361612367 0.539610662081
8 0.427597398706 0.2157288462 0.119263629395 0.539797172259
9 0.429370587105 0.230334723629 0.124041911554 0.539496039994
10 0.430600972789 0.22604932983 0.124072013816 0.542140963197
11 0.428918365298 0.226847336262 0.122963701617 0.543355461405
12 0.429250571371 0.210670653186 0.118877165779 0.550089968964
13 0.427701033466 0.219559947887 0.118653365644 0.553701869079
14 0.429948898458 0.223686341956 0.118249242039 0.555975356587
15 0.424915308499 0.219481985082 0.118992742033 0.556840124144
16 0.428449715222 0.206393413843 0.117889199849 0.555154493988
17 0.426078898742 0.214391416633 0.116218344607 0.552825198336
18 0.423349634173 0.204459912553 0.118483337562 0.556855620141
19 0.423592339622 0.211016536075 0.118286962611 0.5587504193
20 0.419954647264 0.20638930547 0.118667084997 0.559245211236
21 0.420718756918 0.214097849762 0.117884077698 0.560145094624
22 0.41989451072 0.207276450772 0.118071258056 0.559687065133
23 0.417940637619 0.238981726229 0.118687301956 0.556711630366
24 0.417022928363 0.227582917361 0.1182027564 0.559071331219
25 0.417854743086 0.222146851201 0.118978624471 0.562841312771
26 0.414326617423 0.222396411818 0.119750693634 0.564360965442
27 0.412912708159 0.221117345419 0.120935887294 0.56001710429
28 0.413897946572 0.222911691762 0.118940285967 0.560410733126
29 0.416985581537 0.214081173614 0.118327726722 0.559267592074
30 0.416410382652 0.216534420126 0.119322048641 0.559192929964
31 0.416702537813 0.236939330127 0.119435321113 0.559039967437
32 0.418042987368 0.238109656405 0.117589033824 0.55586273627
33 0.419437134734 0.223614415395 0.119448525239 0.554788698359
34 0.415994344368 0.222177494703 0.119676223103 0.554515269552
35 0.419516431899 0.228587331132 0.119067101207 0.551608045498
36 0.417038835407 0.222419433864 0.11866784625 0.552398555883
37 0.417129424197 0.237328184999 0.117587216894 0.552797110426
38 0.41622804478 0.239180991818 0.118572949774 0.55055494521
39 0.415085677958 0.219611247518 0.118800955503 0.547510857043
40 0.417258805828 0.239083720014 0.11855654516 0.54434849462
41 0.41399570957 0.225481150222 0.118565903925 0.546947061221
42 0.41550200145 0.24110617892 0.117251571949 0.546589274063
43 0.417517871882 0.238682730648 0.115697507104 0.546986377225
44 0.414944209174 0.233124383955 0.116783370363 0.546933738318
45 0.413613084568 0.231942230063 0.117738970835 0.548520347157
46 0.414680092232 0.24196729213 0.118963060122 0.548557406199
47 0.412927017994 0.239026858751 0.119549092321 0.549595808481
48 0.415488983596 0.240950267502 0.119031329506 0.550495188344
49 0.414128752281 0.225270050501 0.119577813057 0.55189241118
50 0.416252830133 0.244604550418 0.11862538052 0.552344411544
51 0.413922378255 0.248911291777 0.120362023593 0.54938642277
52 0.417408171038 0.225068487278 0.117845786079 0.549303541322
53 0.41441402468 0.237879970902 0.119134867856 0.548533740918
54 0.414552582234 0.248300504786 0.118968675186 0.547034844432
55 0.418230142663 0.236317923732 0.119253907048 0.547859632208
56 0.416363830069 0.231564146222 0.120937493122 0.549331643843
57 0.417874672973 0.221959435688 0.121431959438 0.550536729157
58 0.420431556391 0.228318928306 0.119617164103 0.551746702513
59 0.422164052799 0.232938017729 0.119255300849 0.549849419898
60 0.420919585874 0.228715736387 0.119317800111 0.551074215833
61 0.418604877751 0.232874877624 0.11982867038 0.552559119031
62 0.416600789876 0.232674196234 0.119025811779 0.549907094801
63 0.418802000483 0.236392414934 0.11993064134 0.548006030317
64 0.420426074403 0.234927572526 0.117373246845 0.548531930817
65 0.418902353819 0.224595338832 0.118058641519 0.548549889087
66 0.421120588564 0.232349335822 0.120115882822 0.547055932125
67 0.418596779852 0.239138699897 0.119893951556 0.545828543673
68 0.419148244393 0.237394901938 0.119539898684 0.549494476126
69 0.42055677156 0.229121500853 0.118716834059 0.553085129968
70 0.420807291753 0.225446006219 0.118463941282 0.556145184482
71 0.422476630078 0.234501995592 0.118777490665 0.556867726753
72 0.41243425061 0.239469055056 0.118468927504 0.55168602723
73 0.414524794781 0.220700659437 0.118154860684 0.555227252557
74 0.415918129106 0.225592057387 0.118066818434 0.556069829191
75 0.415728023456 0.233548972841 0.118985698724 0.554829596779
76 0.411212512761 0.24788930795 0.119731675571 0.552079429761
77 0.41404916591 0.239730009919 0.119698581329 0.551413971561
78 0.417277838932 0.240415184665 0.119141321289 0.549380049909
79 0.41888339304 0.243873283068 0.117961842051 0.54921392456
80 0.414515078477 0.230373161116 0.118213446553 0.548030137685
81 0.415249464392 0.241889026038 0.119247825693 0.550061105831
82 0.413652644492 0.234838844679 0.120845507576 0.549376497567
83 0.418367672932 0.237895535555 0.120157814251 0.5494341455
84 0.416075182764 0.23878462682 0.119897809082 0.54818275985
85 0.416477342562 0.228992215101 0.119453092689 0.54633207891
86 0.417894594911 0.239939943854 0.118647796495 0.546058106622
87 0.418007096893 0.237604281083 0.118019314813 0.55027365147
88 0.417067268433 0.237555882411 0.118099657836 0.550187302234
89 0.417806617702 0.226807420395 0.118382859387 0.551299639956
90 0.421519536722 0.222097183684 0.11856746268 0.551784402872
91 0.420376511046 0.225882743284 0.117670047762 0.552330671627
92 0.422284299272 0.226731370584 0.117839465885 0.553521411256
93 0.417604069137 0.215159221418 0.117829555625 0.550963101826
94 0.422910462682 0.217773170848 0.118193253584 0.549937381022
95 0.42061129963 0.228914401803 0.118048352868 0.5496281844
96 0.422878453623 0.22534312658 0.11888544905 0.550334022656
97 0.418842850036 0.222655906763 0.119244520114 0.54878835186
98 0.418045408105 0.236085723704 0.120718522763 0.548660273544
99 0.417435162003 0.214036120812 0.120594039023 0.551055476187
100 0.416879543569 0.225974261155 0.120247536213 0.548411358172
101 0.419718585213 0.233488830216 0.119074331856 0.54985951065
102 0.4208733597 0.218588592288 0.118980673432 0.549599559312
103 0.421571118908 0.224515302329 0.118081873507 0.550779096298
104 0.420109104057 0.222285008792 0.118681628135 0.552482772582
105 0.418492744205 0.214681838994 0.11853649637 0.552460526481
106 0.417313537408 0.223581399681 0.118870937841 0.555156889808
107 0.418918504358 0.208516286459 0.119885122231 0.553381139887
108 0.419289365277 0.2005269041 0.1163840135 0.558624017863
109 0.420025329023 0.210699878894 0.117425223329 0.555156118253
110 0.416886172168 0.215659840358 0.116931709979 0.558030435813
111 0.420944078879 0.235513230741 0.117492329613 0.555635880241
112 0.414686863382 0.232903425873 0.119163867566 0.557077775391
113 0.414472202604 0.208556574209 0.119518004211 0.558186526041
114 0.416495633935 0.213264707318 0.117261909775 0.558099068351
115 0.417831120735 0.222753058927 0.118977504621 0.557677471928
116 0.41691449449 0.216405142092 0.118258796463 0.554111394595
117 0.414932392058 0.221628864327 0.119105170857 0.55354457423
118 0.414679100675 0.227321828769 0.118896953698 0.552381213335
119 0.41229141546 0.220273872715 0.119400352024 0.550382973791
120 0.413209554204 0.221762786543 0.119394444749 0.546302710978
121 0.412807364331 0.222465997371 0.119783574699 0.545453109515
122 0.413043219476 0.231588054405 0.119891339868 0.543779839772
123 0.410635443215 0.23440011861 0.119604462369 0.542100904328
124 0.410742380309 0.241896654062 0.119263512915 0.54170267771
125 0.415119918664 0.237753820375 0.118428081676 0.544787519639
126 0.41381215126 0.234148294649 0.118977087969 0.545625410363
127 0.416854132243 0.259517057556 0.119188192286 0.545439912544
128 0.416569802019 0.26888267287 0.120090306007 0.543467035275
129 0.418642560288 0.268563116658 0.120961998912 0.542160068722
130 0.417233481648 0.278600295054 0.120977022647 0.539920344451
131 0.418492534139 0.28996092049 0.121060154249 0.537871509049
132 0.421402224753 0.281296733214 0.12033356186 0.538436477524
133 0.423446763951 0.2741871803 0.120688047712 0.536993204993
134 0.422450106294 0.291537547853 0.121171820162 0.534796394412
135 0.422170859461 0.295219408303 0.121953728092 0.532220161007
136 0.421866850957 0.304395657503 0.122596337977 0.528655615699
137 0.423060521678 0.305063815284 0.122080299269 0.528545661848
138 0.426578269812 0.295348422516 0.121916575288 0.528015592385
139 0.425125542111 0.308595155276 0.121752998272 0.525830625818
140 0.42396316716 0.30216720369 0.12126611716 0.52292445523
141 0.424585291031 0.300533952837 0.121133702824 0.521415158677
142 0.425297002573 0.2985566539 0.120611813624 0.520558532801
143 0.425572510077 0.297553957398 0.120556141003 0.521066845374
144 0.426879618438 0.28969726801 0.119306131592 0.521258078123
145 0.424987786608 0.30661986767 0.119410452105 0.519977271908
146 0.427717359988 0.306858651662 0.119168643468 0.520278507851
147 0.428011716131 0.309839361685 0.118338390055 0.520788932247
148 0.426634474554 0.306919852447 0.118184768039 0.521861224352
149 0.427215679289 0.294426687061 0.118869966813 0.523169620852
150 0.425473555782 0.298704843798 0.119418491268 0.525176440157
151 0.424459537527 0.303099504068 0.119099084545 0.524614333223
152 0.426407706739 0.304489539315 0.117989312814 0.52293587422
153 0.428170425148 0.307205852137 0.11752366937 0.521526531288
154 0.428625897814 0.302031629293 0.116499809112 0.52027840484
155 0.428682114866 0.292736027321 0.114957624055 0.520346095132
156 0.429852629832 0.27218932208 0.110189057813 0.522881087123
157 0.430817679837 0.249785764244 0.110469057298 0.524875061025
158 0.432311822826 0.260769835407 0.1091087187 0.525182859636
159 0.428919408361 0.255719128262 0.107643970553 0.524455440155
160 0.430053000681 0.236596313194 0.107857856437 0.524394037436
161 0.430937605779 0.257005829035 0.106303260846 0.526297918226
162 0.428433217685 0.271955060713 0.105988506543 0.525551402692
163 0.430354011456 0.24793048657 0.106121190144 0.526116377655
164 0.428796037166 0.258070345597 0.105539472292 0.524932542719
165 0.428873056403 0.249453203642 0.105900102906 0.524872923793
166 0.426042847481 0.242099215156 0.106374803565 0.528172174572
167 0.426819213972 0.250387982429 0.106799636215 0.530517816444
168 0.42213395775 0.245720821826 0.106967502738 0.531122318287
169 0.42506023322 0.245250820012 0.107339926155 0.529943858285
170 0.424343066224 0.241675360528 0.107456746076 0.531297937669
171 0.422885528387 0.246885294374 0.107157640973 0.527832258616
172 0.421951764778 0.251506539729 0.106566817935 0.524907723264
173 0.4271722363 0.251667178369 0.107193104894 0.529688325701
174 0.422248054779 0.248576215341 0.106793511769 0.527772260621
175 0.420916431298 0.243465798314 0.106872745756 0.530327310019
176 0.421251878907 0.251444043871 0.106470410495 0.52359183698
177 0.420471594036 0.261845951417 0.107162078947 0.519976111544
178 0.419790290133 0.252771784088 0.107030046651 0.521129864649
179 0.421080681318 0.255768901619 0.106523435459 0.516676540318
180 0.415865514042 0.26609354385 0.10763326112 0.517163954118
181 0.417065106048 0.263307150399 0.107117208411 0.513495954852
182 0.427931393737 0.244954600747 0.105764565042 0.509667893419
183 0.433203103939 0.230848099721 0.10462743537 0.507543591942
184 0.423735877502 0.267287118321 0.10523732445 0.50340103965
185 0.417886383349 0.252885944227 0.105930792626 0.504037796502
186 0.424694322982 0.263865264474 0.106616568175 0.503450885759
187 0.413913158056 0.265158510674 0.106302647296 0.50274109293
188 0.41254864778 0.272791454114 0.106033168349 0.500310442778
189 0.411306100166 0.274042378683 0.10606268403 0.500020627869
190 0.408222992428 0.267736973568 0.106627329215 0.500023197137
191 0.413662755508 0.247726849241 0.106571274799 0.501881403965
192 0.412438995984 0.2509706578 0.106159097364 0.501528324664
193 0.411384853125 0.259180976616 0.106541849435 0.501557057133
194 0.410964366094 0.264637085982 0.106647588186 0.501595468819
195 0.412568771467 0.259677480691 0.10610813432 0.499756811331
196 0.411748322285 0.27111355052 0.106186995769 0.499882980431
197 0.414291158933 0.262511811153 0.106403423106 0.501002505244
198 0.413637657934 0.261005716938 0.106270372427 0.502902655325
199 0.420443230529 0.250600619738 0.105969745052 0.504280478191
200 0.415608703098 0.253113428332 0.106245305404 0.504967980865
201 0.415509216272 0.257259781755 0.106652086941 0.502558263521
202 0.41303521686 0.260535699158 0.106520486319 0.501660974704
203 0.408460126411 0.262102344018 0.106588302624 0.501252398524
204 0.419059381126 0.254388989919 0.106733049541 0.50208741572
205 0.415731237676 0.261216170586 0.106912583356 0.502458935901
206 0.415722611593 0.25814120102 0.106924433022 0.501086624295
207 0.416671229477 0.262316384743 0.106545481234 0.500981079861
208 0.415491367313 0.259340064845 0.10595897316 0.499361042434
209 0.420685239606 0.260574934701 0.106370848359 0.501798301709
210 0.43016527017 0.25563460262 0.106484688725 0.504649596681
211 0.419289141667 0.248219485347 0.106148748078 0.504559505528
212 0.412914780853 0.240236350609 0.106639727247 0.505247089699
213 0.426106937002 0.248288726272 0.106283865715 0.503805717585
214 0.423671426294 0.248708033949 0.105857672914 0.507000679302
215 0.42607296436 0.259143441952 0.105980822423 0.508729449111
216 0.42172967844 0.260722004621 0.105743210996 0.508000631707
217 0.419808059569 0.265162939736 0.106620804715 0.506462271536
218 0.425105029962 0.25063509758 0.10633022581 0.507963652216
219 0.426002949097 0.259431281321 0.105770637725 0.508115530365
220 0.424044890193 0.249527133157 0.105656263464 0.508064126755
221 0.423520316676 0.254326320185 0.106193365698 0.507093466847
222 0.426467283719 0.255704995792 0.106161169666 0.507011747216
223 0.422698359578 0.257521965388 0.10611192492 0.508500246693
224 0.42931246498 0.25268720911 0.105947414627 0.511485659564
225 0.425808266053 0.246118802319 0.106241543425 0.512913910088
226 0.423904491343 0.254530186199 0.106222581102 0.512826220809
227 0.431396753851 0.270885696266 0.106243120298 0.513783505401
228 0.426830863732 0.267000883036 0.106261827945 0.512039051017
229 0.423587554288 0.255437423468 0.105836979817 0.511184586227
230 0.428453588593 0.256724612263 0.106421272086 0.510234848289
231 0.426968051694 0.257030067254 0.106156798199 0.511543630354
232 0.423976465864 0.245668711838 0.105911672377 0.510661137831
233 0.429815107956 0.254933273789 0.106363294269 0.508929708724
234 0.427404048215 0.259646396881 0.106400563929 0.507559065198
235 0.428181659175 0.254075340997 0.106910735355 0.508744945292
236 0.427188915689 0.259190265968 0.106523381722 0.508850523699
237 0.426116853216 0.255413276643 0.10604044022 0.507102284255
238 0.430078676532 0.262501631313 0.107093692862 0.508099218159
239 0.424951296021 0.258413249191 0.106884599982 0.507624726915
240 0.427596480312 0.26186058135 0.106389059442 0.506538368951
241 0.427227670441 0.265823987631 0.106588061799 0.504961636519
242 0.430109788319 0.267352150878 0.106540126717 0.506282033315
243 0.43055262412 0.254197362239 0.106173908813 0.506050019952
244 0.43105706543 0.264012506817 0.106387963994 0.506896695256
245 0.425883722396 0.264392669433 0.107583392798 0.506467517599
246 0.43247213 0.257313863694 0.106980525156 0.508174914034
247 0.425126753296 0.262244096759 0.105594363598 0.507340141082
248 0.428759123398 0.265360348451 0.105537930468 0.506598376248
249 0.426527263933 0.267369809333 0.106258535208 0.506515120923
250 0.426316934537 0.275724729528 0.106134277502 0.507682327011
251 0.426208046153 0.26812296902 0.106324719692 0.507375896278
252 0.426617975525 0.2599194806 0.106595621683 0.508328914792
253 0.426124962185 0.271508679372 0.107183740086 0.507498340551
254 0.41849737467 0.257378648543 0.107010140409 0.508042678102
255 0.409127657431 0.250037774553 0.107028858719 0.507577458191
256 0.419864178254 0.261068677906 0.106775511442 0.507466579119
257 0.422374198322 0.27777207655 0.106808940399 0.506264725931
258 0.422974291873 0.28504696977 0.106847460707 0.507506764711
259 0.421458048079 0.278680848822 0.10634865911 0.507361375611
260 0.418838970192 0.266393690342 0.10690575454 0.511143900655
261 0.420324735426 0.260960910928 0.108480278443 0.509714498817
262 0.41536486373 0.269709944244 0.107362451137 0.509070749087
263 0.419735549664 0.271367487239 0.10739194038 0.508572508706
264 0.419007035544 0.273852761828 0.107273384919 0.508735093813
265 0.418389700613 0.267248508027 0.106671621654 0.508987178487
266 0.420942171146 0.269450023891 0.107231763887 0.51006662701
267 0.421027287972 0.274606208355 0.107335926008 0.508602621038
268 0.420798340282 0.279341409305 0.107361746897 0.506774351836
269 0.424037306846 0.27721046855 0.107230932914 0.507388923354
270 0.419880073535 0.275386108234 0.107023468632 0.508116254092
271 0.421275894941 0.278740126664 0.106740112157 0.507220691244
272 0.419725451479 0.266778409053 0.106314573728 0.505570655664
273 0.416295202861 0.258744326903 0.10670456662 0.508116472874
274 0.421843281227 0.274230042024 0.105640239981 0.500923545749
275 0.416497280382 0.277123341268 0.105831163542 0.501789033989
276 0.413124992493 0.261911594835 0.106775961434 0.506107767817
277 0.413916358801 0.264298599126 0.106941354914 0.506428851577
278 0.41575927951 0.259804939593 0.106612384895 0.504972702664
279 0.418315962949 0.259505616341 0.107134291994 0.505697343298
280 0.415943932624 0.248101612793 0.107363628698 0.505741912317
281 0.417315268984 0.274534843041 0.106192326052 0.502028224382
282 0.416425742869 0.26146005731 0.106569319123 0.503148719952
283 0.418191712047 0.276924132157 0.106140973594 0.502043727873
284 0.417391271495 0.269260655024 0.106017070276 0.497568779257
285 0.417294611186 0.264807091526 0.105908493812 0.499965403128
286 0.420596719588 0.272762486858 0.106834591584 0.497114597341
287 0.416267848225 0.2764651401 0.106134295608 0.499594690717
288 0.420365113644 0.271802274017 0.106796240142 0.500549112755
289 0.419864425097 0.271537845144 0.106996363432 0.501062287368
290 0.419817815656 0.262924312972 0.105752058633 0.500817331766
291 0.421946882084 0.271544647566 0.105332473425 0.503772282637
292 0.423115117807 0.261674184155 0.105925949574 0.508202882248
293 0.422411946936 0.278267897144 0.106211699202 0.505555956364
294 0.42652842698 0.273960952495 0.10549158762 0.504727920625
295 0.424469107617 0.263901585586 0.106388483144 0.506251840579
296 0.423849238707 0.264840224525 0.106497520302 0.507720742399
297 0.42342524126 0.259763120932 0.106405559023 0.509023658179
298 0.423688259508 0.271295253188 0.106530975028 0.508840321182
299 0.425365469025 0.276070138164 0.107041895698 0.508218849394
300 0.422073809611 0.268061478856 0.10778684034 0.509027088253
301 0.424365630323 0.260028822846 0.10709604004 0.509478037918
302 0.423950903815 0.272763567478 0.107049071147 0.507855174082
303 0.422923211024 0.278362035477 0.105751976183 0.506107242177
304 0.423367352229 0.282164051187 0.106189860979 0.505827095069
305 0.423676272367 0.273813085265 0.105036796492 0.505405262344
306 0.419468986896 0.271148216056 0.105356153878 0.506894721197
307 0.417824029131 0.280164333994 0.106211539355 0.507747982183
308 0.419578053332 0.283208564364 0.106679303326 0.505557905019
309 0.423293018015 0.273233867649 0.107223452476 0.506628258973
310 0.425718506633 0.265342124331 0.104838721966 0.507691967998
311 0.428311887171 0.27158022596 0.105589079146 0.507036562859
312 0.427144068081 0.26951877608 0.104352916526 0.506766146373
313 0.42535917242 0.269568046 0.105192178853 0.508791521964
314 0.428368142948 0.275219202112 0.104545624718 0.50813173322
315 0.424546271753 0.263517570972 0.106843070565 0.50496710132
316 0.424756966161 0.265817227112 0.10586003427 0.504105238365
317 0.419830301831 0.284391674958 0.106200060805 0.50230855638
318 0.424957063869 0.282735357246 0.105767979481 0.502188266531
319 0.425055618595 0.271204258517 0.106097609888 0.500035626927
320 0.425180159451 0.268367097823 0.105086077348 0.497069261335
321 0.421899170341 0.272145405018 0.104627284811 0.497556066247
322 0.421513526711 0.273023509767 0.106253323609 0.499679697824
323 0.421767032707 0.269106957918 0.106578243218 0.501623734651
324 0.420708777044 0.281666730947 0.106890539992 0.495567665227
325 0.416738327005 0.280981965392 0.106447248452 0.490113631596
326 0.417879427755 0.282671737505 0.106334223776 0.4910808167
327 0.419393696045 0.279415303298 0.106922389238 0.492920417151
328 0.421667544407 0.276613077015 0.105600119076 0.488096293183
329 0.421563430984 0.281718333926 0.104688084264 0.486449962878
330 0.41918060658 0.259891650536 0.103131032565 0.490813319222
331 0.419717043606 0.279170112662 0.104620543472 0.488733889959
332 0.42002839764 0.267976460816 0.100838678084 0.485966314549
333 0.418724965718 0.221070109179 0.0967794270431 0.496147940767
334 0.423228403578 0.265658694346 0.0970325692341 0.4841331675
335 0.418601574953 0.268661485881 0.0958484905707 0.496078507631
336 0.420389322422 0.288989777929 0.0950843373335 0.496033955821
337 0.423917501805 0.283206338186 0.0956996944316 0.488885591465
338 0.419701829245 0.26952917981 0.0936778146557 0.488878621853
339 0.421780830274 0.277905333542 0.0923246586091 0.492208569751
340 0.418068951133 0.274990770937 0.0930791130483 0.49240488528
341 0.421000242339 0.280746388619 0.0935254274233 0.491052067318
342 0.415670862472 0.279708339284 0.0944299004037 0.493075009601
343 0.41525944765 0.287506918535 0.0943163132425 0.489772197165
344 0.415805857007 0.287005566748 0.0924289717832 0.490499963501
345 0.425121420004 0.288760657126 0.0878276715346 0.487668560829
346 0.428721262916 0.294995133914 0.083369568496 0.485296406359
347 0.419349581035 0.287047759389 0.0891868862405 0.489369879941
348 0.41580937142 0.271679494047 0.09151005934 0.487518455661
349 0.423899387132 0.276420403261 0.0932010060003 0.485617461296
350 0.424096064068 0.2772410828 0.0929959712951 0.497151250906
351 0.424367755296 0.27805331112 0.0934290880994 0.499285416907
352 0.422309005374 0.277273904614 0.0937405960393 0.500396594048
353 0.424490437125 0.282321427246 0.0933580482245 0.498899855962
354 0.425293893501 0.283190415257 0.0934759732692 0.49824993195
355 0.426946542031 0.274946592388 0.0934326815258 0.495839301968
356 0.426613223828 0.288252956002 0.0938876992219 0.497979460953
357 0.427157265668 0.285714612104 0.0940020179614 0.499079874089
358 0.429765866921 0.279198420209 0.0937622963409 0.499101262705
359 0.427147184931 0.261224660389 0.0935498005813 0.499947328134
360 0.430339661992 0.274632827964 0.0933628509782 0.501287264098
361 0.433779729003 0.278364342626 0.0933943998858 0.500359129117
362 0.434694606097 0.280141635669 0.0936491045554 0.50187279783
363 0.431854269925 0.282487074336 0.0941620097248 0.503285169995
364 0.433747074793 0.268774339091 0.0937545256357 0.5019096871
365 0.43897809937 0.261935661274 0.0939239084322 0.500450120829
366 0.437807438829 0.276232926587 0.0938434553937 0.501975561973
367 0.436379427409 0.255755130399 0.0929185152913 0.499589640309
368 0.434757198588 0.262300426595 0.0940842305197 0.497684572885
369 0.435842765829 0.267713888036 0.0932786773809 0.496512370736
370 0.437653522276 0.272953583276 0.0925578850527 0.495860810373
371 0.437214191974 0.25321008869 0.0943239719634 0.499797865471
372 0.43383895447 0.259211396964 0.0943278499892 0.502219086934
373 0.437074382485 0.261271056888 0.0942433940162 0.502990454121
374 0.436977215377 0.25446709646 0.0938156290051 0.500304983815
375 0.435147298917 0.266395840457 0.0940867479128 0.499586117511
376 0.436374108387 0.275015437015 0.0934019070888 0.496645022317
377 0.436527613943 0.268063842793 0.0936866678612 0.499173878763
378 0.435045750757 0.286007354965 0.0935341605419 0.499315271421
379 0.433452110831 0.288854052007 0.0932857170073 0.495156082517
380 0.435559906253 0.279035931243 0.0933637342379 0.491607719029
381 0.433281608094 0.288109333325 0.0924604170614 0.490837379183
382 0.434070067625 0.284024585229 0.0932797009399 0.49123777858
383 0.435574842545 0.275286550682 0.0936621758444 0.495850058157
384 0.436564421912 0.257221117187 0.0937254323414 0.499044876655
385 0.432138474599 0.245352939491 0.0937823874526 0.499791060333
386 0.43425067466 0.266666838043 0.0930595839269 0.504302408545
387 0.431392179971 0.252268435882 0.0942560526028 0.502399202445
388 0.432974807917 0.262417898474 0.0940038588433 0.501008129115
389 0.433718477394 0.264286488991 0.0942526562882 0.501237588841
390 0.430742417756 0.254857653646 0.0938142442991 0.501449550926
391 0.429527786987 0.254265875512 0.0938268671033 0.503144677459
392 0.428118596291 0.255069898469 0.0940427544417 0.503335957526
393 0.426598423959 0.239716309875 0.0940985695623 0.505684964139
394 0.429237762817 0.230526076652 0.0938654050423 0.503862142673
395 0.431532911071 0.239196370353 0.0932350412669 0.500008286732
396 0.430426760587 0.248777922029 0.0934431168143 0.49526624823
397 0.426890402288 0.26836112236 0.0937007328511 0.492015594757
398 0.428256079753 0.272534367183 0.0933066960418 0.490409796747
399 0.425390515292 0.253263488693 0.0948735728826 0.499247661289
400 0.42815788582 0.252071905769 0.0934576163261 0.500340444945
401 0.432480200827 0.259748471652 0.0937232208275 0.500582684944
402 0.433126866826 0.260071725153 0.0931782050071 0.497692122753
403 0.432200417596 0.262030399051 0.0929234042891 0.495305059433
404 0.434026527485 0.261349460509 0.0932642525769 0.494355756456
405 0.435726884326 0.27105358021 0.0934336127427 0.496683630188
406 0.43517795314 0.29054461182 0.0941097598732 0.483428854925
407 0.439712436583 0.274422741157 0.0946188019576 0.493193652022
408 0.434665602295 0.277197704731 0.0953237156909 0.49479224293
409 0.436617111266 0.260652649783 0.0948017623119 0.502401354222
410 0.440935649219 0.254326468144 0.0942823889806 0.500618254547
411 0.442771912584 0.266072498369 0.0927665065647 0.500046325862
412 0.437875379617 0.260402060397 0.0947185165905 0.498459807988
413 0.43988905034 0.269807003991 0.0944957019835 0.499632933964
414 0.438531924857 0.267648868818 0.0947300285734 0.501954523003
415 0.442112342846 0.271972406733 0.0940690497023 0.501942991101
416 0.442517822967 0.275116062581 0.0941771310704 0.501786193921
417 0.438612045258 0.264997963129 0.0939220535969 0.505900393412
418 0.438578517389 0.254722160168 0.0934730414629 0.508420847763
419 0.438015033801 0.25789512476 0.0937096535343 0.508265582881
420 0.437976495581 0.255288325615 0.0931412545591 0.508091424368
421 0.435256566334 0.270835188078 0.0938055158463 0.511510975528
422 0.435408628153 0.274905136196 0.0925729023755 0.507810374531
423 0.43577827359 0.277898652564 0.0924889166897 0.510265152288
424 0.434430166949 0.273097954001 0.0945388228875 0.509146338626
425 0.435871560439 0.286297576846 0.0938677121703 0.508661972948
426 0.429719715419 0.281056757184 0.0941183341981 0.508713601609
427 0.433562759996 0.282551730563 0.0935841364633 0.512581144367
428 0.431619792111 0.280591355502 0.0938332003584 0.512479551591
429 0.426394485443 0.280447403099 0.0943670238959 0.509732748417
430 0.425957240285 0.270251524326 0.0944371663087 0.50993235547
431 0.42803444227 0.28253965204 0.0943547833818 0.509016391245
432 0.426241756961 0.288778639457 0.0939610367425 0.510047362251
433 0.424628000087 0.301178233249 0.0940044056811 0.510326246379
434 0.424044430371 0.310045774666 0.0938050488212 0.509680922224
435 0.421582105533 0.309945132244 0.0936069461388 0.509164500976
436 0.413802329675 0.306307245901 0.0934890723525 0.509274705876
437 0.41180075236 0.303672813959 0.092704985657 0.509079824206
438 0.418454925011 0.27962463269 0.0898716255094 0.509441617233
439 0.427544079188 0.276184251766 0.0893326219082 0.508492656995
440 0.432318079804 0.278614262142 0.0879941597558 0.508733424215
441 0.433133463231 0.272552267425 0.0853740343669 0.509390587727
442 0.429117470977 0.263191891524 0.0844276119793 0.510101821285
443 0.413809122001 0.258561480709 0.0802193085593 0.506415007495
444 0.418688731498 0.267385489446 0.0775420735006 0.505704325774
445 0.410656378902 0.265985003985 0.0774217907927 0.505613651317
446 0.410685157202 0.263467960346 0.0813987598448 0.506950452796
447 0.411024642558 0.266442514653 0.0817558993744 0.507217969188
448 0.412649912184 0.269073653965 0.0813527004122 0.506970409172
449 0.416085097173 0.274107428126 0.0806390517937 0.507775704474
450 0.416421141704 0.263810468636 0.0836415068358 0.509394524165
451 0.420166540811 0.262787828983 0.0859820733551 0.510063200939
452 0.422079514231 0.257150531854 0.0854697111456 0.509384102621
453 0.429068795397 0.268457250898 0.0859573013252 0.507862915655
454 0.434670741999 0.261441172367 0.0844476635035 0.508175166098
455 0.442006679206 0.250225809084 0.0785908397505 0.502478820714
456 0.449257344502 0.244510752732 0.076070481959 0.500512261644
457 0.462773050691 0.247746018162 0.0753769974006 0.498589436063
458 0.459630801395 0.249895372953 0.0751460195503 0.499500923231
459 0.465207729588 0.259514826727 0.0755845296115 0.499796006915
460 0.475197193686 0.263216466268 0.0747383368596 0.499860248092
461 0.484395482191 0.255195300386 0.0756798243486 0.499657156292
462 0.485253407877 0.262650627206 0.0754252312887 0.497622548772
463 0.494555629623 0.267279958013 0.0752880421237 0.49513030288
464 0.496579711421 0.263784662615 0.0757603631162 0.494549539896
465 0.499906860333 0.282762483861 0.0740354365239 0.492297341451
466 0.509602076931 0.275361999566 0.0748179640167 0.493687735845
467 0.515149921685 0.28395949679 0.0756514948614 0.494794922561
468 0.518427958071 0.290090094839 0.0756175671569 0.493135058629
469 0.527531056176 0.289577773812 0.0754031365821 0.490174263229
470 0.531390721169 0.310108182196 0.0746015823477 0.489938988965
471 0.53111744627 0.305908542735 0.0749081157276 0.490577834618
472 0.53095152733 0.303432792794 0.0743858654334 0.490684787848
473 0.536316141162 0.298485338439 0.0746772371273 0.489051220331
474 0.535148731247 0.312705213094 0.07499302069 0.484954960138
475 0.542897503102 0.308758780508 0.0750645525913 0.484591247238
476 0.545346942019 0.307497134412 0.0732063022016 0.483904835675
477 0.540960473127 0.28763630344 0.0726183901004 0.484345542806
478 0.540561782814 0.272558249784 0.0735529692838 0.48536716674
479 0.546604823722 0.278270874635 0.0701957839936 0.482732331152
480 0.553633507395 0.28114565006 0.0705025051147 0.483732813366
481 0.546980748062 0.291346087287 0.0686968983695 0.47983714711
482 0.55830794792 0.28972009242 0.0690879896388 0.475813018821
483 0.566091433752 0.296056828443 0.0692906222074 0.474074170359
484 0.566588873094 0.293784205959 0.069312368936 0.475101139868
485 0.565664365087 0.276333914432 0.0694064351206 0.473525115213
486 0.571466937196 0.285677234738 0.0695548178682 0.47546607583
487 0.576407377929 0.30323975906 0.0737819426825 0.474949075703
488 0.574816180414 0.306405561225 0.0741749931854 0.47456286119
489 0.575778807738 0.303524382596 0.0739935819374 0.474896907578
490 0.575604861872 0.295626983548 0.0745822439943 0.475544848603
491 0.57475961462 0.297375331777 0.0731360463862 0.474785822037
492 0.582478703754 0.30686266498 0.0715362121683 0.473608121321
493 0.582293918919 0.307509274529 0.0741659718929 0.472807152961
494 0.58576638287 0.308025968337 0.0745298902876 0.476019773453
495 0.584239422737 0.312322017536 0.074450396637 0.477019620793
496 0.587882137918 0.293340127975 0.0732581446108 0.476299253058
497 0.592041204813 0.290296449241 0.0718878006362 0.476256914307
498 0.587176349728 0.288222477211 0.0717713362932 0.474757406739
499 0.604114323505 0.272416734303 0.0738939993252 0.475165063484
500 0.615592405368 0.26195737796 0.0748752834022 0.47591726905
501 0.606518903385 0.279317739226 0.0748166974736 0.467671454713
502 0.596417191303 0.293656862127 0.0745803208197 0.467583768577
503 0.600539162426 0.28697905251 0.0742149063739 0.465097062896
504 0.604176738455 0.290237685773 0.0747157832277 0.464926721283
505 0.60361816924 0.285923225097 0.0748371197113 0.466423630485
506 0.605274704762 0.300371044163 0.0744669028216 0.467755002451
507 0.604680365075 0.294461793965 0.074874307089 0.472413675921
508 0.609947261608 0.29354728108 0.0745880175279 0.472014145983
509 0.613176354938 0.293581255736 0.0746765256348 0.47075455094
510 0.616251877603 0.293277130488 0.0757353907903 0.469162690417
511 0.619201969554 0.283206009137 0.0754509025621 0.471841941373
512 0.618447265122 0.280527254494 0.0753508126122 0.474433449684
513 0.619352612163 0.277482819517 0.0748028877606 0.471191010425
514 0.620826936423 0.284337761191 0.0746547298955 0.46763038085
515 0.622298898387 0.289592669117 0.0749788130536 0.465892149296
516 0.630611190236 0.283021735561 0.0748510429168 0.46470797634
517 0.62698538313 0.27705714967 0.0748084921204 0.464848559669
518 0.629528318944 0.290783500877 0.0749485214006 0.463411262203
519 0.634628413062 0.289307670494 0.0746135435038 0.461032772906
520 0.626566228566 0.28944087169 0.0754881971411 0.459700960989
521 0.632147476526 0.286511506221 0.0753597844438 0.46178613196
522 0.645347450502 0.281206651512 0.0748234505394 0.461589472646
523 0.643934059577 0.274723059122 0.0746883422438 0.464046298034
524 0.640099047794 0.276481836963 0.0741055421627 0.458532310693
525 0.634492901622 0.28313001788 0.0741721226143 0.454893987287
526 0.629650307315 0.289935558587 0.0747872535797 0.454329608141
527 0.627574167036 0.289840432304 0.0750619285893 0.460382920148
528 0.631484552096 0.307187309702 0.0744146924888 0.455571228864
529 0.626818134745 0.310266440463 0.0741315520106 0.454536910942
530 0.630195298483 0.304793527818 0.0743964931376 0.460561335825
531 0.630485760233 0.308640825339 0.0744686603294 0.459097622641
532 0.624218903533 0.301348484671 0.0742906181144 0.46103526813
533 0.623149678677 0.300500741445 0.0752703209907 0.458924766393
534 0.629921624212 0.284681285627 0.0753749022385 0.458141896726
535 0.629286906636 0.28846272402 0.0752178875251 0.457788120847
536 0.625652632709 0.295891649814 0.0750392127807 0.457543405788
537 0.628008830384 0.296473085475 0.0750035793644 0.455281189461
538 0.63327758567 0.293919202238 0.075297689963 0.456553189425
539 0.622895344405 0.292858022285 0.0754131144513 0.454210080351
540 0.622404887617 0.292510256974 0.0749366820297 0.453606438276
541 0.608530852344 0.291683605167 0.0749778562741 0.453650156009
542 0.603386177006 0.286933935261 0.0749770545032 0.454393692434
543 0.603217677091 0.298403430217 0.0752436078591 0.457325869131
544 0.603851874621 0.2939305525 0.0745693306396 0.455893957008
545 0.60385156899 0.309710114423 0.0747025969032 0.456569303639
546 0.595019442762 0.306474034082 0.0753339502547 0.456698419795
547 0.588728926902 0.295013454897 0.0746932993648 0.456321258831
548 0.59532483441 0.306659718038 0.0755544686932 0.45783012614
549 0.586456660433 0.300910851425 0.0752582754322 0.458671203941
550 0.574873041635 0.299908187083 0.0746462131308 0.457243163098
551 0.576805243939 0.300867765616 0.0744867671575 0.455918556706
552 0.574999881755 0.29523407937 0.0744407181542 0.456525334459
553 0.582049128275 0.294542483028 0.0747777835565 0.454758735404
554 0.582749199176 0.292645607485 0.0750949284636 0.455086699104
555 0.582804246492 0.291261217008 0.0749358245576 0.454867256067
556 0.585933654034 0.293355260655 0.0742254550405 0.452859784081
557 0.589966420643 0.292091443557 0.0749620860677 0.453449789643
558 0.589386464145 0.296940478324 0.0750601220473 0.453659087443
559 0.586215675663 0.286151026524 0.0749312796403 0.45255829653
560 0.59128567699 0.291283324307 0.0748027198931 0.453300228922
561 0.589849873377 0.287070016083 0.0746868282721 0.45236878867
562 0.597298134378 0.290480281624 0.0743690612384 0.452483649116
563 0.595658900868 0.291533110755 0.0749666835711 0.453866442585
564 0.59640884002 0.299358148499 0.0746562605969 0.453544415318
565 0.599642032913 0.305662428204 0.0751148067778 0.454503423131
566 0.60573790834 0.302689279982 0.0745635032234 0.453490916582
567 0.600115854346 0.305299811319 0.0743744362168 0.452149618731
568 0.600269472225 0.284328139542 0.0750070578441 0.452250878957
569 0.59489683364 0.289951739555 0.0743847796254 0.451559525054
570 0.59695415893 0.296108406132 0.0747425198231 0.456500270479
571 0.596324738884 0.278694538952 0.0747008100616 0.459113727321
572 0.58926216712 0.293909883505 0.0750412498895 0.453493917722
573 0.592536495686 0.305805336223 0.0747041040525 0.453014942288
574 0.598673151508 0.305775229413 0.0752673716744 0.453278065284
575 0.600214722563 0.296294988335 0.0749410316467 0.452619926938
576 0.587543543022 0.304544719855 0.0752306493005 0.452489856879
577 0.584593531288 0.318754362788 0.0756364968397 0.45136578818
578 0.577414893726 0.304765433801 0.0759507752331 0.451396869219
579 0.57736481886 0.308475550686 0.0755796118203 0.45053171485
580 0.574513106388 0.304927341606 0.0752346755963 0.449396861776
581 0.578147648169 0.30103555622 0.0752630559153 0.450129858892
582 0.57898727302 0.299162481343 0.0752409265584 0.450776503056
583 0.582530738242 0.302722051709 0.075047392469 0.451757931246
584 0.579061962025 0.297046234627 0.0751940391133 0.450037100253
585 0.582310180691 0.294557131824 0.0748633071263 0.451318156035
586 0.577422533434 0.306814181267 0.0748722867235 0.451050797682
587 0.575403208142 0.311202112907 0.0746276325505 0.449970285355
588 0.573127885176 0.29987906048 0.0750464853083 0.450082221163
589 0.576849554379 0.296562634419 0.0751420534387 0.450781281259
590 0.576598537952 0.30541297906 0.074970158695 0.447410758861
591 0.573611614161 0.296129870945 0.0751489876767 0.448452642615
592 0.572620381545 0.285073615495 0.0754739829844 0.44921200654
593 0.570715931647 0.296039002298 0.07520161884 0.448668647858
594 0.564942766264 0.301236650091 0.0751720908458 0.449739952315
595 0.563928966377 0.297979209743 0.0749734309084 0.449627126654
596 0.566094009396 0.297865685217 0.0758055228449 0.451336200408
597 0.583663443224 0.29607521951 0.0756495684878 0.450521184316
598 0.591493398945 0.287121267003 0.073825801385 0.45044308831
599 0.584045929365 0.295021500062 0.0747501754352 0.44943162452
600 0.579874828829 0.29057495795 0.0749824056145 0.449003940743
601 0.565677971171 0.302144602298 0.0746843725047 0.449235913808
602 0.528483725727 0.317722255091 0.0745960403573 0.450365284105
603 0.504687110249 0.32041528264 0.0749394688145 0.451153049268
604 0.500201426557 0.313474458048 0.0747792242994 0.451141983732
605 0.498364460016 0.287843756391 0.075561982572 0.455170047891
606 0.49660567469 0.271682056751 0.0749570261835 0.458397303741
607 0.49947015425 0.284348782278 0.0748814705072 0.457734301333
608 0.499487684763 0.273364909955 0.0752021196532 0.457223515825
609 0.497720385539 0.260111325211 0.0753962547113 0.457327558764
610 0.493947331862 0.256128423269 0.0754010306802 0.45739026638
611 0.490271315186 0.275375045145 0.0748301991066 0.456571733678
612 0.487455295918 0.270125514021 0.0747381658415 0.455537116619
613 0.483234151982 0.27080239038 0.0748002334086 0.454037675039
614 0.475782846628 0.270809467686 0.0747971181575 0.453275374258
615 0.478519861561 0.276467743132 0.0747501306614 0.451218696634
616 0.453647253309 0.257808354405 0.0749804266165 0.453213565837
617 0.468703352539 0.277523862048 0.0751454727467 0.449143490433
618 0.470566168226 0.278009468769 0.0746127446263 0.442446185509
619 0.463928043499 0.27957595102 0.0748456681945 0.437288749481
620 0.467977623675 0.271437361858 0.0752273604305 0.435081743976
621 0.465106941141 0.276417062762 0.0752074118823 0.433051011486
622 0.462522080622 0.278940480025 0.0752741882252 0.435076426047
623 0.461618766192 0.268432771275 0.0751833552386 0.438710320603
624 0.46569055244 0.267880405169 0.0747691774488 0.442503667769
625 0.459971976318 0.273002177504 0.0742559131352 0.44114536303
626 0.46429308652 0.260274675157 0.0753542517747 0.445207198824
627 0.463000739265 0.264130998733 0.0754903978935 0.447621850122
628 0.462559106904 0.271545148437 0.0756081913269 0.450419119436
629 0.470546383262 0.258890324051 0.075539238546 0.444981608684
630 0.467966551916 0.251575006495 0.0757230274552 0.451506376999
631 0.468385149061 0.266456680762 0.0750043434382 0.449193684914
632 0.470200591689 0.274839577238 0.0754307389232 0.453745531901
633 0.46919568471 0.271559813322 0.0760671648051 0.453708744732
634 0.465541134363 0.297322902089 0.0749447748349 0.451350695682
635 0.455186559378 0.297073357104 0.0747935459914 0.449169983763
636 0.45335876666 0.299503501453 0.0755785153418 0.451607749922
637 0.453712848811 0.299817852592 0.0757038045103 0.451139416795
638 0.46020005019 0.289639781101 0.0751351991688 0.451546301709
639 0.4660861497 0.290741420921 0.0746987758672 0.450926496757
640 0.463755949639 0.278877520155 0.0747001858286 0.450405096885
641 0.465971572016 0.271116961339 0.0747232137457 0.451665182522
642 0.464858382138 0.288453569635 0.0746622489757 0.450386957576
643 0.462329309444 0.278725233229 0.0743041094602 0.448966276004
644 0.460213988932 0.281249085368 0.0750117058735 0.449085413625
645 0.4603741143 0.279804969352 0.0746765810353 0.448454603067
646 0.46256602675 0.274839184233 0.074781115773 0.451020467237
647 0.462994832336 0.284443329865 0.075159492014 0.451683345574
648 0.458034580115 0.285225435291 0.0748402796802 0.450335721692
649 0.467634523126 0.293214422018 0.0744094584647 0.450723906581
650 0.471865018916 0.285048240284 0.0744734780687 0.449807268204
651 0.471023954212 0.274634839291 0.0744624035672 0.449541756862
652 0.472912009697 0.278965043446 0.0744690028091 0.451115293569
653 0.476229104306 0.276852269214 0.0751068591349 0.449016378013
654 0.474521465245 0.278386248027 0.0753010941301 0.447870829504
655 0.478838131754 0.276401729772 0.0751321593494 0.446627256645
656 0.484708883039 0.273594243714 0.0754472191115 0.445865251698
657 0.488102238464 0.280775502174 0.0750660936372 0.443219782487
658 0.487469524032 0.280746264443 0.0751393803288 0.442016076561
659 0.494642476317 0.2719077707 0.0747131337462 0.44365362992
660 0.501461816498 0.278386955569 0.0745399839729 0.445561733812
661 0.508130736909 0.283697295536 0.075059856949 0.443662945912
662 0.510198919545 0.286536910395 0.074587286757 0.443814817113
663 0.505346381817 0.296028897117 0.0753231376438 0.441755086692
664 0.506572617445 0.269536897734 0.0749945581247 0.437827801373
665 0.505944424693 0.258097313449 0.0751021301013 0.435038888871
666 0.500295203248 0.279406753634 0.0754995936197 0.433060360169
667 0.504926483484 0.276407000207 0.0750244367678 0.43362859036
668 0.518629824577 0.27782467771 0.0754142224849 0.435548564163
669 0.511422620619 0.277154363038 0.0757159857586 0.434430886439
670 0.516997327786 0.285715748496 0.0754672167526 0.432644618838
671 0.519038284429 0.275572993347 0.0755121677283 0.431801894435
672 0.513480777176 0.281892363107 0.0746094321973 0.432092319081
673 0.522964781059 0.274326749779 0.074689773934 0.433000752984
674 0.524177432489 0.269682340123 0.0747725681398 0.433292677211
675 0.528929976045 0.280542895818 0.0745875114509 0.433095100434
676 0.533320972293 0.286154630135 0.0747447591583 0.433588463716
677 0.537318740129 0.289881828432 0.0750624099691 0.434118701884
678 0.542132123524 0.288095136381 0.0751358326314 0.434635386867
679 0.543107138101 0.293682942907 0.0749351235568 0.435592070576
680 0.54887547167 0.285272123251 0.0751225323469 0.434817926083
681 0.563272802625 0.284711861377 0.0742461052648 0.432713437239
682 0.578795224349 0.295341971407 0.074555845974 0.432802038864
683 0.579111855016 0.302659220475 0.0745984006959 0.433062651239
684 0.545295193662 0.304024692991 0.0738810895229 0.429056327074
685 0.522784954054 0.283440180481 0.0748959988802 0.431730535385
686 0.527261497747 0.279875241643 0.0752753758436 0.430820099232
687 0.54966189471 0.275767123454 0.0750891653492 0.43114823198
688 0.552910319519 0.281386480504 0.0756229640441 0.430699531667
689 0.555097022809 0.292388800611 0.075392681165 0.431077576409
690 0.561308497319 0.290567568656 0.0748571197167 0.431625746016
691 0.555733067672 0.281474362127 0.0748036684267 0.432892955515
692 0.552628045617 0.28041435273 0.0747038407799 0.433516273914
693 0.558432043894 0.279465673242 0.0746190152496 0.43388176018
694 0.559224769188 0.286285616336 0.0752928734514 0.433952221289
695 0.555915586304 0.284895717331 0.0749694035259 0.434182217526
696 0.553148960497 0.275132551221 0.0749639558126 0.434079575994
697 0.558089192493 0.286719274137 0.0746639849165 0.433996671332
698 0.557101077198 0.286685144614 0.0752336824317 0.433988530387
699 0.5545399926 0.281569692831 0.0751781629153 0.434056663029
700 0.556728986311 0.280724722184 0.0748243761486 0.43279788792
701 0.552060562165 0.285712442687 0.0751393967669 0.432367508745
702 0.550816279586 0.290847323495 0.0755971154019 0.431986747879
703 0.560842452317 0.285347629454 0.075358150602 0.433552388426
704 0.563535153015 0.285247432683 0.0754771873327 0.433723845777
705 0.555420940688 0.288447459946 0.0753291862768 0.433686815025
706 0.553798411363 0.287018738818 0.0747900346957 0.432256151855
707 0.552907722806 0.290484660676 0.0750018421956 0.432900450404
708 0.556997437542 0.290678745816 0.0742925191715 0.432609456023
709 0.554665014708 0.291390118424 0.0745372542886 0.432697241633
710 0.55536969712 0.276972994639 0.0745632302985 0.432783296309
711 0.554892952542 0.273367462244 0.0746614322617 0.432400104425
712 0.550519608822 0.279297420415 0.0746776457989 0.432875590631
713 0.550625280759 0.291203382214 0.0745813406029 0.434258506129
714 0.55040641107 0.276981635 0.0748049528366 0.434231560524
715 0.54216963462 0.27535360627 0.0744700855482 0.436393889899
716 0.545267015704 0.285694505465 0.0754151795214 0.43420299608
717 0.548144037295 0.289119174949 0.0743249599394 0.434781943972
718 0.542209081169 0.290169928462 0.074056057689 0.433309105516
719 0.541282489073 0.287047192102 0.0748518911904 0.434323331635
720 0.53109012891 0.274621874256 0.0750572163469 0.434916893104
721 0.532752470776 0.286252663961 0.075207632938 0.434681720996
722 0.525426018157 0.285110151642 0.0753696404418 0.43286406156
723 0.524277128664 0.28783152992 0.0754454352656 0.434009151212
724 0.528626096626 0.29250219144 0.0756865086426 0.433834801018
725 0.526100070415 0.282170041358 0.0760662563026 0.432974216752
726 0.524042991214 0.279079625288 0.0751045633465 0.433090062438
727 0.525208276746 0.286352057737 0.0749738768703 0.433525815783
728 0.521135894048 0.27892903344 0.0753369815019 0.434775926302
729 0.520012959003 0.274003936946 0.0757662694589 0.429965386627
730 0.526553529899 0.279811204646 0.0752178537887 0.429529477668
731 0.535634236846 0.275001007665 0.0744683743019 0.43480506073
732 0.527580798541 0.276127106 0.0745786525872 0.43349920521
733 0.518068644568 0.274578889151 0.0751623124653 0.434323125468
734 0.518383408014 0.270323114211 0.0751103737024 0.434143361632
735 0.52215083049 0.27270388254 0.075693933575 0.43434281425
736 0.515953090791 0.276971546496 0.075513689062 0.432871706415
737 0.521839501805 0.277336876138 0.0758748926286 0.429469995702
738 0.517114652431 0.272284402922 0.0757645034808 0.426476975328
739 0.516931903676 0.271907608184 0.0754627425344 0.42808112855
740 0.513423025649 0.271498786816 0.0748555950894 0.431205579214
741 0.516310148226 0.26707489184 0.0747277447678 0.430897905825
742 0.51661495787 0.270860048882 0.0744431750723 0.429992992867
743 0.512103566383 0.2657189117 0.075289919915 0.433355060561
744 0.507205203855 0.265240423853 0.0751747343051 0.433580736843
745 0.498298714857 0.252374109153 0.0751089243695 0.432444304396
746 0.495919049441 0.260725710136 0.0751983408927 0.432997675852
747 0.493137669353 0.266587914724 0.0744220696718 0.433673287457
748 0.497650617314 0.261890060191 0.0742598445029 0.433000738303
749 0.493349182569 0.269275821243 0.0744983562638 0.433244626467
750 0.492110588711 0.277432855098 0.0745475801554 0.434663223533
751 0.487702208399 0.266698107948 0.0747397451017 0.432653197904
752 0.485676513418 0.260943575599 0.0745947417865 0.432070545222
753 0.489366420077 0.267359719427 0.0744386472824 0.431993851526
754 0.488416083968 0.268088753591 0.0751697841758 0.432978989815
755 0.48376805008 0.270925349917 0.0752653401217 0.431121913255
756 0.489672324182 0.269774856911 0.0753665023975 0.431217968613
757 0.48736548749 0.268727567788 0.0742836971297 0.431746154734
758 0.492777485939 0.261808343135 0.0743889901676 0.433784054577
759 0.489788390212 0.238344034534 0.0747769138659 0.434619921901
760 0.488042319277 0.242270478022 0.0750342332721 0.433585694018
761 0.485173973991 0.249036011341 0.0747984409379 0.432562058713
762 0.486829614368 0.248143599599 0.0739202715094 0.434161621959
763 0.487213629953 0.252631760626 0.0743526331923 0.433515925528
764 0.488510139784 0.249387151597 0.074554992171 0.432924208087
765 0.491611234721 0.25656981655 0.0751538738446 0.432025630417
766 0.489791664866 0.257670478801 0.0755650029962 0.432036340908
767 0.488868943187 0.262174424304 0.075647865649 0.43286140246
768 0.489984410267 0.260280685433 0.0752949215657 0.433194597615
769 0.491178215308 0.271454814276 0.0741404059428 0.431509266281
770 0.502690836766 0.266820122989 0.0735619843961 0.430758133681
771 0.50158004039 0.262757750927 0.073739779389 0.432248456027
772 0.495612346161 0.251889376041 0.075061539613 0.430093405454
773 0.501503313558 0.243382887001 0.0751149723724 0.431578648197
774 0.503890594243 0.237954911466 0.0746802253501 0.431964226498
775 0.509468809079 0.240727359842 0.0742032705112 0.433473781603
776 0.49854419877 0.257237152188 0.0748710404121 0.431860126151
777 0.510552723307 0.249351546767 0.0758763898748 0.432542178621
778 0.513175127909 0.248589578333 0.0750346828324 0.430062156209
779 0.518498940677 0.245455755115 0.0746582151325 0.430110675155
780 0.516913296881 0.248908274295 0.0750344935937 0.431066855279
781 0.514818129208 0.249950364135 0.0755737542491 0.431096100117
782 0.515678189282 0.271306826149 0.0753974643373 0.431381940741
783 0.521310740555 0.272376356856 0.0744020968063 0.433455395021
784 0.516374648533 0.272979262399 0.0750259261977 0.433052717292
785 0.515150729184 0.256402148891 0.0748504253263 0.43457835254
786 0.514604322377 0.270394472234 0.0761004880631 0.434541231588
787 0.524642780583 0.27656448344 0.0741766921173 0.430608141496
788 0.524691234062 0.264036519447 0.0742699349316 0.435876415694
789 0.529438988307 0.261888121175 0.0742460443868 0.433298240319
790 0.532699643664 0.25180875104 0.0746125628913 0.433399298332
791 0.530423161377 0.261678633631 0.0743624653183 0.432639390231
792 0.534032002654 0.266326891624 0.0757796599502 0.430749038586
793 0.537443051598 0.273293268129 0.075224679586 0.430077819948
794 0.528749655972 0.26830554742 0.0749556877594 0.432027941011
795 0.530819507913 0.269005209855 0.0749089608592 0.43236689155
796 0.536288507388 0.267776138894 0.0751186517187 0.433253402052
797 0.531001590645 0.277288965621 0.0745956971534 0.4333166199
798 0.533924263114 0.283594109832 0.0745090170479 0.43438123993
799 0.53708780118 0.281188583681 0.0752494437768 0.433920040809
800 0.532344187023 0.279094493604 0.075592554277 0.433469571183
801 0.535562657107 0.285032771865 0.0763559445817 0.43082819899
802 0.540815263349 0.283768386035 0.0754190407332 0.432003279274
803 0.542582982963 0.268797828351 0.0752083038482 0.430413542291
804 0.552170549436 0.260320331601 0.0745831552626 0.431677526769
805 0.556531967287 0.258162816744 0.0744042177444 0.431927567117
806 0.556547946596 0.27293747626 0.0749571762712 0.427447701692
807 0.55999394446 0.261552944869 0.0755861944284 0.433300484026
808 0.564438222491 0.270791274248 0.0746008362521 0.433945534857
809 0.568016550169 0.266845014722 0.074642899077 0.434179969273
810 0.565507402296 0.285894891027 0.0751661092594 0.429580912595
811 0.566504900387 0.285344432577 0.0750799834797 0.428858725145
812 0.560563893654 0.285475660104 0.0754237810311 0.428890715047
813 0.577834612629 0.27408968951 0.0749814301423 0.429011212862
814 0.57986737787 0.279012408149 0.0752796392791 0.428191660419
815 0.574738717341 0.28154248681 0.075659484232 0.431800066032
816 0.578643590424 0.285621700771 0.0756355638114 0.431657873444
817 0.583199745916 0.275818983445 0.0750980266215 0.432866774776
818 0.587536657934 0.253799476001 0.0752587349975 0.432092182367
819 0.595076135145 0.25977749074 0.0755932698331 0.432617637164
820 0.605768958828 0.243437059021 0.0754751054619 0.433887131102
821 0.601040460442 0.251181031252 0.0749949902656 0.432673660801
822 0.602480436458 0.242966036077 0.0747530744273 0.433304730084
823 0.612521410152 0.255961428687 0.0748799587308 0.433776254061
824 0.612603367157 0.254439159651 0.0753458537383 0.432729123913
825 0.611591631793 0.271873079683 0.0751481182433 0.431932643634
826 0.62345871522 0.272705443728 0.0747549735133 0.433639620376
827 0.630147241808 0.271883628675 0.074751567138 0.431551555466
828 0.626463114657 0.272650445393 0.0752631349944 0.430806695375
829 0.630920625222 0.278900666589 0.0748001535076 0.429740519877
830 0.629179940664 0.279329207693 0.0748467629976 0.431432470467
831 0.637600368933 0.284746670512 0.0743284624342 0.431439583165
832 0.639903653678 0.279052454515 0.0748053958774 0.431367739699
833 0.642712446828 0.268184590626 0.0743026564149 0.433252476481
834 0.645930608048 0.292333422305 0.0751620708561 0.431322221755
835 0.649506125068 0.292996752005 0.0746482550766 0.430094400158
836 0.654374824227 0.265237926395 0.0741422776685 0.432400223296
837 0.658493479769 0.2791319475 0.0740497075085 0.431694146052
838 0.656068837724 0.280235982915 0.0749754252317 0.432585679614
839 0.655214247106 0.279276470394 0.0755889374065 0.432721395615
840 0.658125186342 0.275732155165 0.0748624037746 0.432644070151
841 0.652841090426 0.283702548788 0.0751144638867 0.434455621021
842 0.651593733273 0.273429773816 0.0751482973006 0.434221565622
843 0.657915617869 0.292005320676 0.0753542524954 0.433168246325
844 0.65590065861 0.305060273996 0.0748151917108 0.433736006734
845 0.648737506859 0.30011607576 0.0741683889611 0.433281774333
846 0.646341518301 0.29837429069 0.0725844545704 0.432923753741
847 0.64168919887 0.297053154064 0.0716226823464 0.434372704596
848 0.647053579098 0.297469408029 0.0726459686105 0.432871802536
849 0.649074969904 0.290200379353 0.0754243923576 0.433321068335
850 0.634711883704 0.303759786062 0.0759821441178 0.433075155988
851 0.64672935224 0.305090820515 0.0757176671105 0.431861214313
852 0.656914839577 0.3069147704 0.0748629763511 0.432391586823
853 0.632416577792 0.30179984405 0.0752888812266 0.43247612103
854 0.641589128436 0.298775457483 0.0749996312354 0.430989768999
855 0.641193678329 0.308152825671 0.0746559667635 0.431553973744
856 0.624420889611 0.306578062465 0.0747579798326 0.43066622527
857 0.626075930965 0.300765723836 0.0745524402949 0.430816352513
858 0.628714883257 0.283385771581 0.0746338015937 0.430340835818
859 0.624844133552 0.288716190202 0.0748786131106 0.432402526658
860 0.62072175297 0.293990962472 0.0746912773121 0.432181724847
861 0.625190506359 0.287790059462 0.0747303007972 0.431647594051
862 0.628248542473 0.295485563634 0.07478138036 0.432393610051
863 0.626002014116 0.295204481901 0.0747223435877 0.431063441593
864 0.6175897036 0.297797941526 0.0759555372119 0.430086765936
865 0.608682668404 0.287026648486 0.0748781858279 0.432858587065
866 0.619066739237 0.298782277527 0.0752749088169 0.432479507412
867 0.619996408489 0.296916398805 0.0743818933943 0.433043638735
868 0.617902873428 0.29801588472 0.0743720924281 0.433200278827
869 0.620874551312 0.296072258265 0.0742156179438 0.431515316599
870 0.624107448657 0.295737196227 0.0747950291183 0.432327437695
871 0.619016867022 0.296370244199 0.0746227244509 0.432022701228
872 0.620967020692 0.287735196985 0.0749594172457 0.432697317117
873 0.619845547073 0.295295864046 0.0747631533596 0.432411077343
874 0.628834176578 0.309984841985 0.0743710090642 0.430589340158
875 0.623731374225 0.296761259028 0.0748326637772 0.433683577161
876 0.617385075793 0.287904735765 0.0746173753938 0.433956236574
877 0.615792222652 0.286934801629 0.0744569680413 0.432845963492
878 0.613501765963 0.284700346889 0.0742818446721 0.43299332824
879 0.614894852542 0.283441231786 0.0747495619079 0.432744339809
880 0.615466417782 0.287611645761 0.0752803147739 0.434179324417
881 0.618209776656 0.291560791749 0.0752199406451 0.43475305096
882 0.618126202846 0.292581226504 0.0749113252598 0.433806901131
883 0.615592020774 0.284771010781 0.0751393967673 0.433735595334
884 0.613544078052 0.279697859193 0.075114776909 0.435766062984
885 0.610247633013 0.283251532312 0.0748655668569 0.438159020975
886 0.606652832312 0.295802011548 0.0749931071842 0.436909656765
887 0.606002323447 0.300442039611 0.0748254603311 0.438562414415
888 0.606535594667 0.28842092842 0.0755761286332 0.438662691576
889 0.607732504761 0.283917086561 0.0751714670533 0.43677397822
890 0.613629925962 0.279517918125 0.0752174654457 0.434380449772
891 0.611509131426 0.298935052891 0.0748067457892 0.435092106836
892 0.609702319275 0.297872448294 0.0752938511062 0.435301655327
893 0.611424071997 0.292060935254 0.0749993149759 0.434284373558
894 0.60860279271 0.283076675928 0.0758200591397 0.43574258979
895 0.611150527354 0.278295545001 0.0734869689981 0.436708115358
896 0.611129065104 0.27827988611 0.0750271840896 0.436251168785
897 0.615899860224 0.28633467893 0.0748910541571 0.434360719534
898 0.614196486114 0.280878990868 0.0755399922248 0.430538338306
899 0.614838530456 0.28214965684 0.0743378274025 0.432711493951
900 0.610680729623 0.296265073085 0.0758810400533 0.431560923802
901 0.615356898291 0.274423046952 0.0742972389094 0.431097614265
902 0.612263144735 0.29021537307 0.0745709924588 0.431876664061
903 0.616750404889 0.291602323763 0.074112514524 0.431742292766
904 0.615335764807 0.271333284145 0.0730709526568 0.432651702882
905 0.616416736405 0.277768603053 0.0738403427406 0.432374612489
906 0.623230334704 0.283387285013 0.0739975636986 0.432473785416
907 0.621819227117 0.277604005227 0.0724943895589 0.433090385491
908 0.618742230542 0.276150203654 0.0730532134735 0.433752185236
909 0.611131401496 0.279065653108 0.0734257953041 0.433046201324
910 0.612226220041 0.278220621493 0.0756176792929 0.433072554517
911 0.607442670321 0.279174868316 0.075659965082 0.431673999788
912 0.603972192589 0.262885220531 0.0746942272097 0.433992196806
913 0.598732457726 0.2598352092 0.0752709760852 0.433963180787
914 0.596772090169 0.262547120415 0.0747297492449 0.432912214971
915 0.595807015141 0.265714829711 0.0748860717562 0.431971657023
916 0.587654060656 0.270833696056 0.0748132216192 0.434534522964
917 0.583116426701 0.267780216486 0.0748161545916 0.435595582521
918 0.583649992066 0.268535802488 0.0751625344776 0.436262221557
919 0.58006759872 0.267503145005 0.074943186662 0.433831526046
920 0.577874495392 0.28046144724 0.0754944309936 0.433612316067
921 0.575140530446 0.272122078416 0.0748256819425 0.435607772734
922 0.569778294726 0.274964912688 0.0746520221868 0.433776669195
923 0.56853954224 0.277524534201 0.0741952214474 0.431887967455
924 0.567661204938 0.28549129556 0.0741380775562 0.430859963133
925 0.566497242326 0.28862934727 0.0747710868724 0.430405869202
926 0.566012581531 0.277637519792 0.0745990106678 0.428412301746
927 0.564024875049 0.279171803097 0.0742620114941 0.430203119198
928 0.561088053259 0.279034569072 0.0747171233129 0.430982869408
929 0.559734628914 0.268353750152 0.0747128196158 0.42755328877
930 0.5602793958 0.270072846104 0.0752539045397 0.428680866409
931 0.557557412715 0.269215758472 0.0757274282205 0.428083639978
932 0.557590704924 0.274245312494 0.0758401961763 0.427760261185
933 0.561454557687 0.270370829441 0.0754939367228 0.427182652447
934 0.557924195955 0.266276667525 0.0754395384012 0.425057080085
935 0.55325332081 0.276447242973 0.0749185877245 0.424881874771
936 0.555706987578 0.271656719895 0.0742839830295 0.426616585403
937 0.553464912398 0.267463196282 0.07432883314 0.428261674888
938 0.545861631026 0.267335215393 0.07479720893 0.428690358591
939 0.538373803755 0.264213900708 0.0747050319351 0.426875267324
940 0.537969506314 0.289536461453 0.0746153291814 0.425445410526
941 0.533502522639 0.286978063859 0.0761418339433 0.430352346993
942 0.528379237799 0.284765071135 0.0758815745833 0.430501322528
943 0.529156912165 0.291341587007 0.0760477931793 0.429835195442
944 0.52634731316 0.296454568979 0.0753395840123 0.429789778176
945 0.520899346029 0.273464005704 0.07524183372 0.428539208931
946 0.532078482552 0.277442511777 0.0740068568967 0.4291513759
