./../data/Vid_L_coffee_on_table.avi.avi
0 0.400862 0.359195 0.0811782 0.187739
1 0.409635347164 0.404876300602 0.0811782 0.187739
2 0.416490465457 0.407246568394 0.0811782 0.187739
3 0.410392392776 0.404248491942 0.0811782 0.187739
4 0.407957228567 0.378677281394 0.0811782 0.187739
5 0.403061857043 0.399602165584 0.0811782 0.187739
6 0.407044257969 0.402761855061 0.0811782 0.187739
7 0.403485254021 0.386452978833 0.0811782 0.187739
8 0.404246577503 0.385538784976 0.0811782 0.187739
9 0.418855521828 0.39503721213 0.0811782 0.187739
10 0.424369609624 0.403048319681 0.0811782 0.187739
11 0.426485238965 0.396211008216 0.0811782 0.187739
12 0.431990955798 0.388935448276 0.0811782 0.187739
13 0.42882471892 0.394842284234 0.0811782 0.187739
14 0.425786693626 0.394557161266 0.0811782 0.187739
15 0.421663841525 0.385553515324 0.0811782 0.187739
16 0.422414947876 0.399169221449 0.0811782 0.187739
17 0.42313214239 0.399640472366 0.0811782 0.187739
18 0.420459305913 0.397604691147 0.0811782 0.187739
19 0.418504274771 0.401711137553 0.0811782 0.187739
20 0.418482467923 0.384718187433 0.0811782 0.187739
21 0.420468300141 0.388534410778 0.0811782 0.187739
22 0.427818766504 0.403775275383 0.0811782 0.187739
23 0.410292976264 0.377132351995 0.0811782 0.187739
24 0.39846577519 0.373572627415 0.0811782 0.187739
25 0.397370018163 0.372314796299 0.0811782 0.187739
26 0.407752565204 0.393622146427 0.0811782 0.187739
27 0.421866679166 0.407173372929 0.0811782 0.187739
28 0.431299340826 0.406744877757 0.0811782 0.187739
29 0.430542154414 0.392142522357 0.0811782 0.187739
30 0.423796728843 0.389193396478 0.0811782 0.187739
31 0.429070839113 0.378724024925 0.0811782 0.187739
32 0.424162686494 0.381386176119 0.0811782 0.187739
33 0.410345672561 0.365658947046 0.0811782 0.187739
34 0.420868850673 0.369623843083 0.0811782 0.187739
35 0.411899931829 0.376758763541 0.0811782 0.187739
36 0.422768144126 0.387106004299 0.0811782 0.187739
37 0.424937147001 0.379218606057 0.0811782 0.187739
38 0.424250767093 0.372091400575 0.0811782 0.187739
39 0.42426506946 0.368845167858 0.0811782 0.187739
40 0.440139443657 0.378545173939 0.0811782 0.187739
41 0.434940005979 0.378669688849 0.0811782 0.187739
42 0.43887225755 0.387483824169 0.0811782 0.187739
43 0.422149980573 0.377403494454 0.0811782 0.187739
44 0.418589144963 0.3747535988 0.0811782 0.187739
45 0.415686627255 0.388943685635 0.0811782 0.187739
46 0.419029019062 0.394565562374 0.0811782 0.187739
47 0.433433070029 0.39408491432 0.0811782 0.187739
48 0.432684913416 0.398465319192 0.0811782 0.187739
49 0.431095053072 0.392079731382 0.0811782 0.187739
50 0.436312915331 0.393299592478 0.0811782 0.187739
51 0.4343944386 0.398126447854 0.0811782 0.187739
52 0.457740006675 0.395238276814 0.0811782 0.187739
53 0.46096347891 0.380707062313 0.0811782 0.187739
54 0.440735823113 0.381805241643 0.0811782 0.187739
55 0.407982530736 0.382031242998 0.0811782 0.187739
56 0.404749043376 0.387402658096 0.0811782 0.187739
57 0.393910592818 0.382452661909 0.0811782 0.187739
58 0.420414579704 0.400580923939 0.0811782 0.187739
59 0.430719236607 0.396833100874 0.0811782 0.187739
60 0.423992504964 0.390049832783 0.0811782 0.187739
61 0.4340318387 0.39610614972 0.0811782 0.187739
62 0.441824009932 0.38875577438 0.0811782 0.187739
63 0.428802715658 0.389602955164 0.0811782 0.187739
64 0.427259972494 0.387042516585 0.0811782 0.187739
65 0.444287634044 0.384597079762 0.0811782 0.187739
66 0.443197447401 0.38429418943 0.0811782 0.187739
67 0.445782824352 0.377159202158 0.0811782 0.187739
68 0.432982794377 0.37966648252 0.0811782 0.187739
69 0.430099147968 0.376157771731 0.0811782 0.187739
70 0.432556566474 0.376656269783 0.0811782 0.187739
71 0.429634846245 0.378971140143 0.0811782 0.187739
72 0.418939836897 0.370571740216 0.0811782 0.187739
73 0.424813425523 0.376293789931 0.0811782 0.187739
74 0.435300683632 0.377390970847 0.0811782 0.187739
75 0.42202669241 0.384534696028 0.0811782 0.187739
76 0.406395142346 0.361460762646 0.0811782 0.187739
77 0.411152707141 0.36421542089 0.0811782 0.187739
78 0.425722455953 0.379081585151 0.0811782 0.187739
79 0.438943467204 0.3843930339 0.0811782 0.187739
80 0.436735326655 0.378362468788 0.0811782 0.187739
81 0.425481644843 0.369491599493 0.0811782 0.187739
82 0.428073104745 0.372845487986 0.0811782 0.187739
83 0.423385668991 0.361138753447 0.0811782 0.187739
84 0.432174405337 0.378244021558 0.0811782 0.187739
85 0.42934183392 0.384090340413 0.0811782 0.187739
86 0.429297504398 0.381588987353 0.0811782 0.187739
87 0.405808570876 0.358244863181 0.0811782 0.187739
88 0.420285902786 0.362493606334 0.0811782 0.187739
89 0.445306289051 0.37220832395 0.0811782 0.187739
90 0.448223790322 0.373237543747 0.0811782 0.187739
91 0.452173656721 0.365505009308 0.0811782 0.187739
92 0.439618348146 0.364674952534 0.0811782 0.187739
93 0.443242756602 0.351824235182 0.0811782 0.187739
94 0.439085671601 0.362007158293 0.0811782 0.187739
95 0.4413176012 0.356541227999 0.0811782 0.187739
96 0.455921314088 0.353433588328 0.0811782 0.187739
97 0.449514726996 0.346116884778 0.0811782 0.187739
98 0.427786158881 0.343765067895 0.0811782 0.187739
99 0.436305123629 0.347490136743 0.0811782 0.187739
100 0.437245950147 0.356184449348 0.0811782 0.187739
101 0.422302642954 0.363493767986 0.0811782 0.187739
102 0.406949650901 0.351680931007 0.0811782 0.187739
103 0.407893294716 0.357757992094 0.0811782 0.187739
104 0.409273374683 0.358890775409 0.0811782 0.187739
105 0.414045585854 0.353692036206 0.0811782 0.187739
106 0.413841420704 0.351465830261 0.0811782 0.187739
107 0.422741674112 0.351392248916 0.0811782 0.187739
108 0.423851425781 0.359945474001 0.0811782 0.187739
109 0.425149507778 0.354152823461 0.0811782 0.187739
110 0.438462076292 0.356956906697 0.0811782 0.187739
111 0.446245491502 0.355374620824 0.0811782 0.187739
112 0.463811595952 0.365327399253 0.0811782 0.187739
113 0.465171043691 0.370849040669 0.0811782 0.187739
114 0.459802246911 0.376430804007 0.0811782 0.187739
115 0.454493220792 0.36398752591 0.0811782 0.187739
116 0.457475795403 0.362782246147 0.0811782 0.187739
117 0.455224271523 0.362331920992 0.0811782 0.187739
118 0.459849534265 0.369247286352 0.0811782 0.187739
119 0.445188871336 0.357902628048 0.0811782 0.187739
120 0.447393846331 0.36382592912 0.0811782 0.187739
121 0.456329777678 0.372118833667 0.0811782 0.187739
122 0.459888899345 0.348541365279 0.0811782 0.187739
123 0.472200964655 0.356745572085 0.0811782 0.187739
124 0.46501560381 0.367298911346 0.0811782 0.187739
125 0.459345377981 0.363057665093 0.0811782 0.187739
126 0.457158986612 0.36553521127 0.0811782 0.187739
127 0.472489737445 0.357997474882 0.0811782 0.187739
128 0.482687793998 0.361413064927 0.0811782 0.187739
129 0.483924209215 0.361411261208 0.0811782 0.187739
130 0.484500435048 0.369960095204 0.0811782 0.187739
131 0.461054869189 0.377601809225 0.0811782 0.187739
132 0.446771516142 0.37385109951 0.0811782 0.187739
133 0.464736175702 0.382528601565 0.0811782 0.187739
134 0.452422563257 0.377105529028 0.0811782 0.187739
135 0.438576653706 0.381734545395 0.0811782 0.187739
136 0.450114182166 0.384384391948 0.0811782 0.187739
137 0.441117017044 0.389296471419 0.0811782 0.187739
138 0.433900449367 0.385694422147 0.0811782 0.187739
139 0.446210951055 0.386887584939 0.0811782 0.187739
140 0.439766065663 0.383136314122 0.0811782 0.187739
141 0.457318587077 0.394385135579 0.0811782 0.187739
142 0.466242479799 0.384716317823 0.0811782 0.187739
143 0.450769544422 0.39883271685 0.0811782 0.187739
144 0.451951818828 0.407414648228 0.0811782 0.187739
145 0.457468817645 0.398995429617 0.0811782 0.187739
146 0.46020537266 0.394402912883 0.0811782 0.187739
147 0.444632204009 0.378633720482 0.0811782 0.187739
148 0.435840190523 0.381006342421 0.0811782 0.187739
149 0.419119777457 0.379768615591 0.0811782 0.187739
150 0.443971747074 0.397459929224 0.0811782 0.187739
151 0.455587685313 0.396970187286 0.0811782 0.187739
152 0.46312680949 0.395158893583 0.0811782 0.187739
153 0.462167861389 0.394805730742 0.0811782 0.187739
154 0.444850209795 0.393140102586 0.0811782 0.187739
155 0.446573387791 0.394556174981 0.0811782 0.187739
156 0.466676358465 0.404450313855 0.0811782 0.187739
157 0.45749285242 0.389164514048 0.0811782 0.187739
158 0.468377283743 0.377639417502 0.0811782 0.187739
159 0.45542331517 0.386030942377 0.0811782 0.187739
160 0.440581755896 0.393404590344 0.0811782 0.187739
161 0.43374059795 0.387296171561 0.0811782 0.187739
162 0.412966723231 0.397083801477 0.0811782 0.187739
163 0.4215930669 0.377384080373 0.0811782 0.187739
164 0.414069389161 0.391615658003 0.0811782 0.187739
165 0.394376628365 0.37802361814 0.0811782 0.187739
166 0.400480302464 0.385919964492 0.0811782 0.187739
167 0.405620801988 0.375119397329 0.0811782 0.187739
168 0.4198997211 0.375430211943 0.0811782 0.187739
169 0.423632065133 0.363042935086 0.0811782 0.187739
170 0.413681611603 0.36033390211 0.0811782 0.187739
171 0.413318556779 0.369210375693 0.0811782 0.187739
172 0.425376269653 0.367291183912 0.0811782 0.187739
173 0.442827140401 0.364254056858 0.0811782 0.187739
174 0.451893399407 0.354587622166 0.0811782 0.187739
175 0.434101365188 0.367486497521 0.0811782 0.187739
176 0.453291861494 0.369076387252 0.0811782 0.187739
177 0.450192489174 0.365112205272 0.0811782 0.187739
178 0.447682092044 0.351501271367 0.0811782 0.187739
179 0.451550191291 0.355055752811 0.0811782 0.187739
180 0.463417246606 0.368947643344 0.0811782 0.187739
181 0.458839456148 0.380209125744 0.0811782 0.187739
182 0.445442212468 0.374179173422 0.0811782 0.187739
183 0.46342249618 0.367350673901 0.0811782 0.187739
184 0.461371237626 0.378058882433 0.0811782 0.187739
185 0.461338287738 0.377222864402 0.0811782 0.187739
186 0.459369532268 0.369004985283 0.0811782 0.187739
187 0.462212691309 0.384034460027 0.0811782 0.187739
188 0.481125446811 0.379689245419 0.0811782 0.187739
189 0.477613398879 0.384051467382 0.0811782 0.187739
190 0.475874142443 0.385357326412 0.0811782 0.187739
191 0.479948417959 0.375193053186 0.0811782 0.187739
192 0.487855555691 0.360891658831 0.0811782 0.187739
193 0.495860085144 0.340567412444 0.0811782 0.187739
194 0.502713962391 0.350172798001 0.0811782 0.187739
195 0.499850470093 0.339134808049 0.0811782 0.187739
196 0.496591370274 0.336063527792 0.0811782 0.187739
197 0.502427959775 0.335392210882 0.0811782 0.187739
198 0.498145451912 0.332712875148 0.0811782 0.187739
199 0.492007235453 0.355780895542 0.0811782 0.187739
200 0.49079737334 0.365859026698 0.0811782 0.187739
201 0.489546804137 0.347956048902 0.0811782 0.187739
202 0.48202341989 0.35680517525 0.0811782 0.187739
203 0.4789744121 0.34905093738 0.0811782 0.187739
204 0.491333096711 0.341681538714 0.0811782 0.187739
205 0.464591066092 0.322863748141 0.0811782 0.187739
206 0.446706814124 0.318029480547 0.0811782 0.187739
207 0.457608452289 0.334903069619 0.0811782 0.187739
208 0.458821250926 0.327009219617 0.0811782 0.187739
209 0.446784389451 0.327775914569 0.0811782 0.187739
210 0.443859003652 0.327877253364 0.0811782 0.187739
211 0.437373479 0.326133773019 0.0811782 0.187739
212 0.427837438882 0.323057048597 0.0811782 0.187739
213 0.445171754503 0.312665528125 0.0811782 0.187739
214 0.459646951837 0.305324992934 0.0811782 0.187739
215 0.464816008748 0.303247794518 0.0811782 0.187739
216 0.469080412271 0.298980574196 0.0811782 0.187739
217 0.455260349094 0.321866574406 0.0811782 0.187739
218 0.441380380773 0.320109286792 0.0811782 0.187739
219 0.41293270662 0.296465026005 0.0811782 0.187739
220 0.424274147692 0.29865739811 0.0811782 0.187739
221 0.427268252985 0.27272461156 0.0811782 0.187739
222 0.44636215413 0.278591819072 0.0811782 0.187739
223 0.447243164101 0.285865482295 0.0811782 0.187739
224 0.445041238852 0.282868471736 0.0811782 0.187739
225 0.405425673222 0.275043162336 0.0811782 0.187739
226 0.398248575656 0.262769495146 0.0811782 0.187739
227 0.399486075327 0.261607138814 0.0811782 0.187739
228 0.391837259092 0.252964780014 0.0811782 0.187739
229 0.410371000593 0.263186544253 0.0811782 0.187739
230 0.427560973096 0.255167663302 0.0811782 0.187739
231 0.439169508711 0.256500924257 0.0811782 0.187739
232 0.455931596841 0.289294422733 0.0811782 0.187739
233 0.460728171017 0.347675376871 0.0811782 0.187739
234 0.465847749023 0.428652149918 0.0811782 0.187739
235 0.467036271473 0.482965904826 0.0811782 0.187739
236 0.461592857494 0.531341706175 0.0811782 0.187739
237 0.45690278389 0.473244435723 0.0811782 0.187739
238 0.455732900166 0.297847959314 0.0811782 0.187739
239 0.459479050055 0.271508923188 0.0811782 0.187739
240 0.448436027933 0.286605604851 0.0811782 0.187739
241 0.42765680192 0.246577879111 0.0811782 0.187739
242 0.433508769017 0.230763908233 0.0811782 0.187739
243 0.447101565899 0.26352334227 0.0811782 0.187739
244 0.460363725444 0.249704018242 0.0811782 0.187739
245 0.484329644422 0.207255108437 0.0811782 0.187739
246 0.49242035352 0.226196578602 0.0811782 0.187739
247 0.494342965819 0.237497801018 0.0811782 0.187739
248 0.468720895725 0.255296880275 0.0811782 0.187739
249 0.424131418051 0.227266668567 0.0811782 0.187739
250 0.408601526151 0.207311371211 0.0811782 0.187739
251 0.418503198519 0.20629105468 0.0811782 0.187739
252 0.414430716272 0.222489121101 0.0811782 0.187739
253 0.451233193124 0.323972447709 0.0811782 0.187739
254 0.453345132564 0.389563161754 0.0811782 0.187739
255 0.459775332136 0.380236279956 0.0811782 0.187739
256 0.469861880888 0.374468864549 0.0811782 0.187739
257 0.44090093911 0.26523712143 0.0811782 0.187739
258 0.437271823551 0.23418904587 0.0811782 0.187739
259 0.443512490818 0.229250611503 0.0811782 0.187739
260 0.444571410896 0.245234148647 0.0811782 0.187739
261 0.508095590565 0.24878996652 0.0811782 0.187739
262 0.548044854297 0.233306871211 0.0811782 0.187739
263 0.476784627857 0.283966697484 0.0811782 0.187739
264 0.411700841422 0.413618341736 0.0811782 0.187739
265 0.426280003668 0.568821544837 0.0811782 0.187739
266 0.411042259366 0.463223787415 0.0811782 0.187739
267 0.430066430548 0.442908685861 0.0811782 0.187739
268 0.34727560248 0.340895705163 0.0811782 0.187739
269 0.271169122695 0.343796653957 0.0811782 0.187739
270 0.265929886246 0.350818418438 0.0811782 0.187739
271 0.300071285524 0.313313703283 0.0811782 0.187739
272 0.339596757289 0.263080249241 0.0811782 0.187739
273 0.322248919641 0.270325203167 0.0811782 0.187739
274 0.292158562864 0.289263693977 0.0811782 0.187739
275 0.346908833631 0.228107305751 0.0811782 0.187739
276 0.297877797415 0.286129993692 0.0811782 0.187739
277 0.244162742795 0.338792285542 0.0811782 0.187739
278 0.231367832877 0.349069480205 0.0811782 0.187739
279 0.253130631063 0.30758372143 0.0811782 0.187739
280 0.270184902787 0.285750430442 0.0811782 0.187739
281 0.265434300048 0.280778367565 0.0811782 0.187739
282 0.265598983392 0.28065659472 0.0811782 0.187739
283 0.266213790215 0.278076207149 0.0811782 0.187739
284 0.274804181137 0.267064054278 0.0811782 0.187739
285 0.333502057777 0.303337801126 0.0811782 0.187739
286 0.401175625167 0.359936844879 0.0811782 0.187739
287 0.380457665271 0.32935728659 0.0811782 0.187739
288 0.397495456589 0.368616900901 0.0811782 0.187739
289 0.455480740757 0.401667192018 0.0811782 0.187739
290 0.474654816377 0.436214932742 0.0811782 0.187739
291 0.47919076545 0.429032295256 0.0811782 0.187739
292 0.475820292496 0.379710470581 0.0811782 0.187739
293 0.492121814274 0.360653785582 0.0811782 0.187739
294 0.488362536625 0.402393946626 0.0811782 0.187739
295 0.48970410389 0.407077947293 0.0811782 0.187739
296 0.485572848188 0.399204748355 0.0811782 0.187739
297 0.502901871625 0.403563451843 0.0811782 0.187739
298 0.508798849428 0.415342793469 0.0811782 0.187739
299 0.511829700134 0.376505497395 0.0811782 0.187739
300 0.498909943311 0.401101074464 0.0811782 0.187739
301 0.494648801995 0.428021113325 0.0811782 0.187739
302 0.496651032992 0.438470666991 0.0811782 0.187739
303 0.497655624326 0.444913006061 0.0811782 0.187739
304 0.498360195417 0.43398632302 0.0811782 0.187739
305 0.501924486224 0.389050902125 0.0811782 0.187739
306 0.499094233787 0.333205599018 0.0811782 0.187739
307 0.50082210618 0.383539780562 0.0811782 0.187739
308 0.505212938939 0.396913306045 0.0811782 0.187739
309 0.503886593285 0.403136390081 0.0811782 0.187739
310 0.510333666855 0.415687356501 0.0811782 0.187739
311 0.510200350156 0.43438411096 0.0811782 0.187739
312 0.503230336773 0.437695834332 0.0811782 0.187739
313 0.500133316904 0.446287160685 0.0811782 0.187739
314 0.495223599764 0.429777953566 0.0811782 0.187739
315 0.496673627547 0.385199255061 0.0811782 0.187739
316 0.496515123268 0.421538199318 0.0811782 0.187739
317 0.493840086505 0.445065301514 0.0811782 0.187739
318 0.490058616951 0.450141617853 0.0811782 0.187739
319 0.482284367808 0.447622306598 0.0811782 0.187739
320 0.461326783082 0.428075847032 0.0811782 0.187739
321 0.462948060759 0.383552593478 0.0811782 0.187739
322 0.486069549278 0.448704285747 0.0811782 0.187739
323 0.460901203525 0.430224844221 0.0811782 0.187739
324 0.497058876232 0.411439464208 0.0811782 0.187739
325 0.538381706237 0.436343296335 0.0811782 0.187739
326 0.531318581201 0.437957324012 0.0811782 0.187739
327 0.535784664631 0.399020723719 0.0811782 0.187739
328 0.547840991548 0.400006448388 0.0811782 0.187739
329 0.535007484998 0.344969785723 0.0811782 0.187739
330 0.554469022448 0.402219443259 0.0811782 0.187739
331 0.560413920709 0.390167399246 0.0811782 0.187739
332 0.552874658365 0.371181338307 0.0811782 0.187739
333 0.568029693826 0.346745434224 0.0811782 0.187739
334 0.555207149562 0.269696643586 0.0811782 0.187739
335 0.559891859435 0.145146234761 0.0811782 0.187739
336 0.535352994298 0.12493819373 0.0811782 0.187739
337 0.527381207664 0.137660096291 0.0811782 0.187739
338 0.531243954111 0.112174975295 0.0811782 0.187739
339 0.506421216329 0.094674057174 0.0811782 0.187739
340 0.49964920425 0.106643844869 0.0811782 0.187739
341 0.498956293432 0.113141368822 0.0811782 0.187739
342 0.478599409933 0.106950296055 0.0811782 0.187739
343 0.457247620277 0.106429717804 0.0811782 0.187739
344 0.450815739514 0.103706354669 0.0811782 0.187739
345 0.458228145884 0.104894936625 0.0811782 0.187739
346 0.458644951119 0.107837764571 0.0811782 0.187739
347 0.458900580521 0.126340579525 0.0811782 0.187739
348 0.467626354697 0.117580497767 0.0811782 0.187739
349 0.481769522634 0.124429708135 0.0811782 0.187739
350 0.474938320263 0.126559155179 0.0811782 0.187739
351 0.490914396544 0.0865372681018 0.0811782 0.187739
352 0.483171074848 0.105768132155 0.0811782 0.187739
353 0.486331930548 0.123868558386 0.0811782 0.187739
354 0.497740474349 0.116035902146 0.0811782 0.187739
355 0.519657542385 0.116984747745 0.0811782 0.187739
356 0.503279490353 0.134040492734 0.0811782 0.187739
357 0.507792143196 0.140512116156 0.0811782 0.187739
358 0.507752135278 0.140484541881 0.0811782 0.187739
359 0.510125950684 0.147293475074 0.0811782 0.187739
360 0.519605976691 0.162403377683 0.0811782 0.187739
361 0.521920107842 0.174276643166 0.0811782 0.187739
362 0.532911775675 0.170506901868 0.0811782 0.187739
363 0.543581369247 0.165586014197 0.0811782 0.187739
364 0.533123801802 0.169569429786 0.0811782 0.187739
365 0.537371710785 0.157243795587 0.0811782 0.187739
366 0.537533269077 0.16307148325 0.0811782 0.187739
367 0.546920041376 0.149743907615 0.0811782 0.187739
368 0.51955996211 0.172518344112 0.0811782 0.187739
369 0.499813116894 0.179369444429 0.0811782 0.187739
370 0.496133692357 0.175874064969 0.0811782 0.187739
371 0.50715784515 0.170140977341 0.0811782 0.187739
372 0.484539055001 0.16137893656 0.0811782 0.187739
373 0.479862302385 0.162759301346 0.0811782 0.187739
374 0.489981180771 0.151843508111 0.0811782 0.187739
375 0.490574870881 0.141357876211 0.0811782 0.187739
376 0.478881939515 0.177876108256 0.0811782 0.187739
377 0.480965125579 0.16759772138 0.0811782 0.187739
378 0.486622550448 0.182499970127 0.0811782 0.187739
379 0.486359791394 0.17173052722 0.0811782 0.187739
380 0.474471154797 0.174655355136 0.0811782 0.187739
381 0.470848298863 0.194835505783 0.0811782 0.187739
382 0.443428965251 0.180984166993 0.0811782 0.187739
383 0.440025702082 0.149185727487 0.0811782 0.187739
384 0.437604169657 0.138409061332 0.0811782 0.187739
385 0.441288175628 0.113626990021 0.0811782 0.187739
386 0.43125418704 0.105708559127 0.0811782 0.187739
387 0.400693006335 0.136299007892 0.0811782 0.187739
388 0.410561785631 0.103522872023 0.0811782 0.187739
389 0.410878440805 0.0986955350015 0.0811782 0.187739
390 0.410319491605 0.105668402016 0.0811782 0.187739
391 0.402193629935 0.123013885317 0.0811782 0.187739
392 0.392589426122 0.178367869677 0.0811782 0.187739
393 0.382504657692 0.164991502852 0.0811782 0.187739
394 0.390308588764 0.0945253771282 0.0811782 0.187739
395 0.396376959957 0.0489953487735 0.0811782 0.187739
396 0.38912326628 0.0735173089935 0.0811782 0.187739
397 0.371331462309 0.111623820172 0.0811782 0.187739
398 0.360720576173 0.160029288202 0.0811782 0.187739
399 0.357730472045 0.161865830035 0.0811782 0.187739
400 0.345983084479 0.187530556468 0.0811782 0.187739
401 0.335309342039 0.191380122918 0.0811782 0.187739
402 0.335848853615 0.167095593038 0.0811782 0.187739
403 0.323215754411 0.0849534854624 0.0811782 0.187739
404 0.321733783218 0.0129654322397 0.0811782 0.187739
405 0.304536850041 0.00733517831348 0.0811782 0.187739
406 0.283690639656 0.023450161746 0.0811782 0.187739
407 0.272936134029 0.0498706553405 0.0811782 0.187739
408 0.273518338529 0.131741029593 0.0811782 0.187739
409 0.30261278565 0.203067934347 0.0811782 0.187739
410 0.297091973163 0.217020515713 0.0811782 0.187739
411 0.261595865515 0.226299104758 0.0811782 0.187739
412 0.237513875172 0.232426295889 0.0811782 0.187739
413 0.242712868245 0.225831097271 0.0811782 0.187739
414 0.233474606641 0.218023385969 0.0811782 0.187739
415 0.226076680107 0.147856703482 0.0811782 0.187739
416 0.233620482595 0.0980836184994 0.0811782 0.187739
417 0.277043597328 0.160911843915 0.0811782 0.187739
418 0.263986115064 0.168398623093 0.0811782 0.187739
419 0.241503768379 0.193965817033 0.0811782 0.187739
420 0.220388497826 0.157098315825 0.0811782 0.187739
421 0.219902987475 0.129716426199 0.0811782 0.187739
422 0.225891751947 0.148691658454 0.0811782 0.187739
423 0.222171839339 0.152652630993 0.0811782 0.187739
424 0.238424821441 0.122884765706 0.0811782 0.187739
425 0.302350285141 0.185263661965 0.0811782 0.187739
426 0.341343437139 0.195803042489 0.0811782 0.187739
427 0.375911635186 0.161125239597 0.0811782 0.187739
428 0.347986559109 0.169559032662 0.0811782 0.187739
429 0.348392403144 0.180360733908 0.0811782 0.187739
430 0.356143149225 0.167609705781 0.0811782 0.187739
431 0.355366366008 0.190658950232 0.0811782 0.187739
432 0.353820383614 0.179524988919 0.0811782 0.187739
433 0.355721727839 0.178618642893 0.0811782 0.187739
434 0.3556356876 0.163010836643 0.0811782 0.187739
435 0.352168304251 0.18300311095 0.0811782 0.187739
436 0.342573345721 0.147824342917 0.0811782 0.187739
437 0.347669017004 0.139534126037 0.0811782 0.187739
438 0.371940689387 0.171238552646 0.0811782 0.187739
439 0.37188185255 0.148126066122 0.0811782 0.187739
440 0.378545177777 0.160477628934 0.0811782 0.187739
441 0.361279374158 0.160918782797 0.0811782 0.187739
442 0.366332019626 0.16217880997 0.0811782 0.187739
443 0.390227181601 0.224608352354 0.0811782 0.187739
444 0.402578046125 0.249418395918 0.0811782 0.187739
445 0.405645528223 0.254520586839 0.0811782 0.187739
446 0.407892959909 0.229406272419 0.0811782 0.187739
447 0.398759539677 0.206375499949 0.0811782 0.187739
448 0.384911080611 0.210382391557 0.0811782 0.187739
449 0.375420122841 0.219717413581 0.0811782 0.187739
450 0.363916752155 0.249047901175 0.0811782 0.187739
451 0.340502564915 0.248075613537 0.0811782 0.187739
452 0.298391966158 0.248223560675 0.0811782 0.187739
453 0.287049665585 0.24287893114 0.0811782 0.187739
454 0.278515288986 0.235829575784 0.0811782 0.187739
455 0.279931133953 0.242935842721 0.0811782 0.187739
456 0.269770458579 0.246092786889 0.0811782 0.187739
457 0.245323548836 0.263364982227 0.0811782 0.187739
458 0.224183123953 0.257954582956 0.0811782 0.187739
459 0.239667351236 0.250550783348 0.0811782 0.187739
460 0.284098563342 0.231020747914 0.0811782 0.187739
461 0.279247373467 0.225498150248 0.0811782 0.187739
462 0.304956278873 0.233219898111 0.0811782 0.187739
463 0.316341249803 0.202923788263 0.0811782 0.187739
464 0.297850555614 0.214165834521 0.0811782 0.187739
465 0.302030440594 0.201792270783 0.0811782 0.187739
466 0.28280878519 0.194030736794 0.0811782 0.187739
467 0.287416894939 0.187558357412 0.0811782 0.187739
468 0.270185612458 0.175822731476 0.0811782 0.187739
469 0.284095787959 0.166697757809 0.0811782 0.187739
470 0.320252841035 0.1746785031 0.0811782 0.187739
471 0.309694448021 0.158728285056 0.0811782 0.187739
472 0.324589183624 0.132457741148 0.0811782 0.187739
473 0.314231682622 0.0980584601784 0.0811782 0.187739
474 0.305384360641 0.145466816015 0.0811782 0.187739
475 0.315219813014 0.135204868573 0.0811782 0.187739
476 0.316958024499 0.137484585396 0.0811782 0.187739
477 0.286373375443 0.133967004755 0.0811782 0.187739
478 0.284914961055 0.129717987806 0.0811782 0.187739
479 0.270468102184 0.117150550444 0.0811782 0.187739
480 0.264586949884 0.12706697713 0.0811782 0.187739
481 0.278579517457 0.12550299859 0.0811782 0.187739
482 0.267821978915 0.130156909613 0.0811782 0.187739
483 0.286104902432 0.107627847052 0.0811782 0.187739
484 0.293348030993 0.113662816351 0.0811782 0.187739
485 0.281988089859 0.118708382682 0.0811782 0.187739
486 0.262260541996 0.141592641152 0.0811782 0.187739
487 0.268439507812 0.133965954916 0.0811782 0.187739
488 0.286851637062 0.109290250442 0.0811782 0.187739
489 0.304019835931 0.109733383698 0.0811782 0.187739
490 0.290216198835 0.103326500698 0.0811782 0.187739
491 0.281087770648 0.0820828380636 0.0811782 0.187739
492 0.236300994644 0.170387404181 0.0811782 0.187739
493 0.192722974416 0.231692016739 0.0811782 0.187739
494 0.19289404933 0.265406811001 0.0811782 0.187739
495 0.20900570837 0.251444412367 0.0811782 0.187739
496 0.248394163433 0.178691522182 0.0811782 0.187739
497 0.247928999762 0.163847892078 0.0811782 0.187739
498 0.23875512262 0.196495969773 0.0811782 0.187739
499 0.249713804304 0.177993416137 0.0811782 0.187739
500 0.234804213889 0.220506214658 0.0811782 0.187739
501 0.241728131847 0.216483070039 0.0811782 0.187739
502 0.232300974896 0.227600424912 0.0811782 0.187739
503 0.239640798116 0.23950026369 0.0811782 0.187739
504 0.246765889051 0.223915694132 0.0811782 0.187739
505 0.228765267178 0.262635869283 0.0811782 0.187739
506 0.197694739589 0.266234133245 0.0811782 0.187739
507 0.19939042655 0.271507494519 0.0811782 0.187739
508 0.196667473705 0.276490909107 0.0811782 0.187739
509 0.208503830667 0.275124134081 0.0811782 0.187739
510 0.210099408861 0.283819675112 0.0811782 0.187739
511 0.220166461015 0.309772653965 0.0811782 0.187739
512 0.232952772671 0.292281150499 0.0811782 0.187739
513 0.255414700822 0.296764132497 0.0811782 0.187739
514 0.25030627174 0.29190404226 0.0811782 0.187739
515 0.230535785297 0.29439725993 0.0811782 0.187739
516 0.209505601019 0.294223481037 0.0811782 0.187739
517 0.213705226418 0.289543430216 0.0811782 0.187739
518 0.225294755462 0.291914741392 0.0811782 0.187739
519 0.235562176914 0.290429112825 0.0811782 0.187739
520 0.241102587456 0.292781037647 0.0811782 0.187739
521 0.244760917412 0.315436012331 0.0811782 0.187739
522 0.230375903622 0.318264708347 0.0811782 0.187739
523 0.207026271248 0.292415878648 0.0811782 0.187739
524 0.207590354941 0.29260223725 0.0811782 0.187739
525 0.20115834176 0.322071301897 0.0811782 0.187739
526 0.193413844808 0.34748029478 0.0811782 0.187739
527 0.184151732816 0.425781753887 0.0811782 0.187739
528 0.164310935565 0.489652215703 0.0811782 0.187739
529 0.197435136493 0.38317702252 0.0811782 0.187739
530 0.174685398862 0.424728642553 0.0811782 0.187739
531 0.179787675848 0.385161810045 0.0811782 0.187739
532 0.191350384451 0.381042959042 0.0811782 0.187739
533 0.191380008593 0.379221613562 0.0811782 0.187739
534 0.191634724357 0.389550095796 0.0811782 0.187739
535 0.186954590277 0.394502883957 0.0811782 0.187739
536 0.175227595233 0.380429307467 0.0811782 0.187739
537 0.187190740075 0.403223388091 0.0811782 0.187739
538 0.18724078737 0.404802390571 0.0811782 0.187739
539 0.170393727434 0.397587718213 0.0811782 0.187739
540 0.165179597307 0.405836633833 0.0811782 0.187739
541 0.150038703558 0.41554790732 0.0811782 0.187739
542 0.155755233904 0.419637155419 0.0811782 0.187739
543 0.16558165314 0.436505363682 0.0811782 0.187739
544 0.170141481913 0.434532925555 0.0811782 0.187739
545 0.172027254341 0.408163518484 0.0811782 0.187739
546 0.15902052585 0.381921177543 0.0811782 0.187739
547 0.149664727986 0.384854640085 0.0811782 0.187739
548 0.150785169235 0.396806025775 0.0811782 0.187739
549 0.15682775858 0.385777337776 0.0811782 0.187739
550 0.164960678486 0.386535423936 0.0811782 0.187739
551 0.161950454334 0.390013029085 0.0811782 0.187739
552 0.134323650753 0.382090333422 0.0811782 0.187739
553 0.125886659648 0.383309811338 0.0811782 0.187739
554 0.118036446533 0.378588178776 0.0811782 0.187739
555 0.124355779309 0.380206539279 0.0811782 0.187739
556 0.119674616967 0.381882110372 0.0811782 0.187739
557 0.128515070074 0.370939541505 0.0811782 0.187739
558 0.130385077294 0.3790602751 0.0811782 0.187739
559 0.150935847903 0.363011161152 0.0811782 0.187739
560 0.1424598073 0.363504961251 0.0811782 0.187739
561 0.149308083408 0.38073869296 0.0811782 0.187739
562 0.124024358054 0.385713819492 0.0811782 0.187739
563 0.0959380096918 0.379459312082 0.0811782 0.187739
564 0.088549647494 0.402870112994 0.0811782 0.187739
565 0.0958447833767 0.402577519094 0.0811782 0.187739
566 0.0818721839554 0.412415682054 0.0811782 0.187739
567 0.0657747714852 0.423923006626 0.0811782 0.187739
568 0.0635540848784 0.43328745254 0.0811782 0.187739
569 0.0605221672693 0.425498489455 0.0811782 0.187739
570 0.0361089361625 0.404764070228 0.0811782 0.187739
571 0.0352306110296 0.405360154847 0.0811782 0.187739
572 0.0430738139969 0.406388378218 0.0811782 0.187739
573 0.0268208626002 0.418489189557 0.0811782 0.187739
574 0.0149502137767 0.424433301599 0.0811782 0.187739
575 0.0161905085994 0.421021879759 0.0811782 0.187739
576 0.021378215855 0.439210829225 0.0811782 0.187739
577 0.00691754682855 0.419687422762 0.0811782 0.187739
578 0.0 0.426086875831 0.0811782 0.187739
579 0.0 0.439298054051 0.0811782 0.187739
580 0.000787120885807 0.42583813742 0.0811782 0.187739
581 0.00224170016578 0.427223067065 0.0811782 0.187739
582 0.000553064469384 0.434931297701 0.0811782 0.187739
583 0.0 0.447942069879 0.0811782 0.187739
584 0.00688513276785 0.453979103819 0.0811782 0.187739
585 0.00549920943681 0.444592458778 0.0811782 0.187739
586 0.00236249387788 0.455137209599 0.0811782 0.187739
587 0.0083453810365 0.451960149407 0.0811782 0.187739
588 0.00680242084126 0.459056097515 0.0811782 0.187739
589 0.00477545396002 0.453668058645 0.0811782 0.187739
590 0.0 0.44122407169 0.0811782 0.187739
591 0.0 0.437613455997 0.0811782 0.187739
592 0.000774186313124 0.421402453585 0.0811782 0.187739
593 0.0 0.459914636229 0.0811782 0.187739
594 0.0 0.45944130908 0.0811782 0.187739
595 0.0 0.442121756128 0.0811782 0.187739
596 0.0 0.431405738868 0.0811782 0.187739
597 0.000429339589477 0.422285054856 0.0811782 0.187739
598 0.000567445366435 0.450013204228 0.0811782 0.187739
599 0.0 0.466312004112 0.0811782 0.187739
600 0.0 0.462909923333 0.0811782 0.187739
601 0.00147254573 0.449502799905 0.0811782 0.187739
602 0.0 0.43917128467 0.0811782 0.187739
603 0.0 0.428633318553 0.0811782 0.187739
604 0.000412802075439 0.43305813195 0.0811782 0.187739
605 0.0 0.433896198345 0.0811782 0.187739
606 0.00294950637764 0.447273744124 0.0811782 0.187739
607 0.00771014759503 0.432443386627 0.0811782 0.187739
608 0.0205520418276 0.436203539312 0.0811782 0.187739
609 0.00831314064334 0.480342764331 0.0811782 0.187739
610 0.0239423260124 0.463032529024 0.0811782 0.187739
611 0.0321899256849 0.444731816956 0.0811782 0.187739
612 0.0279622602328 0.449572805494 0.0811782 0.187739
613 0.0438887617277 0.448548888789 0.0811782 0.187739
614 0.0348368091147 0.454083473721 0.0811782 0.187739
615 0.0238020738273 0.4838370786 0.0811782 0.187739
616 0.0090078187911 0.486370612937 0.0811782 0.187739
617 0.0112802051135 0.471630602582 0.0811782 0.187739
618 0.0064999639787 0.488321574454 0.0811782 0.187739
619 0.00763318341967 0.481775979454 0.0811782 0.187739
620 0.0070319400663 0.475224242207 0.0811782 0.187739
621 0.0116221793509 0.474194362925 0.0811782 0.187739
622 0.00988549042491 0.48279703177 0.0811782 0.187739
623 0.013004141898 0.483199990219 0.0811782 0.187739
624 0.0178625011872 0.492110027837 0.0811782 0.187739
625 0.0178211829806 0.533217718515 0.0811782 0.187739
626 0.0169980607213 0.543332119503 0.0811782 0.187739
627 0.0306596560805 0.534767607744 0.0811782 0.187739
628 0.0229084528794 0.531917315167 0.0811782 0.187739
629 0.0308307799684 0.518908891848 0.0811782 0.187739
630 0.0143066054562 0.540603157479 0.0811782 0.187739
631 0.0192580790244 0.538269061845 0.0811782 0.187739
632 0.0197830934269 0.539136779588 0.0811782 0.187739
633 0.0350123116159 0.519184867348 0.0811782 0.187739
634 0.0320341288583 0.55415602408 0.0811782 0.187739
635 0.0267675473469 0.549371538721 0.0811782 0.187739
636 0.0200072039119 0.531935758749 0.0811782 0.187739
637 0.00392280469177 0.514888747686 0.0811782 0.187739
638 5.09469858443e-05 0.526970905602 0.0811782 0.187739
639 0.0 0.546281670897 0.0811782 0.187739
640 0.0 0.532744359268 0.0811782 0.187739
641 0.00021793060181 0.550877905634 0.0811782 0.187739
642 0.00256763570551 0.535219537498 0.0811782 0.187739
643 0.00414026220594 0.533510011511 0.0811782 0.187739
644 0.00138047344709 0.52592309899 0.0811782 0.187739
645 0.0015627111248 0.51354585851 0.0811782 0.187739
646 0.00755225173296 0.516257369985 0.0811782 0.187739
647 0.00634903513063 0.519703508724 0.0811782 0.187739
648 0.00524423040141 0.541464343815 0.0811782 0.187739
649 0.0156757375192 0.547005595025 0.0811782 0.187739
650 0.0018450821906 0.565809491458 0.0811782 0.187739
651 0.00250258510806 0.601534478353 0.0811782 0.187739
652 0.000393424218664 0.613859528425 0.0811782 0.187739
653 0.00506685789588 0.62895495885 0.0811782 0.187739
654 0.00195822508408 0.62164858678 0.0811782 0.187739
655 0.0039345203296 0.644522658052 0.0811782 0.187739
656 0.0191437888056 0.665127718722 0.0811782 0.187739
657 0.049376984351 0.684135865227 0.0811782 0.187739
658 0.0556610365259 0.686907279621 0.0811782 0.187739
659 0.0276597913862 0.659745982283 0.0811782 0.187739
660 0.110712619134 0.605375073078 0.0811782 0.187739
661 0.0282168087414 0.614582955192 0.0811782 0.187739
662 0.0149213794708 0.620687126522 0.0811782 0.187739
663 0.0165169232763 0.609008080397 0.0811782 0.187739
664 0.0161542974236 0.606910501755 0.0811782 0.187739
665 0.0108630323647 0.6142733523 0.0811782 0.187739
666 0.0146337188862 0.602572643018 0.0811782 0.187739
667 0.0 0.630802491664 0.0811782 0.187739
668 7.97323095427e-05 0.636512573482 0.0811782 0.187739
669 0.00210250824689 0.644931506399 0.0811782 0.187739
670 0.0207663864065 0.648431399424 0.0811782 0.187739
671 0.0156692298828 0.633449010196 0.0811782 0.187739
672 0.00463649863382 0.630080349156 0.0811782 0.187739
673 0.0124573582531 0.546822858042 0.0811782 0.187739
674 0.0173228687251 0.550590938936 0.0811782 0.187739
675 0.0158227566457 0.525915547913 0.0811782 0.187739
676 0.0259630857679 0.521501000709 0.0811782 0.187739
677 0.032068619092 0.522154006954 0.0811782 0.187739
678 0.0150079411636 0.522235259153 0.0811782 0.187739
679 0.00806685803067 0.529064220226 0.0811782 0.187739
680 0.0294724291036 0.560704630178 0.0811782 0.187739
681 0.0187755651709 0.55084358617 0.0811782 0.187739
682 0.0346811080015 0.561591246065 0.0811782 0.187739
683 0.0138075469814 0.526569841788 0.0811782 0.187739
684 0.00899793811141 0.533244951977 0.0811782 0.187739
685 0.0117056495167 0.527367606281 0.0811782 0.187739
686 0.0184370725401 0.537914076702 0.0811782 0.187739
687 0.0229943780905 0.58376327131 0.0811782 0.187739
688 0.0167639689278 0.591620246342 0.0811782 0.187739
689 0.0426376314162 0.604951784087 0.0811782 0.187739
690 0.0472439689175 0.63718031639 0.0811782 0.187739
691 0.0324480653228 0.656636401658 0.0811782 0.187739
692 0.0141749615939 0.654584219987 0.0811782 0.187739
693 0.00483642384072 0.596197014923 0.0811782 0.187739
694 0.00203309717271 0.613278759847 0.0811782 0.187739
695 0.035812665405 0.605441819993 0.0811782 0.187739
696 0.0948179411212 0.571740901802 0.0811782 0.187739
697 0.101568491653 0.563437885793 0.0811782 0.187739
698 0.178902495542 0.474570914419 0.0811782 0.187739
699 0.0226939339519 0.633116779401 0.0811782 0.187739
700 0.00102401885959 0.653481550137 0.0811782 0.187739
701 0.0 0.679081885654 0.0811782 0.187739
702 0.0 0.645955386888 0.0811782 0.187739
703 0.00210188318021 0.612743670085 0.0811782 0.187739
704 0.010884673433 0.630974050964 0.0811782 0.187739
705 0.0265826628478 0.604133761386 0.0811782 0.187739
706 0.0464748241146 0.636802528917 0.0811782 0.187739
707 0.0959125816891 0.624508346405 0.0811782 0.187739
708 0.1438990102 0.636285075007 0.0811782 0.187739
709 0.100013192619 0.685189373968 0.0811782 0.187739
710 0.0906636274933 0.729720753318 0.0811782 0.187739
711 0.134970456772 0.718063590848 0.0811782 0.187739
712 0.15086339175 0.714129133385 0.0811782 0.187739
713 0.124805080408 0.717614866216 0.0811782 0.187739
714 0.134102628267 0.715717520736 0.0811782 0.187739
715 0.132216977122 0.700975125142 0.0811782 0.187739
716 0.141661511297 0.713884606408 0.0811782 0.187739
717 0.166481321532 0.716606481432 0.0811782 0.187739
718 0.192126916126 0.771702315302 0.0811782 0.187739
719 0.173248111902 0.698950513691 0.0811782 0.187739
720 0.159285684034 0.69001021348 0.0811782 0.187739
721 0.147978888033 0.700563016169 0.0811782 0.187739
722 0.154399695209 0.704575592899 0.0811782 0.187739
723 0.14380982439 0.71274286685 0.0811782 0.187739
724 0.137967410362 0.700182393547 0.0811782 0.187739
725 0.126842744499 0.718751661646 0.0811782 0.187739
726 0.125044297649 0.712858137818 0.0811782 0.187739
727 0.16698914708 0.71665351604 0.0811782 0.187739
728 0.182333085971 0.72170150555 0.0811782 0.187739
729 0.204615402322 0.732221233517 0.0811782 0.187739
730 0.232769589008 0.723963337886 0.0811782 0.187739
731 0.282736580471 0.724670842028 0.0811782 0.187739
732 0.246521950447 0.692784076025 0.0811782 0.187739
733 0.234016333021 0.620964588242 0.0811782 0.187739
734 0.211839008598 0.476552870176 0.0811782 0.187739
735 0.207151474789 0.454098456102 0.0811782 0.187739
736 0.158493499559 0.561478929337 0.0811782 0.187739
737 0.16659242389 0.680608359648 0.0811782 0.187739
738 0.156514935889 0.673579170312 0.0811782 0.187739
739 0.191519032081 0.571612418344 0.0811782 0.187739
740 0.220601847802 0.399692245486 0.0811782 0.187739
741 0.206239147164 0.386076550119 0.0811782 0.187739
742 0.143556050931 0.434729907523 0.0811782 0.187739
743 0.126463818996 0.494454003118 0.0811782 0.187739
744 0.203862782848 0.623862600101 0.0811782 0.187739
745 0.225693626013 0.668631040268 0.0811782 0.187739
746 0.267709148496 0.764004863632 0.0811782 0.187739
747 0.282292203651 0.802903222561 0.0811782 0.187739
748 0.291767195119 0.850212159794 0.0811782 0.187739
749 0.332844053807 0.740512884017 0.0811782 0.187739
750 0.367110106885 0.695155432201 0.0811782 0.187739
751 0.396720609574 0.657773442274 0.0811782 0.187739
752 0.354416784727 0.724223657539 0.0811782 0.187739
753 0.298038262604 0.741765266724 0.0811782 0.187739
754 0.280013270853 0.703485944854 0.0811782 0.187739
755 0.295317964494 0.70987978364 0.0811782 0.187739
756 0.270063804285 0.708049584399 0.0811782 0.187739
757 0.297960832412 0.639472375285 0.0811782 0.187739
758 0.262706775315 0.622894680386 0.0811782 0.187739
759 0.246022484057 0.634166802783 0.0811782 0.187739
760 0.289439709045 0.483752852852 0.0811782 0.187739
761 0.288201666466 0.497556430704 0.0811782 0.187739
762 0.288111252902 0.476878980218 0.0811782 0.187739
763 0.297207833029 0.462019824907 0.0811782 0.187739
764 0.242185664218 0.440201172155 0.0811782 0.187739
765 0.238595270684 0.411496513412 0.0811782 0.187739
766 0.169099830573 0.350384237027 0.0811782 0.187739
767 0.197561384042 0.342327749285 0.0811782 0.187739
768 0.210691155294 0.430712146395 0.0811782 0.187739
769 0.252276174098 0.471689423087 0.0811782 0.187739
770 0.243684942515 0.458810555977 0.0811782 0.187739
771 0.259276206918 0.492591692946 0.0811782 0.187739
772 0.242606610977 0.493011646585 0.0811782 0.187739
773 0.239593312123 0.498544475532 0.0811782 0.187739
774 0.209846919474 0.50903192987 0.0811782 0.187739
775 0.206377108765 0.508263813501 0.0811782 0.187739
776 0.214854907986 0.495160309152 0.0811782 0.187739
777 0.214968173887 0.526786474242 0.0811782 0.187739
778 0.222628494214 0.543662095756 0.0811782 0.187739
779 0.213015369391 0.540567416231 0.0811782 0.187739
780 0.199335175423 0.545239124634 0.0811782 0.187739
781 0.212024138275 0.538113292212 0.0811782 0.187739
782 0.236677055818 0.558573147959 0.0811782 0.187739
783 0.2457178793 0.565388611797 0.0811782 0.187739
784 0.202176922265 0.554117655217 0.0811782 0.187739
785 0.15401247377 0.523498777604 0.0811782 0.187739
786 0.112744954699 0.552363501865 0.0811782 0.187739
787 0.1123639359 0.567436885307 0.0811782 0.187739
788 0.15502223196 0.568932340982 0.0811782 0.187739
789 0.153216261379 0.541267904135 0.0811782 0.187739
790 0.145617771808 0.532926057846 0.0811782 0.187739
791 0.141772284955 0.532340829268 0.0811782 0.187739
792 0.126197404819 0.488393024894 0.0811782 0.187739
793 0.135474356674 0.524023272406 0.0811782 0.187739
794 0.159060165506 0.550091071513 0.0811782 0.187739
795 0.158765496751 0.547872290822 0.0811782 0.187739
796 0.153986463058 0.553031903835 0.0811782 0.187739
797 0.138339544953 0.536928654892 0.0811782 0.187739
798 0.104283476302 0.522146318891 0.0811782 0.187739
799 0.0969899376467 0.559218428459 0.0811782 0.187739
800 0.0906531508557 0.54700934496 0.0811782 0.187739
801 0.0678934512339 0.518320202426 0.0811782 0.187739
802 0.0485646013931 0.514179009578 0.0811782 0.187739
803 0.0507853652736 0.512472348642 0.0811782 0.187739
804 0.0577065653539 0.512062975994 0.0811782 0.187739
805 0.115385159398 0.543106879256 0.0811782 0.187739
806 0.15639978169 0.571298465737 0.0811782 0.187739
807 0.190857476745 0.563243024679 0.0811782 0.187739
808 0.194454925793 0.591603705559 0.0811782 0.187739
809 0.21635437674 0.610068252054 0.0811782 0.187739
810 0.268365097979 0.591698207512 0.0811782 0.187739
811 0.274339583752 0.604370529327 0.0811782 0.187739
812 0.258532088791 0.613183544343 0.0811782 0.187739
813 0.167837255216 0.550347753107 0.0811782 0.187739
814 0.140791741938 0.518762380496 0.0811782 0.187739
815 0.172327099301 0.534704147195 0.0811782 0.187739
816 0.198498281867 0.560793328168 0.0811782 0.187739
817 0.227289296927 0.559464680383 0.0811782 0.187739
818 0.232745122011 0.56666492625 0.0811782 0.187739
819 0.233717368504 0.572885210732 0.0811782 0.187739
820 0.20960844635 0.549713909567 0.0811782 0.187739
821 0.184972774915 0.516855526696 0.0811782 0.187739
822 0.15642867164 0.499622111472 0.0811782 0.187739
823 0.130699596963 0.476860828614 0.0811782 0.187739
824 0.135030313954 0.466564015243 0.0811782 0.187739
825 0.121826642064 0.470923548554 0.0811782 0.187739
826 0.10053566736 0.475813139912 0.0811782 0.187739
827 0.133061426923 0.472201749663 0.0811782 0.187739
828 0.145339604039 0.468457542115 0.0811782 0.187739
829 0.137511336559 0.457692926405 0.0811782 0.187739
830 0.146851978172 0.459652763379 0.0811782 0.187739
831 0.16008745583 0.463389846841 0.0811782 0.187739
832 0.155124326558 0.464170437332 0.0811782 0.187739
833 0.159711988578 0.466883792652 0.0811782 0.187739
834 0.162721122628 0.473571413467 0.0811782 0.187739
835 0.168912782172 0.472716928941 0.0811782 0.187739
836 0.198068887494 0.471233078577 0.0811782 0.187739
837 0.252485268446 0.478099097749 0.0811782 0.187739
838 0.28516239803 0.484619039925 0.0811782 0.187739
839 0.307250704483 0.489624713662 0.0811782 0.187739
840 0.365720842137 0.50123839074 0.0811782 0.187739
841 0.391629637545 0.515057056569 0.0811782 0.187739
842 0.425901679357 0.485439161813 0.0811782 0.187739
843 0.476750507893 0.501108923945 0.0811782 0.187739
844 0.396957045057 0.495426288097 0.0811782 0.187739
845 0.361383534848 0.487906048085 0.0811782 0.187739
846 0.351619263869 0.499256344529 0.0811782 0.187739
847 0.347376106029 0.494645165764 0.0811782 0.187739
848 0.344194314259 0.504681245976 0.0811782 0.187739
849 0.349077836983 0.484926089253 0.0811782 0.187739
850 0.359658576595 0.488103899769 0.0811782 0.187739
851 0.357125536224 0.460696390853 0.0811782 0.187739
852 0.370961569402 0.476966971352 0.0811782 0.187739
853 0.383806683052 0.487834125311 0.0811782 0.187739
854 0.392499386816 0.497698341212 0.0811782 0.187739
855 0.379994076489 0.486449474711 0.0811782 0.187739
856 0.341247385952 0.527894417017 0.0811782 0.187739
857 0.3416540016 0.53999538418 0.0811782 0.187739
858 0.335100204114 0.530453219933 0.0811782 0.187739
859 0.359763180489 0.529832480697 0.0811782 0.187739
860 0.3962095146 0.626087652299 0.0811782 0.187739
861 0.38955483 0.689770951062 0.0811782 0.187739
862 0.355020366514 0.678353978553 0.0811782 0.187739
863 0.323563630213 0.640432490663 0.0811782 0.187739
864 0.311249831508 0.631181748149 0.0811782 0.187739
865 0.293319106647 0.577861607038 0.0811782 0.187739
866 0.312929971068 0.554957316042 0.0811782 0.187739
867 0.355690526209 0.569182481579 0.0811782 0.187739
868 0.343624568166 0.589018305404 0.0811782 0.187739
869 0.335719740589 0.518654189842 0.0811782 0.187739
870 0.398452787863 0.551838223715 0.0811782 0.187739
871 0.40602274938 0.608057602089 0.0811782 0.187739
872 0.370788154339 0.611542375733 0.0811782 0.187739
873 0.378974929881 0.612889931469 0.0811782 0.187739
874 0.407412445405 0.60558255762 0.0811782 0.187739
875 0.454478555356 0.590975919518 0.0811782 0.187739
876 0.459494873041 0.598882694985 0.0811782 0.187739
877 0.431332468011 0.619814344144 0.0811782 0.187739
878 0.409036931211 0.636944722163 0.0811782 0.187739
879 0.429816701553 0.671232300385 0.0811782 0.187739
880 0.40638767931 0.659790285396 0.0811782 0.187739
881 0.465366762054 0.554794123822 0.0811782 0.187739
882 0.477664619309 0.612957684411 0.0811782 0.187739
883 0.431733054251 0.616852067833 0.0811782 0.187739
884 0.477062896392 0.618359864055 0.0811782 0.187739
885 0.433585774782 0.629077532552 0.0811782 0.187739
886 0.464052930205 0.63894761481 0.0811782 0.187739
887 0.466173866515 0.639756258979 0.0811782 0.187739
888 0.414530312553 0.654337856403 0.0811782 0.187739
889 0.428418101966 0.579949676172 0.0811782 0.187739
890 0.434597417569 0.609256376849 0.0811782 0.187739
891 0.455133807533 0.628760429486 0.0811782 0.187739
892 0.43898824653 0.654026241093 0.0811782 0.187739
893 0.421023078062 0.678470337475 0.0811782 0.187739
894 0.49491363699 0.590765096646 0.0811782 0.187739
895 0.497584870854 0.531232212481 0.0811782 0.187739
896 0.407841404604 0.594899999428 0.0811782 0.187739
897 0.321829709012 0.559784290491 0.0811782 0.187739
898 0.223478114458 0.535965123022 0.0811782 0.187739
899 0.147914129716 0.490727785433 0.0811782 0.187739
900 0.0912777400481 0.463649973638 0.0811782 0.187739
901 0.0772664895578 0.480001478485 0.0811782 0.187739
902 0.112841612841 0.4772725917 0.0811782 0.187739
903 0.126286520301 0.480770970774 0.0811782 0.187739
904 0.109206990759 0.500993920091 0.0811782 0.187739
905 0.107842541286 0.513944792569 0.0811782 0.187739
906 0.0955360197235 0.479600225013 0.0811782 0.187739
907 0.11209961758 0.48147424651 0.0811782 0.187739
908 0.118139534265 0.477867096461 0.0811782 0.187739
909 0.113259268115 0.489935224876 0.0811782 0.187739
910 0.11129010525 0.48399023854 0.0811782 0.187739
911 0.0981149859141 0.47553489308 0.0811782 0.187739
912 0.0766583262568 0.469019180297 0.0811782 0.187739
913 0.0689189912534 0.438254181657 0.0811782 0.187739
914 0.0741446682849 0.434702003311 0.0811782 0.187739
915 0.103388714271 0.455172492703 0.0811782 0.187739
916 0.113008294162 0.463108139597 0.0811782 0.187739
917 0.0869342993655 0.439539985127 0.0811782 0.187739
918 0.0756189136894 0.446150713353 0.0811782 0.187739
919 0.073026234333 0.450225711804 0.0811782 0.187739
920 0.0569340264892 0.466391643535 0.0811782 0.187739
921 0.056546411019 0.486490427729 0.0811782 0.187739
922 0.0662114681459 0.497764572845 0.0811782 0.187739
923 0.0788405766281 0.50245822682 0.0811782 0.187739
924 0.075901025896 0.502811530544 0.0811782 0.187739
925 0.0730051986325 0.485296527547 0.0811782 0.187739
926 0.0893819330314 0.510413577424 0.0811782 0.187739
927 0.0888926032142 0.48116442107 0.0811782 0.187739
928 0.100861183223 0.484951750445 0.0811782 0.187739
929 0.124153603731 0.516946710919 0.0811782 0.187739
930 0.120331536485 0.529276466055 0.0811782 0.187739
931 0.105292060456 0.510615725432 0.0811782 0.187739
932 0.115542255604 0.512171174453 0.0811782 0.187739
933 0.115544679683 0.505637869239 0.0811782 0.187739
934 0.123244105879 0.506517037069 0.0811782 0.187739
935 0.121508205365 0.502145153501 0.0811782 0.187739
936 0.100713255531 0.463651488879 0.0811782 0.187739
937 0.0521467946675 0.431247494772 0.0811782 0.187739
938 0.0415865669158 0.446769541071 0.0811782 0.187739
939 0.070336303729 0.459270416987 0.0811782 0.187739
940 0.0909969607531 0.463268990328 0.0811782 0.187739
941 0.127529062282 0.491777659045 0.0811782 0.187739
942 0.0928004721333 0.524409188463 0.0811782 0.187739
943 0.0926614241607 0.528266867849 0.0811782 0.187739
944 0.0479393153222 0.545456392673 0.0811782 0.187739
945 0.0245372081917 0.573603126674 0.0811782 0.187739
946 0.00437315342251 0.584700954917 0.0811782 0.187739
947 0.000904940812096 0.562704230421 0.0811782 0.187739
948 0.00113306903905 0.5600640022 0.0811782 0.187739
949 0.0 0.560275916485 0.0811782 0.187739
950 0.00601154661225 0.581055945902 0.0811782 0.187739
951 0.00257145129892 0.593332548163 0.0811782 0.187739
952 0.00909190164656 0.578405176629 0.0811782 0.187739
953 0.0109450152382 0.574394939983 0.0811782 0.187739
954 0.0154247744111 0.576404718236 0.0811782 0.187739
955 0.0192968906138 0.58605547552 0.0811782 0.187739
956 0.00340165034556 0.539103455713 0.0811782 0.187739
957 0.00348259637864 0.554911459033 0.0811782 0.187739
958 0.00708637981297 0.574327942091 0.0811782 0.187739
959 0.00373761369665 0.591003866523 0.0811782 0.187739
960 0.0362646601044 0.606233009512 0.0811782 0.187739
961 0.0157678339584 0.595153934749 0.0811782 0.187739
962 0.0109770708512 0.620858427798 0.0811782 0.187739
963 0.0372439833983 0.688459405929 0.0811782 0.187739
964 0.0418438088955 0.737055991383 0.0811782 0.187739
965 0.0171787794103 0.814374984277 0.0811782 0.187739
966 0.218628918663 0.659596598553 0.0811782 0.187739
967 0.221685466727 0.622415085118 0.0811782 0.187739
968 0.128643354289 0.692875082678 0.0811782 0.187739
969 0.0503034811973 0.724868624323 0.0811782 0.187739
970 0.0542605537701 0.6519479363 0.0811782 0.187739
971 0.0584682816099 0.605173701659 0.0811782 0.187739
972 0.0309428171265 0.616110417903 0.0811782 0.187739
973 0.0188109753773 0.590301335446 0.0811782 0.187739
974 0.0151313367725 0.554671463384 0.0811782 0.187739
975 0.0370619064386 0.581860565546 0.0811782 0.187739
976 0.0558967278194 0.622276825122 0.0811782 0.187739
977 0.0313254114786 0.535198984741 0.0811782 0.187739
978 0.0731972805532 0.435941307335 0.0811782 0.187739
979 0.0502342703263 0.255038209964 0.0811782 0.187739
980 0.0427640381099 0.142508467461 0.0811782 0.187739
981 0.0414258941743 0.123085850038 0.0811782 0.187739
982 0.0654497185372 0.168614648429 0.0811782 0.187739
983 0.0611626639401 0.164193212809 0.0811782 0.187739
984 0.0425338838783 0.121186348298 0.0811782 0.187739
985 0.0478298281903 0.146215621221 0.0811782 0.187739
986 0.0251115554668 0.101753886141 0.0811782 0.187739
987 0.0069677785422 0.0554461458429 0.0811782 0.187739
988 7.7242141656e-05 0.10693778317 0.0811782 0.187739
989 0.00626766443521 0.156087329667 0.0811782 0.187739
990 0.0 0.179807517522 0.0811782 0.187739
991 0.000142905780156 0.187127806943 0.0811782 0.187739
992 0.00101614859119 0.144145140143 0.0811782 0.187739
993 0.0 0.0532629097167 0.0811782 0.187739
994 0.00373275017122 0.00264836480867 0.0811782 0.187739
995 0.014548161453 0.00424959443485 0.0811782 0.187739
996 0.0140127294055 0.0 0.0811782 0.187739
997 0.0741572698686 0.0 0.0811782 0.187739
998 0.0498010333891 0.0 0.0811782 0.187739
999 0.00280196916946 0.00027158566418 0.0811782 0.187739
1000 0.0 0.0 0.0811782 0.187739
1001 0.0 0.0166666666667 0.0811782 0.187739
1002 0.0 0.0379166666667 0.0811782 0.187739
1003 0.0 0.0333333333333 0.0811782 0.187739
1004 0.000109238324542 0.0172198545173 0.0811782 0.187739
1005 0.00287996045925 0.0882875130611 0.0811782 0.187739
1006 0.0189260688258 0.0754908048093 0.0811782 0.187739
1007 0.0589242637938 0.000835339946092 0.0811782 0.187739
1008 0.0474018581302 1.35091828268e-05 0.0811782 0.187739
1009 0.0347451757573 0.0 0.0811782 0.187739
1010 0.0189131629083 0.0 0.0811782 0.187739
1011 0.0253162576359 0.0 0.0811782 0.187739
1012 0.021875 0.0 0.0811782 0.187739
1013 0.021875 0.0 0.0811782 0.187739
1014 0.0 0.0 0.0811782 0.187739
1015 0.0 0.0175 0.0811782 0.187739
1016 0.000208333333333 0.0194444444444 0.0811782 0.187739
1017 0.000208333333333 0.00736111111111 0.0811782 0.187739
1018 0.0 0.00263888888889 0.0811782 0.187739
1019 0.0 0.00263888888889 0.0811782 0.187739
1020 0.0003125 0.0075 0.0811782 0.187739
1021 0.0 0.00361111111111 0.0811782 0.187739
1022 0.0 0.00638888888889 0.0811782 0.187739
1023 0.000208333333333 0.0 0.0811782 0.187739
1024 0.000520833333333 0.0 0.0811782 0.187739
1025 0.0003125 0.00402777777778 0.0811782 0.187739
1026 0.0 0.0 0.0811782 0.187739
1027 0.0 0.0 0.0811782 0.187739
1028 0.0 0.0 0.0811782 0.187739
1029 0.0 0.0 0.0811782 0.187739
1030 0.0 0.0 0.0811782 0.187739
1031 0.0 0.0 0.0811782 0.187739
1032 0.0 0.0 0.0811782 0.187739
1033 0.0 0.00625 0.0811782 0.187739
1034 0.00104166666667 0.00291666666667 0.0811782 0.187739
1035 0.0021875 0.000833333333333 0.0811782 0.187739
1036 0.01125 0.0025 0.0811782 0.187739
1037 0.0179166666667 0.00333333333333 0.0811782 0.187739
1038 0.0269791666667 0.0173611111111 0.0811782 0.187739
1039 0.0342708333333 0.0104166666667 0.0811782 0.187739
1040 0.0504166666667 0.0122222222222 0.0811782 0.187739
1041 0.0676041666667 0.0531944444444 0.0811782 0.187739
1042 0.1071875 0.0873611111111 0.0811782 0.187739
1043 0.109166666667 0.110138888889 0.0811782 0.187739
1044 0.0683333333333 0.109166666667 0.0811782 0.187739
1045 0.0657291666667 0.105833333333 0.0811782 0.187739
1046 0.0465113308378 0.242230097077 0.0811782 0.187739
1047 0.00633063884572 0.452177076258 0.0811782 0.187739
1048 0.00218864527516 0.523653302483 0.0811782 0.187739
1049 0.000679648498138 0.637753966811 0.0811782 0.187739
1050 0.000745017493919 0.787993670444 0.0811782 0.187739
1051 0.0777738088746 0.772832343997 0.0811782 0.187739
1052 0.290950813508 0.663543894831 0.0811782 0.187739
1053 0.322273697028 0.663897302257 0.0811782 0.187739
1054 0.363617968128 0.612749275815 0.0811782 0.187739
1055 0.259811968193 0.74301241154 0.0811782 0.187739
1056 0.197281480081 0.791151989951 0.0811782 0.187739
1057 0.0907788340235 0.873283267125 0.0811782 0.187739
1058 0.45531327808 0.538287182086 0.0811782 0.187739
1059 0.390531675265 0.620565145086 0.0811782 0.187739
1060 0.333303589838 0.692848302262 0.0811782 0.187739
1061 0.203379214244 0.79397009105 0.0811782 0.187739
1062 0.285900238668 0.687596081872 0.0811782 0.187739
1063 0.465390355154 0.524716495491 0.0811782 0.187739
1064 0.355195053284 0.629895593853 0.0811782 0.187739
1065 0.242987879646 0.723849970821 0.0811782 0.187739
1066 0.165733968747 0.798898223838 0.0811782 0.187739
1067 0.244690605186 0.713953853605 0.0811782 0.187739
1068 0.451834221398 0.547815034354 0.0811782 0.187739
1069 0.38332666704 0.61468753161 0.0811782 0.187739
1070 0.294379972935 0.716759681135 0.0811782 0.187739
1071 0.163205340911 0.81447739564 0.0811782 0.187739
1072 0.235935923208 0.758519106223 0.0811782 0.187739
1073 0.379715937748 0.617998761575 0.0811782 0.187739
1074 0.400423236781 0.564007613331 0.0811782 0.187739
1075 0.393160911564 0.640167550966 0.0811782 0.187739
1076 0.382018054918 0.686815623071 0.0811782 0.187739
1077 0.35636990704 0.710912290892 0.0811782 0.187739
1078 0.331289978338 0.731804680247 0.0811782 0.187739
1079 0.291342838519 0.725866783673 0.0811782 0.187739
1080 0.263938142452 0.747814971788 0.0811782 0.187739
1081 0.125145244417 0.821237209073 0.0811782 0.187739
1082 0.178226703442 0.798250362093 0.0811782 0.187739
1083 0.510181041363 0.579854403767 0.0811782 0.187739
1084 0.47920039951 0.588452997407 0.0811782 0.187739
1085 0.376535400436 0.626875853182 0.0811782 0.187739
1086 0.363646232019 0.729784037648 0.0811782 0.187739
1087 0.37830712882 0.795778159833 0.0811782 0.187739
1088 0.287070063127 0.780009920528 0.0811782 0.187739
1089 0.398265997967 0.592185706726 0.0811782 0.187739
1090 0.443182588861 0.647901924279 0.0811782 0.187739
1091 0.419516501734 0.716240841562 0.0811782 0.187739
1092 0.480772559892 0.728405575734 0.0811782 0.187739
1093 0.437234576738 0.682345570845 0.0811782 0.187739
1094 0.475737735927 0.740839113046 0.0811782 0.187739
1095 0.474770621865 0.778064594183 0.0811782 0.187739
1096 0.430080520023 0.783391466549 0.0811782 0.187739
1097 0.477263739725 0.645984645456 0.0811782 0.187739
1098 0.421755420104 0.628951673014 0.0811782 0.187739
1099 0.479076171362 0.665019665555 0.0811782 0.187739
1100 0.502814812456 0.608863304439 0.0811782 0.187739
1101 0.494394027448 0.588123691832 0.0811782 0.187739
1102 0.434588103499 0.548769982308 0.0811782 0.187739
1103 0.418780927951 0.537284532271 0.0811782 0.187739
1104 0.440132711937 0.570332001871 0.0811782 0.187739
1105 0.464527780026 0.540152792819 0.0811782 0.187739
1106 0.483432702828 0.55332570762 0.0811782 0.187739
1107 0.509181391526 0.56215477764 0.0811782 0.187739
1108 0.503128587325 0.561359265818 0.0811782 0.187739
1109 0.560642049524 0.614998548268 0.0811782 0.187739
1110 0.560697105988 0.620275234655 0.0811782 0.187739
1111 0.559573142725 0.623887045994 0.0811782 0.187739
1112 0.514306250138 0.583675826103 0.0811782 0.187739
1113 0.457665453333 0.601257481453 0.0811782 0.187739
1114 0.485050063673 0.629085814869 0.0811782 0.187739
1115 0.497351947557 0.614432302932 0.0811782 0.187739
1116 0.466907335688 0.596947724887 0.0811782 0.187739
1117 0.481958416305 0.591501547643 0.0811782 0.187739
1118 0.466035827508 0.580104018054 0.0811782 0.187739
1119 0.44602199417 0.584791333757 0.0811782 0.187739
1120 0.475791459973 0.66006349939 0.0811782 0.187739
1121 0.476785355461 0.659442449486 0.0811782 0.187739
1122 0.445916080962 0.590750112905 0.0811782 0.187739
1123 0.500674554422 0.649832353882 0.0811782 0.187739
1124 0.466860935904 0.648954019688 0.0811782 0.187739
1125 0.520358666941 0.665215066523 0.0811782 0.187739
1126 0.565219468395 0.694338701317 0.0811782 0.187739
1127 0.576781119531 0.718029371838 0.0811782 0.187739
1128 0.615172197833 0.678027782378 0.0811782 0.187739
1129 0.590243238382 0.656341473939 0.0811782 0.187739
1130 0.480834903962 0.596613611648 0.0811782 0.187739
1131 0.436517632752 0.557083648312 0.0811782 0.187739
1132 0.405882230047 0.507444039652 0.0811782 0.187739
1133 0.377232716511 0.506632101517 0.0811782 0.187739
1134 0.412824569838 0.426646495582 0.0811782 0.187739
1135 0.417236684848 0.410228722349 0.0811782 0.187739
1136 0.41804979194 0.407776001297 0.0811782 0.187739
1137 0.41741197022 0.411049341177 0.0811782 0.187739
1138 0.426347793282 0.408510709975 0.0811782 0.187739
1139 0.426252990104 0.4044372264 0.0811782 0.187739
1140 0.448181830361 0.408049357359 0.0811782 0.187739
1141 0.47916062408 0.409635763995 0.0811782 0.187739
1142 0.487600009165 0.421287025655 0.0811782 0.187739
1143 0.481676216718 0.439417219851 0.0811782 0.187739
1144 0.495614728169 0.409668314762 0.0811782 0.187739
1145 0.503560363349 0.386566999673 0.0811782 0.187739
1146 0.486641022657 0.40911673504 0.0811782 0.187739
1147 0.50370096036 0.385135079643 0.0811782 0.187739
1148 0.456575560972 0.489061981505 0.0811782 0.187739
1149 0.458081115774 0.489312752635 0.0811782 0.187739
1150 0.484713498982 0.513145119833 0.0811782 0.187739
1151 0.537209903475 0.530600328948 0.0811782 0.187739
1152 0.570610270673 0.516584796124 0.0811782 0.187739
1153 0.581211972194 0.529879197853 0.0811782 0.187739
1154 0.552142622504 0.475831421127 0.0811782 0.187739
1155 0.56546609592 0.491096496703 0.0811782 0.187739
1156 0.556374112719 0.450739468486 0.0811782 0.187739
1157 0.545548197889 0.428508213157 0.0811782 0.187739
1158 0.55341973309 0.445481063566 0.0811782 0.187739
1159 0.546329776535 0.447224719081 0.0811782 0.187739
1160 0.536837832177 0.443967391182 0.0811782 0.187739
1161 0.524725610189 0.452261856868 0.0811782 0.187739
1162 0.492026579822 0.393460705749 0.0811782 0.187739
1163 0.485825671718 0.39124529591 0.0811782 0.187739
1164 0.476106525838 0.399325230192 0.0811782 0.187739
1165 0.461336365335 0.380032170081 0.0811782 0.187739
1166 0.44605467286 0.347664827994 0.0811782 0.187739
1167 0.45 0.306388888889 0.0811782 0.187739
1168 0.471469912906 0.242987187424 0.0811782 0.187739
1169 0.48951528572 0.21884661969 0.0811782 0.187739
1170 0.495902096359 0.232575476097 0.0811782 0.187739
1171 0.51096503319 0.252604736285 0.0811782 0.187739
1172 0.523028585063 0.280226025324 0.0811782 0.187739
1173 0.486501713686 0.27967801658 0.0811782 0.187739
1174 0.471296944626 0.295214880046 0.0811782 0.187739
1175 0.459218852562 0.276911888529 0.0811782 0.187739
1176 0.454104511318 0.26460665334 0.0811782 0.187739
1177 0.448399276475 0.248483824597 0.0811782 0.187739
1178 0.478256591588 0.281434622118 0.0811782 0.187739
1179 0.474218426615 0.282008402721 0.0811782 0.187739
1180 0.443177081319 0.273124992271 0.0811782 0.187739
1181 0.443643199836 0.278749141528 0.0811782 0.187739
1182 0.475381688247 0.303326968594 0.0811782 0.187739
1183 0.440630027147 0.29472612134 0.0811782 0.187739
1184 0.42793959722 0.335026551191 0.0811782 0.187739
1185 0.427090978702 0.328951266475 0.0811782 0.187739
1186 0.436025213205 0.331626149118 0.0811782 0.187739
1187 0.469667388986 0.327738110271 0.0811782 0.187739
1188 0.495883274646 0.296913118813 0.0811782 0.187739
1189 0.434240352045 0.265549240479 0.0811782 0.187739
1190 0.397074702635 0.272269278446 0.0811782 0.187739
1191 0.445061686204 0.390929985075 0.0811782 0.187739
1192 0.542145120563 0.405628877075 0.0811782 0.187739
1193 0.58079174388 0.390306523512 0.0811782 0.187739
1194 0.690097737377 0.361431863495 0.0811782 0.187739
1195 0.766383797494 0.425607575726 0.0811782 0.187739
1196 0.784659687797 0.422585556683 0.0811782 0.187739
1197 0.647380988882 0.37761825432 0.0811782 0.187739
1198 0.617569192201 0.344219515725 0.0811782 0.187739
1199 0.660794754356 0.335076490403 0.0811782 0.187739
1200 0.70862099758 0.305382573717 0.0811782 0.187739
1201 0.731805184126 0.300363426029 0.0811782 0.187739
1202 0.748588573274 0.296697061816 0.0811782 0.187739
1203 0.750219673561 0.289338384565 0.0811782 0.187739
1204 0.736920721554 0.26939879235 0.0811782 0.187739
1205 0.757643912004 0.271364179013 0.0811782 0.187739
1206 0.760300594179 0.27625623923 0.0811782 0.187739
1207 0.764570534662 0.271159249777 0.0811782 0.187739
1208 0.764949184241 0.258545547898 0.0811782 0.187739
1209 0.764211089728 0.26371324118 0.0811782 0.187739
1210 0.775000915672 0.274681495283 0.0811782 0.187739
1211 0.756260112129 0.267789005364 0.0811782 0.187739
1212 0.736228817185 0.266206540057 0.0811782 0.187739
1213 0.724659149207 0.264693110703 0.0811782 0.187739
1214 0.704425924357 0.293027009381 0.0811782 0.187739
1215 0.677360772561 0.294207426582 0.0811782 0.187739
1216 0.652820270255 0.292716609909 0.0811782 0.187739
1217 0.6397962031 0.28925122366 0.0811782 0.187739
1218 0.62866253949 0.277577962745 0.0811782 0.187739
1219 0.594915555479 0.285469823304 0.0811782 0.187739
1220 0.56837622022 0.29509013473 0.0811782 0.187739
1221 0.542524928117 0.309250980204 0.0811782 0.187739
1222 0.493013767381 0.378668722095 0.0811782 0.187739
1223 0.466870464352 0.372167990304 0.0811782 0.187739
1224 0.40754439608 0.403229983972 0.0811782 0.187739
1225 0.358765235747 0.39263081166 0.0811782 0.187739
1226 0.323213603428 0.384979846264 0.0811782 0.187739
1227 0.281861723056 0.357251384741 0.0811782 0.187739
1228 0.255174474265 0.287496659647 0.0811782 0.187739
1229 0.199287714511 0.239896103722 0.0811782 0.187739
1230 0.126594750412 0.177870865447 0.0811782 0.187739
1231 0.0547692611 0.0951771657601 0.0811782 0.187739
1232 0.0150293366494 0.0758890927567 0.0811782 0.187739
1233 0.0179571092835 0.102860414744 0.0811782 0.187739
1234 0.0237162561111 0.117562581944 0.0811782 0.187739
1235 0.101971966495 0.219102442167 0.0811782 0.187739
1236 0.0565719806572 0.167558525146 0.0811782 0.187739
1237 0.0469386387676 0.137018889991 0.0811782 0.187739
1238 0.049918732499 0.133852170417 0.0811782 0.187739
1239 0.0294573812988 0.131080532488 0.0811782 0.187739
1240 0.0289049729373 0.128082356021 0.0811782 0.187739
1241 0.0284752655164 0.120896200827 0.0811782 0.187739
1242 0.0288753984278 0.114282965104 0.0811782 0.187739
1243 0.032506912633 0.138196527006 0.0811782 0.187739
1244 0.029073357249 0.106773529776 0.0811782 0.187739
1245 0.0213840473329 0.128795999874 0.0811782 0.187739
1246 0.0251594582755 0.122663166355 0.0811782 0.187739
1247 0.0122038441769 0.113106437439 0.0811782 0.187739
1248 0.0145957855958 0.116594540842 0.0811782 0.187739
1249 0.0170878332243 0.114141207846 0.0811782 0.187739
1250 0.0126324968774 0.109988750149 0.0811782 0.187739
1251 0.015086857778 0.112394513889 0.0811782 0.187739
1252 0.0287778859376 0.117334801735 0.0811782 0.187739
1253 0.0527157742 0.120130316795 0.0811782 0.187739
1254 0.048848832325 0.126047921865 0.0811782 0.187739
1255 0.032838770567 0.1125202245 0.0811782 0.187739
1256 0.033808235915 0.114505097291 0.0811782 0.187739
1257 0.0212245864561 0.0961377917734 0.0811782 0.187739
1258 0.00742725665045 0.0831059897196 0.0811782 0.187739
1259 0.00707378131952 0.0886199136624 0.0811782 0.187739
1260 0.0101792182473 0.107946771366 0.0811782 0.187739
1261 0.0324131298469 0.121136083363 0.0811782 0.187739
1262 0.0544642185527 0.137163624035 0.0811782 0.187739
1263 0.0617719743946 0.158028366168 0.0811782 0.187739
1264 0.0891478234615 0.180417097413 0.0811782 0.187739
1265 0.132126811997 0.211573210554 0.0811782 0.187739
1266 0.134985226239 0.235693835454 0.0811782 0.187739
1267 0.116580510009 0.233984368087 0.0811782 0.187739
1268 0.138354789599 0.256408004331 0.0811782 0.187739
1269 0.0975805426091 0.231876667958 0.0811782 0.187739
1270 0.0862796021921 0.242632096714 0.0811782 0.187739
1271 0.0840848432026 0.273231963018 0.0811782 0.187739
1272 0.0869516094724 0.272972237975 0.0811782 0.187739
1273 0.0934573320802 0.287484188814 0.0811782 0.187739
1274 0.0801075471321 0.304719092623 0.0811782 0.187739
1275 0.0775820613736 0.29855137286 0.0811782 0.187739
1276 0.0661197221555 0.253503915417 0.0811782 0.187739
1277 0.0687082074768 0.229470528472 0.0811782 0.187739
1278 0.0783025565427 0.229006729176 0.0811782 0.187739
1279 0.062946890774 0.226323739444 0.0811782 0.187739
1280 0.0647290248952 0.220506700767 0.0811782 0.187739
1281 0.0543754611435 0.212689222662 0.0811782 0.187739
1282 0.0490985644177 0.17492520719 0.0811782 0.187739
1283 0.056431652647 0.174443014878 0.0811782 0.187739
1284 0.0617346468855 0.158038630188 0.0811782 0.187739
1285 0.0574518487106 0.172619994056 0.0811782 0.187739
1286 0.0475848355207 0.193771454627 0.0811782 0.187739
1287 0.066897147641 0.222194950356 0.0811782 0.187739
1288 0.0833361951892 0.274238530734 0.0811782 0.187739
1289 0.093282845802 0.303723879861 0.0811782 0.187739
1290 0.111978430474 0.361470763509 0.0811782 0.187739
1291 0.148332504008 0.40388102333 0.0811782 0.187739
1292 0.100859481356 0.316509273856 0.0811782 0.187739
1293 0.0901646505561 0.317576568328 0.0811782 0.187739
1294 0.0699840529772 0.292608796026 0.0811782 0.187739
1295 0.0756841904591 0.295312212834 0.0811782 0.187739
1296 0.0393449960014 0.261031903191 0.0811782 0.187739
1297 0.0266310132527 0.245526300418 0.0811782 0.187739
1298 0.0194536230723 0.239371943812 0.0811782 0.187739
1299 0.0280570131787 0.250659237965 0.0811782 0.187739
1300 0.0332766113139 0.268917274187 0.0811782 0.187739
1301 0.0336635853104 0.287114100191 0.0811782 0.187739
1302 0.0412249279473 0.293049498577 0.0811782 0.187739
1303 0.0465406688425 0.30498424889 0.0811782 0.187739
1304 0.0459891144766 0.311456469751 0.0811782 0.187739
1305 0.0492012506228 0.30670283219 0.0811782 0.187739
1306 0.040594976431 0.288656131158 0.0811782 0.187739
1307 0.0303653669954 0.277746492193 0.0811782 0.187739
