./Vid_C_juice.avi
0 0.410029 0.208388 0.114061 0.373526
1 0.410029 0.211009 0.114061 0.370904
2 0.411013 0.21363 0.113078 0.368283
3 0.411013 0.214941 0.113078 0.368283
4 0.411013 0.214941 0.113078 0.369594
5 0.411013 0.220183 0.113078 0.365662
6 0.411013 0.222805 0.113078 0.368283
7 0.408063 0.228047 0.115044 0.364351
8 0.40708 0.23329 0.113078 0.365662
9 0.40413 0.238532 0.115044 0.365662
10 0.40413 0.245085 0.114061 0.366972
11 0.40413 0.25557 0.114061 0.364351
12 0.40413 0.264744 0.114061 0.365662
13 0.408063 0.277851 0.113078 0.364351
14 0.411996 0.292267 0.113078 0.363041
15 0.419862 0.310616 0.114061 0.363041
16 0.427729 0.330275 0.114061 0.366972
17 0.438545 0.351245 0.116028 0.363041
18 0.457227 0.366972 0.113078 0.363041
19 0.473943 0.386632 0.115044 0.360419
20 0.495575 0.402359 0.114061 0.36173
21 0.519174 0.416776 0.114061 0.36173
22 0.54179 0.427261 0.116028 0.364351
23 0.563422 0.435125 0.117994 0.363041
24 0.587021 0.441678 0.118977 0.363041
25 0.612586 0.44692 0.121927 0.36173
26 0.636185 0.449541 0.123894 0.36173
27 0.657817 0.449541 0.123894 0.366972
28 0.6765 0.456094 0.123894 0.363041
29 0.691249 0.456094 0.124877 0.363041
30 0.702065 0.454784 0.124877 0.364351
31 0.706981 0.456094 0.12586 0.363041
32 0.706981 0.449541 0.126844 0.365662
33 0.696165 0.449541 0.126844 0.364351
34 0.680433 0.44692 0.123894 0.364351
35 0.659784 0.444299 0.122911 0.366972
36 0.638151 0.444299 0.118977 0.365662
37 0.608653 0.444299 0.120944 0.365662
38 0.573255 0.445609 0.120944 0.364351
39 0.540806 0.445609 0.117994 0.368283
40 0.507375 0.452163 0.117994 0.364351
41 0.47296 0.456094 0.117011 0.36173
42 0.447394 0.457405 0.115044 0.365662
43 0.423795 0.463958 0.116028 0.364351
44 0.396264 0.46789 0.114061 0.364351
45 0.366765 0.471822 0.117994 0.36173
46 0.342183 0.477064 0.115044 0.36173
47 0.315634 0.480996 0.118977 0.363041
48 0.297935 0.486239 0.118977 0.360419
49 0.278269 0.486239 0.120944 0.365662
50 0.26352 0.482307 0.119961 0.366972
51 0.247788 0.483617 0.119961 0.360419
52 0.237955 0.466579 0.119961 0.366972
53 0.235988 0.453473 0.118977 0.365662
54 0.235988 0.428571 0.118977 0.372215
55 0.237955 0.407602 0.119961 0.369594
56 0.241888 0.381389 0.118977 0.369594
57 0.252704 0.351245 0.117011 0.368283
58 0.261554 0.321101 0.118977 0.372215
59 0.27237 0.292267 0.118977 0.370904
60 0.285152 0.266055 0.118977 0.368283
61 0.294002 0.246396 0.119961 0.365662
62 0.309735 0.226737 0.116028 0.370904
63 0.33235 0.21232 0.117994 0.368283
64 0.356932 0.201835 0.115044 0.365662
65 0.382498 0.193971 0.114061 0.365662
66 0.409046 0.188729 0.115044 0.366972
67 0.437561 0.188729 0.117994 0.363041
68 0.466077 0.192661 0.117011 0.363041
69 0.493609 0.201835 0.115044 0.365662
70 0.521141 0.21232 0.116028 0.365662
71 0.544739 0.228047 0.117011 0.356488
72 0.568338 0.231979 0.118977 0.364351
73 0.59292 0.241153 0.120944 0.363041
74 0.621436 0.247706 0.120944 0.36173
75 0.645034 0.252949 0.121927 0.357798
76 0.663717 0.25426 0.123894 0.359109
77 0.680433 0.258191 0.124877 0.360419
78 0.692232 0.258191 0.12586 0.363041
79 0.699115 0.256881 0.124877 0.363041
80 0.693215 0.25426 0.12586 0.360419
81 0.677483 0.246396 0.126844 0.359109
82 0.654867 0.237221 0.127827 0.359109
83 0.627335 0.228047 0.12586 0.357798
84 0.600787 0.216252 0.123894 0.36173
85 0.571288 0.205767 0.122911 0.359109
86 0.53884 0.195282 0.121927 0.36173
87 0.507375 0.183486 0.121927 0.364351
88 0.480826 0.175623 0.114061 0.364351
89 0.449361 0.171691 0.115044 0.363041
90 0.416912 0.171691 0.116028 0.359109
91 0.384464 0.171691 0.117011 0.36173
92 0.351032 0.180865 0.116028 0.360419
93 0.320551 0.19135 0.117011 0.36173
94 0.292035 0.205767 0.114061 0.357798
95 0.268437 0.218873 0.114061 0.357798
96 0.247788 0.229358 0.116028 0.357798
97 0.231072 0.245085 0.117994 0.357798
98 0.226155 0.263434 0.118977 0.360419
99 0.230088 0.280472 0.117994 0.359109
100 0.235988 0.306684 0.117994 0.357798
101 0.243854 0.327654 0.117011 0.359109
102 0.253687 0.349934 0.118977 0.359109
103 0.26942 0.372215 0.116028 0.357798
104 0.279253 0.394495 0.116028 0.356488
105 0.289086 0.416776 0.113078 0.357798
106 0.294985 0.444299 0.116028 0.357798
107 0.304818 0.471822 0.114061 0.352556
108 0.310718 0.494102 0.112094 0.355177
109 0.320551 0.512451 0.113078 0.352556
110 0.333333 0.525557 0.112094 0.352556
111 0.348083 0.53211 0.113078 0.353866
112 0.363815 0.53211 0.113078 0.357798
113 0.381514 0.530799 0.114061 0.355177
114 0.403147 0.519004 0.114061 0.357798
115 0.429695 0.503277 0.112094 0.357798
116 0.450344 0.487549 0.113078 0.355177
117 0.47296 0.471822 0.112094 0.360419
118 0.494592 0.454784 0.114061 0.359109
119 0.517207 0.440367 0.112094 0.357798
120 0.53884 0.427261 0.112094 0.359109
121 0.559489 0.415465 0.113078 0.356488
122 0.577188 0.402359 0.114061 0.355177
123 0.59587 0.386632 0.114061 0.359109
124 0.612586 0.373526 0.115044 0.357798
125 0.629302 0.36173 0.117011 0.356488
126 0.647984 0.344692 0.116028 0.36173
127 0.66175 0.334207 0.117994 0.359109
128 0.675516 0.323722 0.118977 0.36173
129 0.689282 0.307995 0.118977 0.364351
130 0.697148 0.301442 0.118977 0.360419
131 0.697148 0.290957 0.122911 0.360419
132 0.696165 0.275229 0.120944 0.364351
133 0.689282 0.263434 0.119961 0.364351
134 0.675516 0.250328 0.119961 0.364351
135 0.657817 0.239843 0.119961 0.36173
136 0.638151 0.229358 0.117011 0.365662
137 0.613569 0.220183 0.117011 0.364351
138 0.586037 0.21232 0.117994 0.36173
139 0.555556 0.205767 0.117994 0.357798
140 0.52704 0.193971 0.115044 0.36173
141 0.496559 0.186107 0.115044 0.360419
142 0.46706 0.178244 0.115044 0.363041
143 0.433628 0.17038 0.116028 0.363041
144 0.408063 0.165138 0.115044 0.364351
145 0.379548 0.161206 0.116028 0.36173
146 0.352999 0.155963 0.114061 0.363041
147 0.331367 0.153342 0.115044 0.36173
148 0.308751 0.152031 0.117011 0.363041
149 0.292035 0.155963 0.116028 0.357798
150 0.27532 0.159895 0.117011 0.357798
151 0.267453 0.163827 0.116028 0.357798
152 0.264503 0.169069 0.115044 0.356488
153 0.26942 0.175623 0.117011 0.355177
154 0.278269 0.183486 0.116028 0.355177
155 0.292035 0.188729 0.115044 0.353866
156 0.307768 0.201835 0.113078 0.352556
157 0.316618 0.220183 0.115044 0.347313
158 0.325467 0.235911 0.114061 0.344692
159 0.3353 0.252949 0.111111 0.34076
160 0.344149 0.267366 0.108161 0.338139
161 0.352016 0.277851 0.106195 0.34076
162 0.357915 0.289646 0.106195 0.332896
163 0.363815 0.292267 0.103245 0.332896
164 0.369715 0.292267 0.103245 0.331586
165 0.378564 0.296199 0.0983284 0.326343
166 0.385447 0.296199 0.0993117 0.323722
167 0.396264 0.296199 0.0963618 0.31848
168 0.406096 0.292267 0.0993117 0.314548
169 0.425762 0.292267 0.0973451 0.310616
170 0.446411 0.289646 0.0953786 0.307995
171 0.465093 0.289646 0.0914454 0.307995
172 0.481809 0.285714 0.093412 0.307995
173 0.499508 0.283093 0.0924287 0.300131
174 0.513274 0.279161 0.0914454 0.296199
175 0.522124 0.275229 0.0904621 0.294889
176 0.52999 0.275229 0.0884956 0.290957
177 0.539823 0.279161 0.0855457 0.283093
178 0.545723 0.283093 0.0894789 0.283093
179 0.560472 0.287025 0.0845624 0.279161
180 0.573255 0.296199 0.086529 0.279161
181 0.590954 0.304063 0.0855457 0.275229
182 0.608653 0.306684 0.0855457 0.275229
183 0.624385 0.311927 0.0835792 0.272608
184 0.636185 0.315858 0.0845624 0.268676
185 0.650934 0.307995 0.0825959 0.271298
186 0.660767 0.306684 0.0816126 0.268676
187 0.666667 0.300131 0.0816126 0.262123
188 0.669617 0.292267 0.0816126 0.263434
189 0.672566 0.281782 0.0845624 0.266055
190 0.680433 0.279161 0.0825959 0.260813
191 0.691249 0.285714 0.0776794 0.256881
192 0.697148 0.305374 0.0806293 0.258191
193 0.705998 0.331586 0.0806293 0.256881
194 0.713864 0.374836 0.0816126 0.25426
195 0.715831 0.423329 0.0806293 0.25557
196 0.715831 0.460026 0.0825959 0.249017
197 0.718781 0.482307 0.0825959 0.25557
198 0.710914 0.519004 0.0816126 0.249017
199 0.699115 0.537353 0.0806293 0.247706
200 0.689282 0.549148 0.079646 0.249017
201 0.678466 0.559633 0.0816126 0.247706
202 0.662734 0.563565 0.0806293 0.246396
203 0.647984 0.563565 0.0776794 0.249017
204 0.626352 0.559633 0.0786627 0.247706
205 0.600787 0.551769 0.0816126 0.242464
206 0.570305 0.542595 0.0776794 0.245085
207 0.53589 0.533421 0.0835792 0.251638
208 0.502458 0.530799 0.079646 0.247706
209 0.47001 0.521625 0.0776794 0.247706
210 0.433628 0.512451 0.0786627 0.249017
211 0.39528 0.501966 0.079646 0.247706
212 0.360865 0.486239 0.079646 0.247706
213 0.328417 0.478375 0.0786627 0.246396
214 0.294002 0.470511 0.0786627 0.246396
215 0.265487 0.462647 0.079646 0.249017
216 0.241888 0.452163 0.0806293 0.251638
217 0.222222 0.441678 0.0806293 0.25557
218 0.207473 0.431193 0.079646 0.251638
219 0.199607 0.414155 0.0786627 0.249017
220 0.20059 0.395806 0.0786627 0.247706
221 0.20944 0.366972 0.079646 0.251638
222 0.223206 0.335518 0.079646 0.252949
223 0.239921 0.309305 0.0816126 0.246396
224 0.258604 0.275229 0.0835792 0.247706
225 0.279253 0.245085 0.0806293 0.245085
226 0.298918 0.21232 0.0816126 0.246396
227 0.314651 0.176933 0.079646 0.250328
228 0.327434 0.145478 0.0776794 0.247706
229 0.340216 0.112713 0.0766962 0.249017
230 0.350049 0.0904325 0.0766962 0.246396
231 0.365782 0.068152 0.0737463 0.250328
232 0.380531 0.0550459 0.0737463 0.249017
233 0.394297 0.0498034 0.0737463 0.249017
234 0.408063 0.0576671 0.0757129 0.243775
235 0.425762 0.0707733 0.0757129 0.243775
236 0.445428 0.0982962 0.0747296 0.241153
237 0.459194 0.123198 0.0776794 0.239843
238 0.482793 0.145478 0.0757129 0.242464
239 0.502458 0.171691 0.0747296 0.239843
240 0.523107 0.199214 0.0766962 0.237221
241 0.545723 0.217562 0.0766962 0.239843
242 0.571288 0.238532 0.0757129 0.243775
243 0.596853 0.263434 0.0786627 0.239843
244 0.625369 0.284404 0.0786627 0.239843
245 0.656834 0.304063 0.0766962 0.241153
246 0.682399 0.322412 0.0786627 0.242464
247 0.706981 0.34076 0.079646 0.239843
248 0.729597 0.356488 0.0786627 0.243775
249 0.751229 0.372215 0.079646 0.243775
250 0.767945 0.391874 0.0825959 0.242464
251 0.785644 0.410223 0.0816126 0.242464
252 0.800393 0.42595 0.0816126 0.242464
253 0.810226 0.441678 0.0816126 0.239843
254 0.815143 0.449541 0.0825959 0.245085
255 0.811209 0.457405 0.0816126 0.247706
256 0.798427 0.465269 0.0825959 0.243775
257 0.780728 0.465269 0.0855457 0.247706
258 0.761062 0.466579 0.0806293 0.246396
259 0.73353 0.466579 0.0806293 0.246396
260 0.705998 0.466579 0.0776794 0.246396
261 0.677483 0.466579 0.079646 0.246396
262 0.646018 0.466579 0.0806293 0.246396
263 0.616519 0.473132 0.0806293 0.241153
264 0.587021 0.477064 0.0766962 0.241153
265 0.559489 0.477064 0.0766962 0.246396
266 0.528024 0.484928 0.0786627 0.241153
267 0.497542 0.48886 0.0786627 0.242464
268 0.466077 0.48886 0.0766962 0.242464
269 0.437561 0.48886 0.0766962 0.243775
270 0.410029 0.48886 0.0766962 0.243775
271 0.384464 0.486239 0.0737463 0.241153
272 0.360865 0.478375 0.0737463 0.243775
273 0.3353 0.474443 0.0757129 0.243775
274 0.315634 0.469201 0.0737463 0.243775
275 0.296952 0.462647 0.0757129 0.241153
276 0.280236 0.448231 0.0766962 0.246396
277 0.265487 0.431193 0.0766962 0.247706
278 0.256637 0.418087 0.0747296 0.242464
279 0.243854 0.395806 0.0757129 0.246396
280 0.235988 0.380079 0.0737463 0.241153
281 0.228122 0.355177 0.072763 0.245085
282 0.223206 0.328965 0.0717797 0.247706
283 0.218289 0.304063 0.0737463 0.249017
284 0.213373 0.280472 0.072763 0.245085
285 0.213373 0.250328 0.0747296 0.249017
286 0.213373 0.224115 0.0747296 0.247706
287 0.217306 0.197903 0.072763 0.245085
288 0.219272 0.171691 0.072763 0.246396
289 0.219272 0.141547 0.072763 0.250328
290 0.215339 0.12713 0.0747296 0.249017
291 0.211406 0.117955 0.072763 0.245085
292 0.20354 0.108781 0.0747296 0.242464
293 0.201573 0.10616 0.0737463 0.245085
294 0.19469 0.116645 0.072763 0.247706
295 0.186824 0.140236 0.0737463 0.242464
296 0.178958 0.163827 0.0747296 0.239843
297 0.172075 0.179554 0.0757129 0.239843
298 0.169125 0.193971 0.072763 0.241153
299 0.162242 0.207077 0.0757129 0.239843
300 0.165192 0.21232 0.0747296 0.243775
301 0.170108 0.224115 0.0757129 0.239843
302 0.176008 0.230668 0.0786627 0.241153
303 0.184857 0.239843 0.0766962 0.241153
304 0.19469 0.256881 0.0776794 0.241153
305 0.207473 0.281782 0.0747296 0.237221
306 0.217306 0.310616 0.0776794 0.237221
307 0.229105 0.335518 0.0757129 0.238532
308 0.247788 0.357798 0.0766962 0.245085
309 0.268437 0.38401 0.0766962 0.243775
310 0.291052 0.412844 0.0757129 0.238532
311 0.315634 0.432503 0.0776794 0.242464
312 0.344149 0.440367 0.0757129 0.243775
313 0.374631 0.454784 0.0806293 0.239843
314 0.413963 0.458716 0.0766962 0.243775
315 0.448378 0.458716 0.0766962 0.245085
316 0.483776 0.456094 0.0757129 0.242464
317 0.518191 0.444299 0.0776794 0.246396
318 0.553589 0.42464 0.0757129 0.246396
319 0.582104 0.406291 0.0747296 0.245085
320 0.60177 0.390564 0.0757129 0.247706
321 0.617502 0.385321 0.0776794 0.243775
322 0.629302 0.378768 0.0786627 0.241153
323 0.640118 0.366972 0.0766962 0.243775
324 0.640118 0.357798 0.0766962 0.245085
325 0.636185 0.347313 0.0757129 0.246396
326 0.623402 0.332896 0.0776794 0.249017
327 0.60767 0.31848 0.0786627 0.249017
328 0.59292 0.307995 0.0776794 0.243775
329 0.573255 0.288336 0.0766962 0.246396
330 0.552606 0.269987 0.0766962 0.252949
331 0.53294 0.260813 0.0766962 0.247706
332 0.516224 0.249017 0.0747296 0.249017
333 0.494592 0.246396 0.0757129 0.242464
334 0.47296 0.245085 0.0737463 0.243775
335 0.447394 0.245085 0.0747296 0.246396
336 0.425762 0.252949 0.0757129 0.247706
337 0.403147 0.273919 0.0757129 0.246396
338 0.385447 0.294889 0.0747296 0.249017
339 0.372665 0.317169 0.0737463 0.252949
340 0.359882 0.344692 0.0766962 0.247706
341 0.355949 0.368283 0.0747296 0.245085
342 0.355949 0.386632 0.0776794 0.245085
343 0.368732 0.402359 0.0747296 0.243775
344 0.385447 0.406291 0.0747296 0.245085
345 0.410029 0.412844 0.0747296 0.245085
346 0.436578 0.412844 0.0757129 0.247706
347 0.465093 0.416776 0.0757129 0.247706
348 0.497542 0.412844 0.0766962 0.246396
349 0.528024 0.411533 0.0776794 0.245085
350 0.559489 0.410223 0.0757129 0.246396
351 0.586037 0.411533 0.0757129 0.245085
352 0.610619 0.411533 0.0757129 0.250328
353 0.632252 0.427261 0.0757129 0.242464
354 0.649951 0.427261 0.0747296 0.249017
355 0.662734 0.433814 0.0737463 0.25426
356 0.669617 0.452163 0.0757129 0.249017
357 0.675516 0.470511 0.0757129 0.245085
358 0.67355 0.492792 0.0747296 0.242464
359 0.660767 0.51114 0.0757129 0.241153
360 0.642085 0.525557 0.0747296 0.241153
361 0.619469 0.529489 0.0757129 0.249017
362 0.600787 0.529489 0.0757129 0.252949
363 0.578171 0.536042 0.072763 0.250328
364 0.555556 0.536042 0.0757129 0.251638
365 0.530973 0.536042 0.0757129 0.249017
366 0.500492 0.525557 0.0757129 0.252949
367 0.46706 0.520315 0.0757129 0.250328
368 0.438545 0.508519 0.0757129 0.247706
369 0.410029 0.49017 0.0757129 0.247706
370 0.378564 0.469201 0.0757129 0.247706
371 0.348083 0.448231 0.0747296 0.249017
372 0.316618 0.42464 0.0766962 0.249017
373 0.290069 0.395806 0.0737463 0.25426
374 0.265487 0.368283 0.0776794 0.252949
375 0.245821 0.342071 0.0747296 0.251638
376 0.229105 0.314548 0.0747296 0.250328
377 0.216323 0.284404 0.0757129 0.251638
378 0.210423 0.259502 0.0757129 0.251638
379 0.216323 0.237221 0.0737463 0.249017
380 0.225172 0.21232 0.0757129 0.250328
381 0.241888 0.19135 0.0747296 0.251638
382 0.256637 0.173001 0.0757129 0.25426
383 0.274336 0.14941 0.0747296 0.259502
384 0.292035 0.136304 0.0747296 0.25557
385 0.309735 0.12844 0.0747296 0.250328
386 0.322517 0.117955 0.0737463 0.249017
387 0.3353 0.111402 0.0757129 0.247706
388 0.349066 0.111402 0.0717797 0.247706
389 0.359882 0.116645 0.072763 0.247706
390 0.369715 0.12713 0.0747296 0.249017
391 0.382498 0.140236 0.0737463 0.252949
392 0.39528 0.162516 0.0747296 0.247706
393 0.408063 0.183486 0.0747296 0.249017
394 0.419862 0.200524 0.0757129 0.246396
395 0.431662 0.214941 0.0737463 0.249017
396 0.441495 0.23329 0.0757129 0.249017
397 0.453294 0.245085 0.072763 0.247706
398 0.46411 0.252949 0.0717797 0.249017
399 0.471976 0.258191 0.072763 0.247706
400 0.480826 0.263434 0.0747296 0.249017
401 0.487709 0.268676 0.0737463 0.247706
402 0.494592 0.27654 0.072763 0.249017
403 0.499508 0.27654 0.0737463 0.251638
