./Vid_K_cup_on_table.avi
0 0.435345 0.363985 0.109195 0.136973
1 0.435345 0.363985 0.109195 0.136973
2 0.436063 0.366858 0.108477 0.135057
3 0.438218 0.3659 0.106322 0.138889
4 0.436063 0.3659 0.108477 0.138889
5 0.436063 0.369732 0.108477 0.135057
6 0.436063 0.371648 0.108477 0.133142
7 0.436063 0.371648 0.108477 0.133142
8 0.436063 0.37069 0.108477 0.1341
9 0.436063 0.37069 0.108477 0.1341
10 0.436063 0.37069 0.108477 0.1341
11 0.436063 0.37069 0.108477 0.1341
12 0.436063 0.37069 0.108477 0.1341
13 0.436063 0.37069 0.108477 0.1341
14 0.436063 0.37069 0.108477 0.1341
15 0.436063 0.37069 0.108477 0.1341
16 0.436063 0.37069 0.108477 0.1341
17 0.436063 0.37069 0.108477 0.1341
18 0.436063 0.37069 0.108477 0.1341
19 0.436063 0.37069 0.108477 0.1341
20 0.436063 0.37069 0.108477 0.1341
21 0.436063 0.37069 0.109195 0.1341
22 0.436063 0.37069 0.109195 0.1341
23 0.436063 0.37069 0.109195 0.1341
24 0.438218 0.37069 0.109914 0.1341
25 0.438218 0.37069 0.109914 0.1341
26 0.438218 0.368774 0.109914 0.136015
27 0.438218 0.368774 0.109914 0.136015
28 0.438218 0.368774 0.109914 0.136015
29 0.438218 0.368774 0.109914 0.136015
30 0.438218 0.368774 0.109914 0.136015
31 0.440374 0.368774 0.107759 0.136015
32 0.440374 0.368774 0.107759 0.136015
33 0.440374 0.368774 0.107759 0.136015
34 0.440374 0.368774 0.107759 0.136015
35 0.440374 0.368774 0.107759 0.136015
36 0.440374 0.368774 0.107759 0.136015
37 0.440374 0.369732 0.107759 0.136015
38 0.442529 0.369732 0.107759 0.136015
39 0.443247 0.369732 0.10704 0.136015
40 0.443247 0.369732 0.108477 0.138889
41 0.443247 0.369732 0.108477 0.138889
42 0.444684 0.369732 0.108477 0.138889
43 0.444684 0.369732 0.108477 0.138889
44 0.444684 0.369732 0.108477 0.138889
45 0.446839 0.369732 0.106322 0.138889
46 0.446839 0.369732 0.106322 0.138889
47 0.446839 0.369732 0.106322 0.138889
48 0.447557 0.37069 0.106322 0.135057
49 0.446839 0.369732 0.107759 0.138889
50 0.446839 0.369732 0.107759 0.138889
51 0.446839 0.369732 0.107759 0.138889
52 0.446839 0.369732 0.108477 0.138889
53 0.446839 0.368774 0.109195 0.136973
54 0.446121 0.368774 0.109914 0.136973
55 0.446121 0.368774 0.109914 0.136973
56 0.446121 0.368774 0.108477 0.136973
57 0.446121 0.368774 0.108477 0.136973
58 0.446121 0.368774 0.108477 0.136973
59 0.446121 0.368774 0.108477 0.136973
60 0.446121 0.368774 0.108477 0.136973
61 0.446121 0.368774 0.108477 0.136973
62 0.446121 0.368774 0.108477 0.136973
63 0.446121 0.368774 0.108477 0.136973
64 0.446121 0.368774 0.108477 0.136973
65 0.446121 0.368774 0.109914 0.136973
66 0.447557 0.3659 0.108477 0.139847
67 0.448276 0.366858 0.109914 0.138889
68 0.450431 0.367816 0.109914 0.137931
69 0.450431 0.367816 0.109914 0.137931
70 0.452586 0.367816 0.109195 0.136973
71 0.454741 0.367816 0.109195 0.136973
72 0.456897 0.367816 0.109195 0.136973
73 0.456897 0.367816 0.109195 0.136973
74 0.458333 0.367816 0.107759 0.136973
75 0.45977 0.367816 0.109195 0.137931
76 0.461207 0.367816 0.109914 0.138889
77 0.461207 0.367816 0.110632 0.138889
78 0.461207 0.367816 0.110632 0.138889
79 0.461207 0.367816 0.110632 0.138889
80 0.461207 0.371648 0.110632 0.138889
81 0.462644 0.371648 0.110632 0.138889
82 0.46408 0.37069 0.109195 0.139847
83 0.46408 0.37069 0.112069 0.139847
84 0.464799 0.37069 0.111351 0.139847
85 0.465517 0.37069 0.110632 0.139847
86 0.466236 0.37069 0.109914 0.139847
87 0.466236 0.368774 0.109195 0.141762
88 0.467672 0.368774 0.107759 0.138889
89 0.467672 0.368774 0.112069 0.138889
90 0.469109 0.368774 0.110632 0.138889
91 0.469109 0.366858 0.112787 0.138889
92 0.469828 0.3659 0.112069 0.139847
93 0.469828 0.3659 0.109914 0.139847
94 0.466236 0.3659 0.110632 0.139847
95 0.465517 0.364943 0.110632 0.139847
96 0.464799 0.364943 0.111351 0.139847
97 0.462644 0.364943 0.113506 0.139847
98 0.462644 0.364943 0.109914 0.139847
99 0.461925 0.364943 0.110632 0.139847
100 0.461207 0.364943 0.109195 0.137931
101 0.45977 0.363027 0.110632 0.138889
102 0.457615 0.363985 0.110632 0.137931
103 0.456897 0.363985 0.109914 0.136973
104 0.454023 0.363985 0.112787 0.139847
105 0.454023 0.363985 0.112787 0.139847
106 0.454023 0.363985 0.112787 0.139847
107 0.454023 0.366858 0.112069 0.138889
108 0.454023 0.363027 0.112069 0.14272
109 0.454741 0.360153 0.112787 0.14272
110 0.457615 0.355364 0.112069 0.141762
111 0.461207 0.351533 0.113506 0.141762
112 0.462644 0.346743 0.114943 0.143678
113 0.467672 0.342912 0.114224 0.146552
114 0.469109 0.342912 0.113506 0.143678
115 0.469109 0.341954 0.113506 0.144636
116 0.466236 0.341954 0.116379 0.144636
117 0.46408 0.341954 0.115661 0.144636
118 0.45977 0.341954 0.115661 0.144636
119 0.456897 0.342912 0.114943 0.143678
120 0.454023 0.341954 0.115661 0.145594
121 0.454023 0.34387 0.114224 0.148467
122 0.45977 0.346743 0.115661 0.148467
123 0.465517 0.350575 0.119253 0.14751
124 0.472701 0.350575 0.115661 0.148467
125 0.478448 0.350575 0.119253 0.155172
126 0.487787 0.355364 0.117098 0.150383
127 0.490661 0.35728 0.119253 0.148467
128 0.492098 0.359195 0.118534 0.148467
129 0.494971 0.359195 0.117816 0.151341
130 0.494971 0.359195 0.117816 0.151341
131 0.492098 0.363027 0.117816 0.149425
132 0.491379 0.363985 0.118534 0.148467
133 0.487069 0.363985 0.119253 0.150383
134 0.485632 0.363985 0.118535 0.150383
135 0.484914 0.363985 0.119253 0.150383
136 0.485632 0.363985 0.118535 0.150383
137 0.485632 0.363985 0.118535 0.150383
138 0.485632 0.363985 0.121408 0.150383
139 0.489943 0.366858 0.12069 0.151341
140 0.489224 0.366858 0.121408 0.155172
141 0.491379 0.366858 0.119971 0.155172
142 0.494971 0.366858 0.119253 0.155172
143 0.497845 0.366858 0.119253 0.155172
144 0.491379 0.366858 0.122126 0.155172
145 0.485632 0.366858 0.121408 0.155172
146 0.479167 0.367816 0.123563 0.15613
147 0.472701 0.366858 0.122845 0.159004
148 0.466236 0.369732 0.122126 0.15613
149 0.461207 0.376437 0.121408 0.154215
150 0.457615 0.37931 0.121408 0.157088
151 0.453305 0.37931 0.122126 0.157088
152 0.450431 0.378352 0.125718 0.158046
153 0.450431 0.378352 0.125718 0.158046
154 0.450431 0.378352 0.125718 0.158046
155 0.453305 0.378352 0.122845 0.158046
156 0.456897 0.37931 0.121408 0.15613
157 0.458333 0.375479 0.123563 0.159962
158 0.458333 0.375479 0.127155 0.159962
159 0.461207 0.372605 0.124282 0.162835
160 0.462644 0.371648 0.125 0.159004
161 0.462644 0.366858 0.125 0.159004
162 0.464799 0.363027 0.125 0.159962
163 0.464799 0.363027 0.125 0.159962
164 0.464799 0.360153 0.125 0.162835
165 0.464799 0.360153 0.125 0.162835
166 0.46408 0.359195 0.125 0.159004
167 0.46408 0.359195 0.125 0.159004
168 0.46408 0.359195 0.125 0.159004
169 0.46408 0.359195 0.125 0.159004
170 0.46408 0.359195 0.125 0.159004
171 0.46408 0.3659 0.125 0.159004
172 0.46408 0.375479 0.125 0.158046
173 0.46408 0.37931 0.125 0.16092
174 0.46408 0.385057 0.125 0.16092
175 0.467672 0.388889 0.123563 0.159962
176 0.475575 0.391762 0.122845 0.16092
177 0.47773 0.391762 0.125718 0.161877
178 0.47773 0.391762 0.125718 0.161877
179 0.47773 0.391762 0.125718 0.161877
180 0.47773 0.390805 0.123563 0.16092
181 0.475575 0.387931 0.123563 0.159962
182 0.471264 0.3841 0.124282 0.161877
183 0.466954 0.383142 0.124282 0.162835
184 0.462644 0.382184 0.122845 0.161877
185 0.458333 0.380268 0.123563 0.159962
186 0.454741 0.376437 0.122845 0.158046
187 0.451149 0.376437 0.125 0.158046
188 0.446839 0.376437 0.125 0.158046
189 0.443966 0.376437 0.125718 0.16092
190 0.443966 0.376437 0.125718 0.16092
191 0.446839 0.376437 0.122845 0.16092
192 0.446839 0.378352 0.122845 0.159004
193 0.450431 0.378352 0.125718 0.161877
194 0.454023 0.378352 0.124282 0.161877
195 0.457615 0.37931 0.125 0.157088
196 0.460488 0.376437 0.123563 0.159962
197 0.461925 0.376437 0.122126 0.158046
198 0.462644 0.371648 0.121408 0.162835
199 0.45977 0.371648 0.124282 0.162835
200 0.45977 0.371648 0.122845 0.161877
201 0.45977 0.371648 0.122845 0.161877
202 0.45977 0.371648 0.122845 0.161877
203 0.45977 0.371648 0.122845 0.161877
204 0.45977 0.371648 0.122845 0.161877
205 0.461925 0.376437 0.122845 0.157088
206 0.461925 0.378352 0.126437 0.161877
207 0.465517 0.3841 0.122845 0.158046
208 0.468391 0.387931 0.122845 0.157088
209 0.470546 0.387931 0.123563 0.159004
210 0.474138 0.388889 0.123563 0.162835
211 0.478448 0.387931 0.125 0.163793
212 0.48204 0.387931 0.124282 0.163793
213 0.484914 0.387931 0.125718 0.163793
214 0.486351 0.39272 0.127155 0.159962
215 0.488506 0.39272 0.125 0.161877
216 0.487787 0.39272 0.125718 0.161877
217 0.487069 0.39272 0.126437 0.161877
218 0.484914 0.395594 0.125718 0.159962
219 0.481322 0.39751 0.125718 0.16092
220 0.474856 0.39751 0.126437 0.161877
221 0.471983 0.400383 0.125 0.159962
222 0.469828 0.401341 0.125 0.159004
223 0.469109 0.400383 0.125718 0.162835
224 0.469109 0.39751 0.125718 0.162835
225 0.469109 0.393678 0.126437 0.164751
226 0.469109 0.393678 0.127874 0.164751
227 0.469828 0.391762 0.127874 0.165709
228 0.471983 0.391762 0.12931 0.165709
229 0.471983 0.391762 0.12931 0.165709
230 0.471983 0.391762 0.12931 0.165709
231 0.471983 0.391762 0.12931 0.165709
232 0.470546 0.39272 0.127155 0.164751
233 0.469109 0.391762 0.128592 0.165709
234 0.466954 0.391762 0.128592 0.168582
235 0.465517 0.39272 0.126437 0.167625
236 0.461925 0.39272 0.127155 0.167625
237 0.457615 0.39751 0.127155 0.165709
238 0.454741 0.39751 0.127874 0.166667
239 0.454741 0.39751 0.127874 0.166667
240 0.454741 0.401341 0.127874 0.164751
241 0.456897 0.401341 0.125718 0.164751
242 0.456897 0.401341 0.127874 0.164751
243 0.461207 0.399425 0.123563 0.166667
244 0.461925 0.396552 0.127155 0.167625
245 0.465517 0.39751 0.125718 0.166667
246 0.468391 0.393678 0.125 0.168582
247 0.469109 0.39272 0.127155 0.16954
248 0.471983 0.388889 0.125718 0.168582
249 0.474856 0.389847 0.126437 0.165709
250 0.474856 0.386015 0.126437 0.168582
251 0.47773 0.383142 0.125718 0.16954
252 0.47773 0.383142 0.125718 0.16954
253 0.476293 0.383142 0.127155 0.16954
254 0.47342 0.383142 0.127874 0.163793
255 0.471983 0.380268 0.125 0.170498
256 0.470546 0.380268 0.123563 0.165709
257 0.466236 0.380268 0.127874 0.165709
258 0.462644 0.380268 0.125718 0.165709
259 0.461207 0.380268 0.123563 0.166667
260 0.457615 0.380268 0.123563 0.166667
261 0.454023 0.380268 0.124282 0.166667
262 0.447557 0.380268 0.125 0.167625
263 0.443966 0.3841 0.124282 0.167625
264 0.439655 0.3841 0.125 0.168582
265 0.4375 0.385057 0.122845 0.170498
266 0.4375 0.388889 0.123563 0.166667
267 0.443966 0.387931 0.124282 0.167625
268 0.453305 0.387931 0.122845 0.167625
269 0.456897 0.387931 0.125 0.167625
270 0.456897 0.387931 0.125 0.167625
271 0.454741 0.393678 0.124282 0.165709
272 0.454023 0.393678 0.122845 0.165709
273 0.450431 0.393678 0.123563 0.165709
274 0.445402 0.393678 0.124282 0.167625
275 0.444684 0.393678 0.122845 0.167625
276 0.443966 0.39272 0.124282 0.165709
277 0.447557 0.390805 0.125 0.165709
278 0.453305 0.387931 0.123563 0.168582
279 0.461207 0.383142 0.124282 0.168582
280 0.469109 0.375479 0.125718 0.168582
281 0.475575 0.37069 0.125718 0.167625
282 0.479885 0.367816 0.125718 0.165709
283 0.48204 0.364943 0.125 0.166667
284 0.48204 0.363027 0.127874 0.168582
285 0.483477 0.363027 0.126437 0.168582
286 0.483477 0.361111 0.126437 0.170498
287 0.483477 0.361111 0.126437 0.170498
288 0.487787 0.361111 0.122126 0.170498
289 0.487787 0.363985 0.126437 0.167625
290 0.491379 0.366858 0.125 0.166667
291 0.494253 0.371648 0.125718 0.16954
292 0.494253 0.377395 0.125718 0.16954
293 0.497845 0.37931 0.125 0.16954
294 0.5 0.37931 0.123563 0.16954
295 0.5 0.3841 0.125718 0.164751
296 0.50431 0.3841 0.124282 0.165709
297 0.507902 0.383142 0.124282 0.166667
298 0.513649 0.383142 0.125 0.168582
299 0.519397 0.383142 0.125718 0.168582
300 0.522988 0.380268 0.124282 0.171456
301 0.524425 0.380268 0.126437 0.170498
302 0.524425 0.37931 0.126437 0.168582
303 0.524425 0.374521 0.126437 0.173372
304 0.518678 0.376437 0.125718 0.168582
305 0.512931 0.375479 0.122845 0.16954
306 0.503592 0.375479 0.126437 0.16954
307 0.497126 0.375479 0.122126 0.16954
308 0.487069 0.377395 0.125718 0.16954
309 0.481322 0.380268 0.125718 0.166667
310 0.474856 0.378352 0.122126 0.16954
311 0.468391 0.378352 0.122845 0.174329
312 0.461207 0.378352 0.122845 0.174329
313 0.457615 0.378352 0.121408 0.174329
314 0.453305 0.378352 0.122126 0.174329
315 0.449713 0.378352 0.122126 0.174329
316 0.445402 0.378352 0.123563 0.174329
317 0.443966 0.378352 0.122126 0.174329
318 0.44181 0.378352 0.124282 0.174329
319 0.44181 0.378352 0.12069 0.174329
320 0.4375 0.378352 0.122126 0.174329
321 0.4375 0.378352 0.122126 0.174329
322 0.4375 0.378352 0.122126 0.174329
323 0.44181 0.3841 0.121408 0.168582
324 0.44181 0.3841 0.121408 0.168582
325 0.44181 0.3841 0.121408 0.168582
326 0.44181 0.3841 0.121408 0.168582
327 0.44181 0.3841 0.121408 0.168582
328 0.440374 0.3841 0.122845 0.168582
329 0.440374 0.3841 0.118534 0.168582
330 0.438218 0.3841 0.12069 0.168582
331 0.435345 0.3841 0.123563 0.168582
332 0.433908 0.3841 0.125 0.168582
333 0.433908 0.380268 0.117098 0.166667
334 0.431753 0.37931 0.117098 0.167625
335 0.428879 0.376437 0.118534 0.166667
336 0.428879 0.371648 0.118534 0.171456
337 0.428879 0.371648 0.118534 0.171456
338 0.431753 0.371648 0.115661 0.167625
339 0.428879 0.371648 0.118534 0.167625
340 0.428879 0.371648 0.118534 0.167625
341 0.428879 0.371648 0.118534 0.167625
342 0.428879 0.371648 0.118534 0.167625
343 0.428879 0.371648 0.118534 0.167625
344 0.428879 0.369732 0.118534 0.16954
345 0.428879 0.369732 0.118534 0.16954
346 0.431753 0.369732 0.115661 0.16954
347 0.428879 0.369732 0.118534 0.16954
348 0.428879 0.369732 0.117816 0.16954
349 0.428161 0.376437 0.119971 0.162835
350 0.426006 0.376437 0.118534 0.165709
351 0.422414 0.378352 0.119253 0.168582
352 0.426006 0.386973 0.115661 0.164751
353 0.426006 0.39272 0.118534 0.163793
354 0.431753 0.396552 0.117816 0.167625
355 0.438218 0.396552 0.118534 0.167625
356 0.443247 0.404215 0.119971 0.163793
357 0.450431 0.404215 0.118534 0.167625
358 0.45546 0.404215 0.117816 0.167625
359 0.459052 0.409004 0.118535 0.167625
360 0.461925 0.409004 0.115661 0.167625
361 0.461925 0.41092 0.119253 0.166667
362 0.461925 0.41092 0.119253 0.166667
363 0.461925 0.41092 0.119253 0.166667
364 0.461925 0.41092 0.118534 0.166667
365 0.461925 0.41092 0.118534 0.166667
366 0.461925 0.41092 0.118534 0.166667
367 0.461925 0.41092 0.118534 0.166667
368 0.461925 0.413793 0.119971 0.167625
369 0.461925 0.413793 0.119971 0.170498
370 0.461925 0.417625 0.117098 0.166667
371 0.461925 0.417625 0.117098 0.166667
372 0.463362 0.421456 0.115661 0.167625
373 0.463362 0.421456 0.115661 0.167625
374 0.463362 0.421456 0.115661 0.167625
375 0.461207 0.425287 0.114943 0.167625
376 0.461207 0.425287 0.114943 0.167625
377 0.461207 0.425287 0.114943 0.167625
378 0.461207 0.425287 0.114943 0.167625
379 0.457615 0.430077 0.114943 0.166667
380 0.457615 0.430077 0.113506 0.166667
381 0.457615 0.430077 0.113506 0.166667
382 0.457615 0.430077 0.113506 0.166667
383 0.454023 0.428161 0.117098 0.168582
384 0.454023 0.428161 0.112787 0.163793
385 0.454023 0.425287 0.112787 0.166667
386 0.454023 0.422414 0.112787 0.167625
387 0.454023 0.421456 0.110632 0.168582
388 0.450431 0.417625 0.114224 0.167625
389 0.450431 0.417625 0.109914 0.167625
390 0.446839 0.413793 0.110632 0.166667
391 0.444684 0.409962 0.108477 0.165709
392 0.443966 0.409962 0.107759 0.163793
393 0.44181 0.405172 0.109195 0.165709
394 0.440374 0.400383 0.10704 0.165709
395 0.441092 0.400383 0.104885 0.165709
396 0.438937 0.39751 0.107759 0.165709
397 0.438937 0.39272 0.107759 0.165709
398 0.443966 0.39272 0.107759 0.165709
399 0.446121 0.39272 0.107759 0.163793
400 0.447557 0.39272 0.10704 0.161877
401 0.447557 0.39272 0.10704 0.161877
402 0.447557 0.39272 0.10704 0.161877
403 0.447557 0.39272 0.10704 0.161877
404 0.447557 0.39272 0.10704 0.161877
405 0.443966 0.391762 0.104167 0.158046
406 0.441092 0.391762 0.10273 0.158046
407 0.439655 0.391762 0.104167 0.158046
408 0.4375 0.383142 0.104167 0.162835
409 0.435345 0.3841 0.103448 0.158046
410 0.434626 0.378352 0.100575 0.16092
411 0.434626 0.373563 0.100575 0.159004
412 0.431753 0.367816 0.103448 0.157088
413 0.431753 0.367816 0.103448 0.157088
414 0.438218 0.363027 0.0969827 0.158046
415 0.447557 0.363027 0.0998563 0.155172
416 0.450431 0.363027 0.0991379 0.155172
417 0.450431 0.363985 0.0998563 0.152299
418 0.456897 0.359195 0.0977011 0.154215
419 0.45977 0.359195 0.0962644 0.153257
420 0.458333 0.358238 0.0962643 0.155172
421 0.454023 0.355364 0.0962644 0.154215
422 0.450431 0.351533 0.0941092 0.153257
423 0.444684 0.351533 0.0933908 0.150383
424 0.440374 0.350575 0.0948276 0.151341
425 0.440374 0.355364 0.0941092 0.149425
426 0.438218 0.358238 0.0941092 0.151341
427 0.435345 0.363027 0.0905173 0.146552
428 0.428161 0.363027 0.0919541 0.149425
429 0.418103 0.367816 0.091954 0.150383
430 0.409483 0.37069 0.0905173 0.14751
431 0.405891 0.37069 0.0890805 0.14751
432 0.397988 0.37069 0.0897989 0.14751
433 0.395115 0.371648 0.0912356 0.143678
434 0.39296 0.366858 0.0883621 0.146552
435 0.390805 0.366858 0.0883621 0.14272
436 0.390805 0.366858 0.0883621 0.14272
437 0.394397 0.367816 0.0876437 0.14272
438 0.398707 0.3659 0.0869253 0.14272
439 0.403736 0.366858 0.0869253 0.141762
440 0.410201 0.3659 0.0840517 0.139847
441 0.413075 0.3659 0.0854885 0.141762
442 0.418103 0.3659 0.0862069 0.143678
443 0.421695 0.366858 0.0840517 0.145594
444 0.425287 0.372605 0.0847701 0.139847
445 0.428161 0.372605 0.0854885 0.145594
446 0.431753 0.375479 0.0840517 0.14272
447 0.435345 0.378352 0.0840517 0.14272
448 0.438218 0.381226 0.0818966 0.140805
449 0.438218 0.381226 0.0847701 0.140805
450 0.44181 0.385057 0.0847701 0.139847
451 0.447557 0.385057 0.0811782 0.139847
452 0.449713 0.386973 0.082615 0.137931
453 0.453305 0.3841 0.0818965 0.140805
454 0.45546 0.3841 0.082615 0.136973
455 0.461207 0.3841 0.0768678 0.136973
456 0.460488 0.383142 0.0783046 0.137931
457 0.463362 0.37931 0.0775862 0.137931
458 0.463362 0.37931 0.0775862 0.137931
459 0.463362 0.37931 0.0775862 0.137931
460 0.459052 0.37931 0.0775862 0.133142
461 0.456897 0.37931 0.075431 0.133142
462 0.453305 0.37931 0.0768678 0.133142
463 0.449713 0.37931 0.0747126 0.133142
464 0.447557 0.37931 0.0739942 0.133142
465 0.443966 0.37931 0.0747127 0.133142
466 0.442529 0.37931 0.0747126 0.133142
467 0.441092 0.37931 0.0747126 0.133142
468 0.441092 0.37931 0.0747126 0.131226
469 0.436782 0.37931 0.0768678 0.131226
470 0.436063 0.3841 0.0747126 0.128353
471 0.436063 0.3841 0.0725574 0.128353
472 0.436782 0.387931 0.0732758 0.12931
473 0.4375 0.391762 0.0747126 0.128352
474 0.443247 0.391762 0.0739942 0.128352
475 0.450431 0.393678 0.0725574 0.131226
476 0.453305 0.393678 0.0725575 0.131226
477 0.456897 0.400383 0.0732759 0.124521
478 0.45977 0.400383 0.0704023 0.128352
479 0.456897 0.40613 0.0725575 0.127395
480 0.456897 0.409962 0.0725575 0.123563
481 0.456897 0.409962 0.0689656 0.128352
482 0.453305 0.409962 0.0718391 0.128352
483 0.450431 0.409962 0.0718391 0.128352
484 0.447557 0.412835 0.0718391 0.125479
485 0.444684 0.412835 0.0711207 0.125479
486 0.441092 0.412835 0.0696839 0.121648
487 0.438218 0.412835 0.0675288 0.121648
488 0.435345 0.409962 0.0682471 0.122605
489 0.432471 0.409004 0.0675287 0.119732
490 0.428879 0.405172 0.0704023 0.12069
491 0.428879 0.400383 0.0696839 0.12069
492 0.428879 0.400383 0.0704023 0.12069
493 0.432471 0.400383 0.0682471 0.12069
494 0.435345 0.400383 0.0696839 0.119732
495 0.440374 0.401341 0.0668103 0.116858
496 0.441092 0.401341 0.0696839 0.116858
497 0.443966 0.401341 0.0668103 0.116858
498 0.447557 0.401341 0.0668103 0.111111
499 0.451149 0.396552 0.0653736 0.1159
500 0.454023 0.393678 0.0668103 0.111111
501 0.457615 0.387931 0.066092 0.110153
502 0.462644 0.374521 0.0646552 0.113985
503 0.466954 0.366858 0.0646552 0.112069
504 0.471983 0.362069 0.0646552 0.111111
505 0.474856 0.358238 0.0646552 0.111111
506 0.474856 0.351533 0.0646552 0.113985
507 0.476293 0.351533 0.0632184 0.112069
508 0.476293 0.346743 0.0632184 0.112069
509 0.475575 0.346743 0.0632184 0.109195
510 0.471983 0.34387 0.0675288 0.112069
511 0.471983 0.34387 0.0653736 0.112069
512 0.471983 0.34387 0.0653736 0.112069
513 0.471983 0.34387 0.0653736 0.112069
514 0.471983 0.34387 0.0653736 0.108238
515 0.469828 0.342912 0.0646552 0.109195
516 0.469828 0.340038 0.0646552 0.108238
517 0.472701 0.338123 0.0632184 0.108238
518 0.472701 0.333333 0.0639367 0.109195
519 0.476293 0.332375 0.0610632 0.108238
520 0.476293 0.331418 0.0617816 0.10728
521 0.476293 0.328544 0.0625 0.10728
522 0.477012 0.324713 0.0625 0.105364
523 0.476293 0.319923 0.0632184 0.106322
524 0.476293 0.319923 0.0625 0.106322
525 0.47342 0.31705 0.0653735 0.105364
526 0.472701 0.312261 0.0625 0.110153
527 0.469828 0.312261 0.0632184 0.110153
528 0.469828 0.312261 0.0596265 0.110153
529 0.466236 0.312261 0.0632184 0.110153
530 0.466236 0.312261 0.0632184 0.110153
531 0.466236 0.312261 0.0610632 0.110153
532 0.46408 0.313218 0.0617816 0.111111
533 0.46408 0.318008 0.0617816 0.106322
534 0.461925 0.321839 0.0617816 0.106322
535 0.461925 0.321839 0.0617816 0.106322
536 0.461207 0.326628 0.0625 0.10728
537 0.461207 0.33046 0.0625 0.106322
538 0.461207 0.337165 0.0625 0.103448
539 0.461207 0.337165 0.0589081 0.109195
540 0.461207 0.34387 0.0596264 0.106322
541 0.460488 0.347701 0.0603448 0.105364
542 0.458333 0.350575 0.0625 0.10728
543 0.458333 0.350575 0.0625 0.113027
544 0.458333 0.355364 0.0625 0.108238
545 0.458333 0.361111 0.0625 0.10249
546 0.458333 0.361111 0.0625 0.105364
547 0.458333 0.361111 0.0625 0.110153
548 0.458333 0.361111 0.0625 0.110153
549 0.458333 0.363027 0.0625 0.112069
550 0.458333 0.363027 0.0610632 0.112069
551 0.458333 0.37069 0.0610632 0.10728
552 0.458333 0.37069 0.0610632 0.10728
553 0.458333 0.37069 0.0610632 0.10728
554 0.458333 0.373563 0.0610632 0.105364
555 0.457615 0.373563 0.0596264 0.105364
556 0.457615 0.373563 0.0574713 0.105364
557 0.457615 0.373563 0.0574713 0.105364
558 0.45546 0.37069 0.0610632 0.108238
559 0.454023 0.37069 0.0625 0.108238
560 0.454023 0.37069 0.0625 0.108238
561 0.454023 0.37069 0.0625 0.108238
562 0.454023 0.37069 0.0596264 0.108238
563 0.454023 0.37069 0.0596264 0.108238
564 0.453305 0.375479 0.0603448 0.103448
565 0.453305 0.375479 0.0603448 0.103448
566 0.456178 0.376437 0.0589081 0.10728
567 0.456178 0.376437 0.0589081 0.10728
568 0.457615 0.376437 0.0625 0.10728
569 0.45977 0.376437 0.0603448 0.10728
570 0.461925 0.376437 0.0625 0.10728
571 0.465517 0.376437 0.0596264 0.105364
572 0.465517 0.375479 0.0625 0.105364
573 0.469109 0.371648 0.0596264 0.10728
574 0.470546 0.371648 0.0610632 0.105364
575 0.472701 0.371648 0.0610632 0.10249
576 0.476293 0.371648 0.0581897 0.10249
577 0.476293 0.371648 0.0581897 0.10249
578 0.476293 0.37069 0.0617816 0.106322
579 0.476293 0.37069 0.0617816 0.106322
580 0.476293 0.37069 0.0617816 0.106322
581 0.479167 0.371648 0.0617816 0.108238
582 0.479167 0.371648 0.0617816 0.108238
583 0.479167 0.371648 0.0625 0.108238
584 0.479167 0.371648 0.0625 0.108238
585 0.479167 0.371648 0.0625 0.108238
586 0.481322 0.371648 0.0625 0.108238
587 0.481322 0.371648 0.0625 0.108238
588 0.483477 0.37069 0.0603448 0.105364
589 0.483477 0.37069 0.0603448 0.105364
590 0.483477 0.37069 0.0603448 0.105364
591 0.483477 0.37069 0.0603448 0.105364
592 0.483477 0.37069 0.0603448 0.108238
593 0.480603 0.371648 0.0610632 0.10728
594 0.47773 0.371648 0.0639368 0.109195
595 0.47773 0.371648 0.0625 0.111111
596 0.47773 0.371648 0.0625 0.111111
597 0.474138 0.371648 0.0660919 0.111111
598 0.472701 0.375479 0.0617816 0.109195
599 0.469828 0.375479 0.0632184 0.109195
600 0.469828 0.380268 0.0632184 0.10728
601 0.469828 0.385057 0.0632184 0.10728
602 0.472701 0.385057 0.0625 0.10728
603 0.475575 0.385057 0.0610632 0.112069
604 0.475575 0.385057 0.0625 0.112069
605 0.478448 0.385057 0.0625 0.112069
606 0.481322 0.385057 0.0632184 0.112069
607 0.483477 0.385057 0.0653736 0.112069
608 0.487787 0.385057 0.0639368 0.112069
609 0.492098 0.385057 0.0646552 0.112069
610 0.492098 0.385057 0.0646552 0.112069
611 0.492098 0.3841 0.0653736 0.113027
612 0.492098 0.380268 0.0653736 0.116858
613 0.49569 0.375479 0.0668103 0.117816
614 0.49569 0.375479 0.0668103 0.117816
615 0.49569 0.375479 0.0668103 0.117816
616 0.49569 0.375479 0.0668103 0.117816
617 0.5 0.380268 0.066092 0.116858
618 0.5 0.380268 0.066092 0.116858
619 0.497845 0.380268 0.0696839 0.116858
620 0.497845 0.380268 0.0696839 0.116858
621 0.497845 0.380268 0.0675287 0.119732
622 0.497845 0.380268 0.0675287 0.119732
623 0.494253 0.380268 0.0711207 0.119732
624 0.494253 0.380268 0.0711207 0.119732
625 0.49569 0.380268 0.0704023 0.119732
626 0.5 0.380268 0.0696839 0.119732
627 0.50431 0.380268 0.0704023 0.119732
628 0.506465 0.380268 0.0704023 0.119732
629 0.509339 0.380268 0.0675287 0.119732
630 0.512931 0.380268 0.0704023 0.119732
631 0.513649 0.380268 0.0711207 0.119732
632 0.516523 0.376437 0.0689655 0.123563
633 0.513649 0.376437 0.0718391 0.123563
634 0.512213 0.376437 0.0704023 0.123563
635 0.507184 0.376437 0.0718391 0.123563
636 0.50431 0.376437 0.0689655 0.123563
637 0.496408 0.376437 0.0725574 0.128353
638 0.487787 0.380268 0.0739942 0.128352
639 0.480603 0.381226 0.0739942 0.131226
640 0.475575 0.388889 0.0725575 0.12931
641 0.471983 0.393678 0.0725575 0.128352
642 0.469828 0.395594 0.075431 0.1341
643 0.469828 0.395594 0.075431 0.1341
644 0.469828 0.400383 0.075431 0.133142
645 0.469828 0.403257 0.075431 0.135057
646 0.472701 0.408046 0.075431 0.1341
647 0.474856 0.408046 0.0761494 0.138889
648 0.472701 0.41092 0.0783046 0.140805
649 0.472701 0.41092 0.079023 0.143678
650 0.47342 0.413793 0.0775862 0.140805
651 0.477012 0.415709 0.0783046 0.139847
652 0.477012 0.415709 0.0783046 0.139847
653 0.477012 0.415709 0.0811781 0.139847
654 0.475575 0.413793 0.0783046 0.14272
655 0.471983 0.413793 0.0811782 0.144636
656 0.466954 0.416667 0.0818966 0.14751
657 0.461925 0.416667 0.0818965 0.14751
658 0.456178 0.412835 0.0847701 0.151341
659 0.449713 0.412835 0.0833333 0.151341
660 0.443966 0.408046 0.0847701 0.151341
661 0.447557 0.401341 0.0847701 0.153257
662 0.444684 0.401341 0.0876437 0.149425
663 0.441092 0.401341 0.0905172 0.149425
664 0.451149 0.39751 0.0912356 0.153257
665 0.454741 0.39751 0.0933908 0.153257
666 0.45977 0.401341 0.0933908 0.153257
667 0.463362 0.401341 0.0948276 0.157088
668 0.465517 0.404215 0.0948276 0.159962
669 0.465517 0.404215 0.0948276 0.159962
670 0.46408 0.404215 0.0962644 0.159962
671 0.46408 0.404215 0.0962644 0.159962
672 0.468391 0.404215 0.0977012 0.159962
673 0.468391 0.401341 0.0977012 0.16092
674 0.477012 0.402299 0.0991379 0.16092
675 0.479167 0.402299 0.103448 0.16092
676 0.479167 0.402299 0.103448 0.16092
677 0.481322 0.402299 0.104167 0.16092
678 0.484914 0.396552 0.104885 0.166667
679 0.484914 0.396552 0.103448 0.166667
680 0.484914 0.395594 0.103448 0.164751
681 0.484914 0.395594 0.106322 0.167625
682 0.484195 0.395594 0.10704 0.167625
683 0.481322 0.395594 0.10704 0.167625
684 0.472701 0.407088 0.109195 0.168582
685 0.468391 0.413793 0.109914 0.168582
686 0.466236 0.413793 0.109195 0.174329
687 0.462644 0.421456 0.110632 0.170498
688 0.45977 0.421456 0.113506 0.175287
689 0.45977 0.421456 0.113506 0.175287
690 0.469109 0.421456 0.115661 0.175287
691 0.474138 0.409962 0.113506 0.179119
692 0.474138 0.404215 0.116379 0.184866
693 0.474138 0.400383 0.119253 0.177203
694 0.474138 0.388889 0.12069 0.181992
695 0.477012 0.383142 0.122126 0.181992
696 0.477012 0.376437 0.122126 0.18295
697 0.477012 0.371648 0.122126 0.181034
698 0.477012 0.3659 0.122126 0.180077
699 0.474856 0.363027 0.12069 0.18295
700 0.467672 0.359195 0.121408 0.186782
701 0.461925 0.359195 0.122126 0.18295
702 0.45546 0.354406 0.122845 0.187739
703 0.450431 0.354406 0.124282 0.187739
704 0.446839 0.354406 0.123563 0.184866
705 0.442529 0.356322 0.123563 0.184866
706 0.436782 0.363985 0.125718 0.184866
707 0.431753 0.371648 0.126437 0.184866
708 0.431753 0.380268 0.127155 0.183908
709 0.439655 0.3841 0.128592 0.184866
710 0.446839 0.388889 0.127155 0.181992
711 0.450431 0.391762 0.127874 0.186782
712 0.451868 0.399425 0.12931 0.184866
713 0.461207 0.40613 0.130029 0.181992
714 0.471983 0.409004 0.128592 0.181992
715 0.477012 0.409004 0.128592 0.181992
716 0.481322 0.409004 0.12931 0.181992
717 0.485632 0.408046 0.127155 0.179119
718 0.485632 0.404215 0.130029 0.18295
719 0.485632 0.401341 0.130029 0.18295
720 0.485632 0.398467 0.127155 0.181035
721 0.482759 0.39272 0.126437 0.181992
722 0.478448 0.388889 0.12931 0.180077
723 0.472701 0.3841 0.132184 0.181035
724 0.469109 0.382184 0.132184 0.181992
725 0.466954 0.37931 0.130747 0.180077
726 0.461925 0.377395 0.131466 0.178161
727 0.45977 0.375479 0.132184 0.180077
728 0.457615 0.375479 0.134339 0.180077
729 0.457615 0.375479 0.134339 0.180077
730 0.463362 0.375479 0.135057 0.180077
731 0.466954 0.375479 0.135776 0.180077
732 0.477012 0.375479 0.135057 0.180077
733 0.480603 0.37931 0.135776 0.184866
734 0.480603 0.382184 0.135776 0.181992
735 0.479885 0.382184 0.136494 0.190613
736 0.478448 0.391762 0.137931 0.183908
737 0.47773 0.398467 0.138649 0.184866
738 0.47773 0.398467 0.138649 0.184866
739 0.476293 0.398467 0.140086 0.184866
740 0.471264 0.396552 0.139368 0.18295
741 0.466236 0.396552 0.140086 0.18295
742 0.456897 0.399425 0.139368 0.180077
743 0.451868 0.398467 0.138649 0.181035
744 0.445402 0.390805 0.139368 0.185824
745 0.438937 0.388889 0.140805 0.183908
746 0.435345 0.385057 0.140805 0.184866
747 0.435345 0.385057 0.140805 0.184866
748 0.432471 0.385057 0.140086 0.184866
749 0.432471 0.385057 0.140086 0.184866
750 0.432471 0.385057 0.140086 0.184866
751 0.432471 0.385057 0.140086 0.184866
752 0.432471 0.385057 0.140086 0.184866
753 0.432471 0.3841 0.14296 0.181035
754 0.443247 0.380268 0.140086 0.178161
755 0.446839 0.380268 0.137931 0.178161
756 0.449713 0.378352 0.135058 0.175287
757 0.446839 0.37931 0.135057 0.174329
758 0.445402 0.37931 0.134339 0.174329
759 0.445402 0.385057 0.130747 0.168582
760 0.445402 0.387931 0.130747 0.165709
761 0.445402 0.385057 0.130747 0.168582
762 0.445402 0.385057 0.130747 0.168582
763 0.451868 0.3841 0.126437 0.16954
764 0.454023 0.3841 0.128592 0.163793
765 0.459052 0.382184 0.127155 0.165709
766 0.461925 0.3841 0.12931 0.163793
767 0.469109 0.385057 0.126437 0.161877
768 0.472701 0.383142 0.124282 0.16092
769 0.474856 0.383142 0.126437 0.16092
770 0.47773 0.3841 0.126437 0.162835
771 0.48204 0.388889 0.124282 0.158046
772 0.48204 0.388889 0.124282 0.162835
773 0.479167 0.388889 0.125718 0.162835
774 0.475575 0.388889 0.125 0.162835
775 0.470546 0.388889 0.127874 0.162835
776 0.470546 0.388889 0.125718 0.162835
777 0.469109 0.388889 0.127155 0.162835
778 0.462644 0.388889 0.125718 0.162835
779 0.456178 0.388889 0.126437 0.162835
780 0.450431 0.389847 0.125718 0.161877
781 0.444684 0.385057 0.124282 0.162835
782 0.435345 0.385057 0.125 0.162835
783 0.426724 0.385057 0.126437 0.162835
784 0.423132 0.385057 0.128592 0.162835
785 0.423132 0.385057 0.125 0.167625
786 0.423132 0.385057 0.125 0.167625
787 0.424569 0.387931 0.125718 0.164751
788 0.425287 0.387931 0.12931 0.164751
789 0.428161 0.387931 0.128592 0.166667
790 0.434626 0.387931 0.125 0.166667
791 0.438218 0.385057 0.125 0.16954
792 0.441092 0.3841 0.126437 0.165709
793 0.445402 0.380268 0.127874 0.164751
794 0.445402 0.378352 0.127874 0.166667
795 0.448994 0.376437 0.126437 0.164751
796 0.448994 0.374521 0.124282 0.166667
797 0.448994 0.374521 0.124282 0.166667
798 0.448994 0.37069 0.124282 0.170498
799 0.453305 0.368774 0.125 0.163793
800 0.456897 0.3659 0.125 0.166667
801 0.458333 0.363027 0.125 0.164751
802 0.465517 0.35728 0.122126 0.162835
803 0.471983 0.35249 0.122126 0.159962
804 0.477012 0.346743 0.122845 0.161877
805 0.485632 0.342912 0.118535 0.16092
806 0.490661 0.33908 0.12069 0.16092
807 0.498563 0.333333 0.119253 0.164751
808 0.503592 0.329502 0.12069 0.164751
809 0.509339 0.327586 0.12069 0.16092
810 0.509339 0.327586 0.12069 0.16092
811 0.515086 0.321839 0.116379 0.157088
812 0.515086 0.318966 0.116379 0.157088
813 0.510776 0.318966 0.114224 0.157088
814 0.502155 0.318966 0.117098 0.157088
815 0.496408 0.318966 0.117098 0.157088
816 0.490661 0.320881 0.112787 0.155172
817 0.484195 0.320881 0.114942 0.155172
818 0.479167 0.325671 0.114224 0.153257
819 0.479167 0.325671 0.111351 0.153257
820 0.479167 0.325671 0.111351 0.153257
821 0.479167 0.329502 0.111351 0.149425
822 0.479167 0.329502 0.109195 0.149425
823 0.479167 0.340996 0.109195 0.14751
824 0.479167 0.342912 0.111351 0.149425
825 0.479167 0.351533 0.111351 0.148467
826 0.479167 0.358238 0.111351 0.146552
827 0.483477 0.363985 0.110632 0.151341
828 0.483477 0.373563 0.110632 0.150383
829 0.483477 0.385057 0.10704 0.14751
830 0.479885 0.39751 0.10704 0.143678
831 0.47773 0.402299 0.106322 0.144636
832 0.476293 0.405172 0.104885 0.146552
833 0.476293 0.405172 0.104885 0.149425
834 0.48204 0.408046 0.105603 0.149425
835 0.487069 0.411877 0.10704 0.145594
836 0.492816 0.411877 0.107759 0.145594
837 0.497126 0.411877 0.109195 0.145594
838 0.50431 0.409004 0.107759 0.145594
839 0.509339 0.405172 0.107759 0.141762
840 0.509339 0.402299 0.107759 0.140805
841 0.509339 0.400383 0.108477 0.14272
842 0.509339 0.399425 0.108477 0.141762
843 0.509339 0.398467 0.108477 0.14272
844 0.509339 0.398467 0.108477 0.14272
845 0.511494 0.398467 0.107759 0.14272
846 0.511494 0.398467 0.107759 0.14272
847 0.511494 0.398467 0.107759 0.14272
848 0.511494 0.398467 0.107759 0.14272
849 0.511494 0.398467 0.107759 0.14272
850 0.512931 0.399425 0.109195 0.138889
851 0.512931 0.399425 0.109195 0.138889
852 0.516523 0.398467 0.109914 0.139847
853 0.516523 0.398467 0.109914 0.139847
854 0.523707 0.398467 0.106322 0.136015
855 0.523707 0.398467 0.107759 0.136015
856 0.528017 0.395594 0.103448 0.138889
857 0.525144 0.393678 0.104885 0.137931
858 0.525144 0.393678 0.102012 0.137931
859 0.521552 0.393678 0.103448 0.137931
860 0.519397 0.393678 0.10273 0.137931
861 0.515805 0.393678 0.104167 0.132184
862 0.515805 0.393678 0.104167 0.132184
863 0.512931 0.393678 0.103448 0.132184
864 0.512931 0.393678 0.0998563 0.132184
865 0.510057 0.393678 0.10273 0.132184
866 0.508621 0.393678 0.101293 0.132184
867 0.508621 0.393678 0.099138 0.132184
868 0.50431 0.393678 0.101293 0.132184
869 0.5 0.393678 0.102012 0.137931
870 0.497845 0.39751 0.099138 0.1341
871 0.489943 0.401341 0.10273 0.133142
872 0.480603 0.401341 0.10273 0.133142
873 0.474856 0.401341 0.104167 0.133142
874 0.471264 0.401341 0.100575 0.133142
875 0.463362 0.401341 0.10273 0.136015
876 0.458333 0.401341 0.100575 0.136015
877 0.452586 0.405172 0.0991379 0.132184
878 0.446839 0.405172 0.101293 0.132184
879 0.443966 0.400383 0.0998563 0.1341
880 0.4375 0.400383 0.104167 0.133142
881 0.4375 0.400383 0.0991379 0.133142
882 0.43319 0.400383 0.0991379 0.130268
883 0.431753 0.400383 0.100575 0.130268
884 0.431753 0.400383 0.0969828 0.130268
885 0.426006 0.405172 0.0998563 0.130268
886 0.422414 0.408046 0.101293 0.1341
887 0.422414 0.408046 0.101293 0.1341
888 0.422414 0.412835 0.101293 0.131226
889 0.422414 0.417625 0.101293 0.126437
890 0.422414 0.417625 0.101293 0.131226
891 0.426006 0.417625 0.0998563 0.131226
892 0.426006 0.421456 0.0998563 0.1341
893 0.426006 0.421456 0.0998563 0.1341
894 0.426006 0.429119 0.0998563 0.130268
895 0.426006 0.434866 0.0998563 0.127395
896 0.428879 0.434866 0.0984195 0.127395
897 0.428879 0.434866 0.0984195 0.133142
898 0.432471 0.439655 0.0962644 0.128352
899 0.434626 0.442529 0.0984195 0.128353
900 0.434626 0.44636 0.0984195 0.127395
901 0.434626 0.448276 0.0991379 0.127395
902 0.436063 0.452107 0.0977011 0.12931
903 0.440374 0.455939 0.0969827 0.125479
904 0.440374 0.45977 0.0977012 0.125479
905 0.443247 0.463602 0.0948276 0.124521
906 0.443247 0.469349 0.0948276 0.123563
907 0.443966 0.475096 0.0941092 0.125479
908 0.443966 0.480843 0.0941092 0.126437
909 0.443966 0.488506 0.0941092 0.123563
910 0.443966 0.494253 0.0941092 0.123563
911 0.443966 0.494253 0.095546 0.126437
912 0.443966 0.499042 0.095546 0.122605
913 0.446839 0.501916 0.0969827 0.123563
914 0.446839 0.503831 0.0969827 0.127395
915 0.450431 0.506705 0.0955459 0.128352
916 0.453305 0.506705 0.0926724 0.128352
917 0.453305 0.510536 0.0948276 0.128353
918 0.453305 0.51341 0.0948276 0.125479
919 0.453305 0.514368 0.0948276 0.127395
920 0.453305 0.518199 0.0948276 0.125479
921 0.453305 0.518199 0.0948276 0.125479
922 0.45546 0.518199 0.0933908 0.125479
923 0.45546 0.518199 0.0933908 0.125479
924 0.45546 0.518199 0.0933908 0.125479
925 0.45546 0.518199 0.0933908 0.12069
926 0.45546 0.518199 0.0933908 0.117816
927 0.45546 0.51341 0.0933908 0.122605
928 0.454023 0.51341 0.0933908 0.123563
929 0.452586 0.515326 0.0912356 0.121648
930 0.449713 0.515326 0.0919541 0.121648
931 0.446839 0.518199 0.0948276 0.122605
932 0.446839 0.518199 0.0933908 0.122605
933 0.446839 0.518199 0.0933908 0.122605
934 0.445402 0.516284 0.0948276 0.124521
935 0.445402 0.516284 0.0948276 0.124521
936 0.445402 0.516284 0.0948276 0.117816
937 0.445402 0.510536 0.0926724 0.119732
938 0.445402 0.507663 0.0926724 0.121648
939 0.443247 0.503831 0.0948276 0.122605
940 0.441092 0.503831 0.0955459 0.122605
941 0.441092 0.5 0.0955459 0.126437
942 0.441092 0.497126 0.0969828 0.124521
943 0.441092 0.491379 0.0969828 0.126437
944 0.443966 0.487548 0.0948276 0.127395
945 0.443966 0.484674 0.0969827 0.128352
946 0.446839 0.483716 0.0941092 0.125479
947 0.446839 0.483716 0.0955459 0.124521
948 0.450431 0.482759 0.0941092 0.122605
949 0.450431 0.482759 0.0941092 0.122605
950 0.450431 0.482759 0.0962644 0.122605
951 0.452586 0.482759 0.0941092 0.122605
952 0.452586 0.482759 0.0991379 0.122605
953 0.452586 0.482759 0.0991379 0.122605
954 0.454741 0.482759 0.0969827 0.125479
955 0.454741 0.482759 0.0984195 0.125479
956 0.454741 0.482759 0.0991379 0.125479
957 0.457615 0.48659 0.0962644 0.121648
958 0.457615 0.48659 0.0998563 0.123563
959 0.457615 0.48659 0.0991379 0.123563
960 0.457615 0.48659 0.0991379 0.123563
961 0.457615 0.488506 0.0991379 0.126437
962 0.457615 0.488506 0.0991379 0.126437
963 0.45977 0.488506 0.0998563 0.126437
964 0.45977 0.488506 0.0998563 0.126437
965 0.45977 0.488506 0.0998563 0.126437
966 0.45977 0.488506 0.0998563 0.126437
967 0.45977 0.488506 0.0998563 0.126437
968 0.45977 0.488506 0.10273 0.128352
969 0.45977 0.48659 0.10273 0.130268
970 0.45977 0.48659 0.10273 0.130268
971 0.45977 0.48659 0.10273 0.130268
972 0.46408 0.482759 0.101293 0.130268
973 0.46408 0.482759 0.101293 0.130268
974 0.468391 0.477012 0.100575 0.127395
975 0.468391 0.472222 0.100575 0.132184
976 0.468391 0.472222 0.100575 0.128353
977 0.467672 0.469349 0.0984195 0.131226
978 0.463362 0.469349 0.101293 0.128352
979 0.456897 0.464559 0.102012 0.132184
980 0.453305 0.461686 0.103448 0.130268
981 0.453305 0.461686 0.0998563 0.127395
982 0.451149 0.450192 0.100575 0.1341
983 0.447557 0.444444 0.104167 0.132184
984 0.447557 0.434866 0.104167 0.136973
985 0.447557 0.43295 0.104167 0.133142
986 0.447557 0.428161 0.104167 0.135058
987 0.450431 0.423372 0.106322 0.133142
988 0.45546 0.418582 0.104885 0.136015
989 0.458333 0.416667 0.104885 0.136015
990 0.461925 0.41092 0.104167 0.136973
991 0.461925 0.41092 0.105603 0.136015
992 0.462644 0.407088 0.105603 0.138889
993 0.461207 0.407088 0.105603 0.136973
994 0.461207 0.404215 0.10704 0.139847
995 0.458333 0.404215 0.107759 0.136973
996 0.457615 0.402299 0.106322 0.138889
997 0.454023 0.402299 0.107759 0.137931
998 0.450431 0.399425 0.107759 0.140805
999 0.446839 0.399425 0.10704 0.136973
1000 0.443966 0.399425 0.10704 0.136973
1001 0.440374 0.396552 0.108477 0.136973
1002 0.440374 0.396552 0.108477 0.136973
1003 0.440374 0.396552 0.108477 0.136973
1004 0.440374 0.396552 0.108477 0.136973
1005 0.446121 0.396552 0.107759 0.136973
1006 0.448276 0.396552 0.107759 0.136973
1007 0.449713 0.39751 0.107759 0.135057
1008 0.451149 0.39751 0.106322 0.135057
1009 0.451149 0.395594 0.106322 0.136015
1010 0.451149 0.39272 0.108477 0.138889
1011 0.451149 0.39272 0.10704 0.138889
1012 0.451149 0.39272 0.108477 0.138889
1013 0.451149 0.394636 0.108477 0.136973
1014 0.453305 0.39751 0.106322 0.1341
1015 0.454023 0.399425 0.108477 0.1341
1016 0.456178 0.399425 0.106322 0.136015
1017 0.456178 0.404215 0.107759 0.135057
1018 0.456178 0.408046 0.107759 0.1341
1019 0.456897 0.408046 0.106322 0.1341
