./Vid_I_person_crossing.avi
0 0.337266 0.193971 0.174041 0.650066
1 0.33825 0.193971 0.176991 0.650066
2 0.339233 0.193971 0.176008 0.650066
3 0.340216 0.193971 0.175025 0.650066
4 0.340216 0.193971 0.175025 0.650066
5 0.340216 0.19135 0.176008 0.652687
6 0.339233 0.19135 0.176991 0.652687
7 0.33825 0.19135 0.177974 0.652687
8 0.33825 0.19135 0.177974 0.652687
9 0.33825 0.19135 0.177974 0.652687
10 0.336283 0.19135 0.175025 0.652687
11 0.336283 0.19135 0.175025 0.652687
12 0.334317 0.19135 0.176008 0.652687
13 0.334317 0.19135 0.176008 0.652687
14 0.334317 0.19135 0.176008 0.652687
15 0.334317 0.19135 0.179941 0.648755
16 0.33825 0.190039 0.176008 0.650066
17 0.342183 0.190039 0.174041 0.650066
18 0.343166 0.190039 0.176991 0.650066
19 0.345133 0.190039 0.177974 0.650066
20 0.347099 0.187418 0.176991 0.652687
21 0.350049 0.184797 0.176991 0.655308
22 0.351032 0.183486 0.176991 0.656619
23 0.352999 0.182176 0.179941 0.653997
24 0.354966 0.176933 0.178958 0.657929
25 0.354966 0.171691 0.181908 0.657929
26 0.354966 0.165138 0.181908 0.66055
27 0.354966 0.163827 0.181908 0.657929
28 0.351032 0.162516 0.180924 0.65924
29 0.346116 0.162516 0.179941 0.65924
30 0.33825 0.162516 0.181908 0.661861
31 0.3353 0.162516 0.179941 0.661861
32 0.330383 0.161206 0.182891 0.665793
33 0.325467 0.161206 0.184857 0.665793
34 0.319567 0.161206 0.187807 0.671035
35 0.316618 0.161206 0.187807 0.672346
36 0.308751 0.161206 0.19174 0.676278
37 0.303835 0.162516 0.19174 0.674967
38 0.303835 0.162516 0.187807 0.674967
39 0.303835 0.162516 0.187807 0.674967
40 0.303835 0.162516 0.187807 0.674967
41 0.307768 0.162516 0.186824 0.674967
42 0.307768 0.161206 0.186824 0.676278
43 0.311701 0.161206 0.185841 0.676278
44 0.311701 0.161206 0.186824 0.676278
45 0.312684 0.161206 0.189774 0.676278
46 0.315634 0.162516 0.186824 0.68152
47 0.319567 0.163827 0.186824 0.682831
48 0.322517 0.166448 0.185841 0.685452
49 0.325467 0.166448 0.182891 0.685452
50 0.330383 0.166448 0.180924 0.685452
51 0.334317 0.166448 0.180924 0.68152
52 0.33825 0.163827 0.179941 0.677588
53 0.344149 0.161206 0.176991 0.674967
54 0.348083 0.158585 0.175025 0.674967
55 0.352016 0.154653 0.174041 0.669725
56 0.352999 0.154653 0.176991 0.66055
57 0.352999 0.152031 0.178958 0.650066
58 0.352999 0.152031 0.178958 0.640891
59 0.354966 0.1481 0.176991 0.650066
60 0.356932 0.146789 0.175025 0.651376
61 0.358899 0.146789 0.173058 0.657929
62 0.360865 0.154653 0.172075 0.653997
63 0.361849 0.157274 0.171091 0.655308
64 0.363815 0.157274 0.172075 0.655308
65 0.365782 0.161206 0.171091 0.653997
66 0.366765 0.161206 0.172075 0.653997
67 0.370698 0.161206 0.169125 0.653997
68 0.373648 0.161206 0.169125 0.652687
69 0.376598 0.155963 0.169125 0.647444
70 0.378564 0.152031 0.171091 0.646134
71 0.378564 0.146789 0.173058 0.644823
72 0.378564 0.144168 0.176991 0.639581
73 0.378564 0.144168 0.176991 0.619921
74 0.376598 0.136304 0.174041 0.614679
75 0.369715 0.134993 0.175025 0.6173
76 0.362832 0.134993 0.176008 0.621232
77 0.355949 0.134993 0.172075 0.621232
78 0.353982 0.136304 0.171091 0.625164
79 0.348083 0.144168 0.169125 0.623853
80 0.3412 0.155963 0.168142 0.623853
81 0.339233 0.159895 0.168142 0.622543
82 0.336283 0.159895 0.167158 0.621232
83 0.3353 0.159895 0.165192 0.618611
84 0.334317 0.159895 0.161259 0.618611
85 0.3353 0.159895 0.160275 0.618611
86 0.3353 0.154653 0.160275 0.618611
87 0.33235 0.154653 0.159292 0.602883
88 0.33235 0.14941 0.159292 0.589777
89 0.33235 0.144168 0.156342 0.581913
90 0.330383 0.142857 0.156342 0.583224
91 0.330383 0.138925 0.154376 0.587156
92 0.325467 0.138925 0.159292 0.59633
93 0.3235 0.142857 0.156342 0.59633
94 0.320551 0.144168 0.154376 0.597641
95 0.319567 0.144168 0.153392 0.597641
96 0.315634 0.144168 0.155359 0.601573
97 0.319567 0.152031 0.154376 0.59633
98 0.325467 0.162516 0.153392 0.589777
99 0.330383 0.166448 0.154376 0.592398
100 0.33825 0.17038 0.154376 0.588467
101 0.344149 0.173001 0.157325 0.585845
102 0.348083 0.17038 0.159292 0.568807
103 0.351032 0.163827 0.159292 0.563565
104 0.352999 0.161206 0.160275 0.570118
105 0.352999 0.161206 0.157325 0.570118
106 0.352016 0.162516 0.158309 0.572739
107 0.352016 0.163827 0.156342 0.576671
108 0.352016 0.166448 0.153392 0.577982
109 0.352016 0.171691 0.152409 0.57405
110 0.352016 0.176933 0.152409 0.57536
111 0.352999 0.180865 0.151426 0.576671
112 0.352999 0.183486 0.150442 0.57405
113 0.356932 0.183486 0.148476 0.57405
114 0.358899 0.183486 0.148476 0.57536
115 0.360865 0.183486 0.146509 0.57405
116 0.360865 0.182176 0.146509 0.566186
117 0.361849 0.182176 0.145526 0.554391
118 0.362832 0.179554 0.145526 0.546527
119 0.363815 0.179554 0.144543 0.550459
120 0.364798 0.179554 0.143559 0.555701
121 0.364798 0.179554 0.144543 0.559633
122 0.367748 0.180865 0.141593 0.558322
123 0.367748 0.180865 0.145526 0.562254
124 0.371681 0.183486 0.143559 0.560944
125 0.376598 0.183486 0.143559 0.560944
126 0.379548 0.186107 0.14061 0.560944
127 0.378564 0.190039 0.141593 0.555701
128 0.374631 0.190039 0.145526 0.555701
129 0.369715 0.190039 0.145526 0.562254
130 0.369715 0.195282 0.145526 0.563565
131 0.367748 0.205767 0.147493 0.542595
132 0.367748 0.205767 0.14061 0.530799
133 0.367748 0.203145 0.141593 0.533421
134 0.367748 0.200524 0.151426 0.541284
135 0.372665 0.195282 0.151426 0.545216
136 0.375615 0.195282 0.147493 0.545216
137 0.375615 0.199214 0.147493 0.549148
138 0.375615 0.201835 0.150442 0.546527
139 0.385447 0.204456 0.147493 0.543906
140 0.385447 0.204456 0.147493 0.546527
141 0.385447 0.204456 0.148476 0.546527
142 0.396264 0.207077 0.138643 0.536042
143 0.396264 0.207077 0.138643 0.543906
144 0.393314 0.207077 0.135693 0.549148
145 0.388397 0.203145 0.136676 0.549148
146 0.382498 0.203145 0.13766 0.541284
147 0.378564 0.203145 0.141593 0.528178
148 0.372665 0.201835 0.141593 0.524246
149 0.368732 0.195282 0.138643 0.534731
150 0.366765 0.19135 0.14061 0.534731
151 0.364798 0.187418 0.14061 0.538663
152 0.362832 0.190039 0.142576 0.538663
153 0.362832 0.190039 0.142576 0.539974
154 0.360865 0.195282 0.142576 0.537353
155 0.360865 0.201835 0.14061 0.536042
156 0.360865 0.207077 0.14061 0.537353
157 0.360865 0.209699 0.14061 0.536042
158 0.363815 0.21232 0.139626 0.538663
159 0.366765 0.21232 0.141593 0.538663
160 0.369715 0.21232 0.144543 0.538663
161 0.371681 0.211009 0.146509 0.528178
162 0.376598 0.211009 0.145526 0.521625
163 0.378564 0.211009 0.146509 0.524246
164 0.378564 0.21363 0.146509 0.529489
165 0.378564 0.217562 0.143559 0.529489
166 0.378564 0.218873 0.141593 0.528178
167 0.378564 0.218873 0.141593 0.528178
168 0.378564 0.218873 0.141593 0.530799
169 0.380531 0.220183 0.139626 0.529489
170 0.382498 0.220183 0.13766 0.529489
171 0.385447 0.217562 0.13766 0.525557
172 0.386431 0.21363 0.139626 0.528178
173 0.386431 0.209699 0.139626 0.528178
174 0.385447 0.209699 0.13766 0.528178
175 0.376598 0.211009 0.139626 0.516383
176 0.366765 0.21363 0.139626 0.50983
177 0.361849 0.216252 0.139626 0.513761
178 0.361849 0.216252 0.135693 0.517693
179 0.357915 0.218873 0.135693 0.520315
180 0.353982 0.220183 0.13766 0.522936
181 0.352999 0.220183 0.13766 0.522936
182 0.351032 0.220183 0.139626 0.522936
183 0.351032 0.222805 0.136676 0.524246
184 0.351032 0.225426 0.13471 0.521625
185 0.351032 0.225426 0.13471 0.521625
186 0.349066 0.225426 0.13471 0.521625
187 0.349066 0.225426 0.13471 0.521625
188 0.349066 0.224115 0.13471 0.519004
189 0.349066 0.222805 0.136676 0.508519
190 0.353982 0.221494 0.13766 0.500655
191 0.362832 0.220183 0.14061 0.505898
192 0.370698 0.222805 0.138643 0.513761
193 0.373648 0.228047 0.141593 0.513761
194 0.377581 0.230668 0.141593 0.517693
195 0.378564 0.2346 0.141593 0.516383
196 0.378564 0.235911 0.141593 0.515072
197 0.378564 0.229358 0.14061 0.515072
198 0.381514 0.220183 0.138643 0.516383
199 0.381514 0.211009 0.138643 0.512451
200 0.380531 0.204456 0.135693 0.515072
201 0.374631 0.199214 0.13471 0.512451
202 0.369715 0.19135 0.13766 0.505898
203 0.367748 0.182176 0.136676 0.498034
204 0.362832 0.17038 0.138643 0.500655
205 0.357915 0.158585 0.13766 0.505898
206 0.353982 0.146789 0.136676 0.512451
207 0.351032 0.144168 0.135693 0.512451
208 0.350049 0.145478 0.13471 0.513761
209 0.343166 0.152031 0.133727 0.516383
210 0.33825 0.155963 0.129794 0.512451
211 0.3353 0.157274 0.129794 0.516383
212 0.328417 0.161206 0.12881 0.515072
213 0.314651 0.161206 0.136676 0.515072
214 0.308751 0.161206 0.136676 0.515072
215 0.307768 0.17038 0.132743 0.513761
216 0.306785 0.175623 0.130777 0.516383
217 0.300885 0.175623 0.136676 0.516383
218 0.297935 0.175623 0.139626 0.51114
219 0.300885 0.179554 0.141593 0.51114
220 0.310718 0.190039 0.14061 0.51114
221 0.313668 0.192661 0.13766 0.508519
222 0.313668 0.200524 0.13766 0.504587
223 0.313668 0.205767 0.13766 0.499345
224 0.319567 0.209699 0.13176 0.512451
225 0.319567 0.211009 0.13176 0.51114
226 0.322517 0.214941 0.12881 0.507208
227 0.325467 0.21232 0.130777 0.50983
228 0.3294 0.211009 0.130777 0.508519
229 0.331367 0.207077 0.132743 0.508519
230 0.331367 0.200524 0.132743 0.51114
231 0.33235 0.19135 0.13471 0.50983
232 0.33235 0.183486 0.135693 0.498034
233 0.33235 0.179554 0.135693 0.500655
234 0.3294 0.182176 0.13766 0.498034
235 0.322517 0.190039 0.13766 0.508519
236 0.316618 0.199214 0.13766 0.51114
237 0.311701 0.201835 0.13766 0.513761
238 0.311701 0.201835 0.13766 0.513761
239 0.311701 0.200524 0.13766 0.515072
240 0.311701 0.199214 0.13471 0.513761
241 0.310718 0.196592 0.13471 0.516383
242 0.311701 0.196592 0.133727 0.516383
243 0.308751 0.196592 0.13176 0.512451
244 0.307768 0.192661 0.13471 0.513761
245 0.311701 0.19135 0.136676 0.512451
246 0.311701 0.187418 0.13766 0.507208
247 0.311701 0.184797 0.13766 0.499345
248 0.307768 0.183486 0.141593 0.500655
249 0.307768 0.182176 0.141593 0.504587
250 0.303835 0.176933 0.142576 0.507208
251 0.298918 0.163827 0.143559 0.512451
252 0.296952 0.159895 0.141593 0.512451
253 0.296952 0.162516 0.14061 0.50983
254 0.296952 0.165138 0.14061 0.51114
255 0.296952 0.17038 0.138643 0.508519
256 0.299902 0.17038 0.135693 0.508519
257 0.304818 0.169069 0.133727 0.50983
258 0.310718 0.166448 0.133727 0.512451
259 0.315634 0.165138 0.13471 0.50983
260 0.318584 0.165138 0.13471 0.50983
261 0.320551 0.171691 0.13471 0.499345
262 0.322517 0.180865 0.133727 0.492792
263 0.320551 0.19135 0.135693 0.496723
264 0.317601 0.197903 0.133727 0.499345
265 0.310718 0.200524 0.133727 0.503277
266 0.300885 0.200524 0.13471 0.508519
267 0.294985 0.201835 0.13176 0.51114
268 0.292035 0.207077 0.133727 0.51114
269 0.288102 0.211009 0.132743 0.512451
270 0.285152 0.216252 0.133727 0.507208
271 0.285152 0.216252 0.133727 0.507208
272 0.285152 0.216252 0.13176 0.507208
273 0.285152 0.216252 0.132743 0.507208
274 0.291052 0.216252 0.13176 0.507208
275 0.296952 0.21363 0.135693 0.507208
276 0.306785 0.21363 0.139626 0.496723
277 0.315634 0.211009 0.141593 0.494102
278 0.32645 0.211009 0.14061 0.495413
279 0.333333 0.209699 0.139626 0.500655
280 0.333333 0.207077 0.139626 0.503277
281 0.334317 0.207077 0.138643 0.503277
282 0.334317 0.211009 0.138643 0.507208
283 0.337266 0.221494 0.136676 0.504587
284 0.337266 0.229358 0.135693 0.505898
285 0.3353 0.238532 0.13471 0.500655
286 0.336283 0.238532 0.133727 0.504587
287 0.336283 0.238532 0.136676 0.504587
288 0.342183 0.235911 0.13471 0.507208
289 0.344149 0.235911 0.135693 0.495413
290 0.344149 0.230668 0.138643 0.492792
291 0.344149 0.230668 0.139626 0.492792
292 0.344149 0.225426 0.141593 0.498034
293 0.3412 0.21232 0.144543 0.505898
294 0.3412 0.199214 0.142576 0.505898
295 0.339233 0.179554 0.14061 0.50983
296 0.3353 0.171691 0.139626 0.513761
297 0.33235 0.171691 0.138643 0.513761
298 0.328417 0.175623 0.138643 0.50983
299 0.32645 0.182176 0.13471 0.51114
300 0.316618 0.187418 0.13766 0.50983
301 0.316618 0.187418 0.13471 0.50983
302 0.316618 0.190039 0.13471 0.508519
303 0.316618 0.192661 0.135693 0.507208
304 0.3235 0.195282 0.136676 0.499345
305 0.333333 0.200524 0.139626 0.492792
306 0.348083 0.207077 0.139626 0.494102
307 0.362832 0.214941 0.139626 0.499345
308 0.369715 0.220183 0.139626 0.505898
309 0.374631 0.222805 0.13471 0.505898
310 0.377581 0.228047 0.136676 0.505898
311 0.380531 0.229358 0.133727 0.51114
312 0.380531 0.23329 0.133727 0.512451
313 0.382498 0.237221 0.132743 0.508519
314 0.384464 0.23329 0.133727 0.512451
315 0.385447 0.230668 0.13471 0.512451
316 0.385447 0.226737 0.13471 0.515072
317 0.385447 0.220183 0.13471 0.512451
318 0.382498 0.216252 0.13766 0.512451
319 0.375615 0.211009 0.136676 0.507208
320 0.370698 0.208388 0.136676 0.501966
321 0.363815 0.207077 0.13471 0.498034
322 0.357915 0.200524 0.14061 0.504587
323 0.353982 0.199214 0.144543 0.50983
324 0.351032 0.200524 0.147493 0.519004
325 0.349066 0.208388 0.142576 0.516383
326 0.349066 0.21232 0.139626 0.522936
327 0.345133 0.218873 0.139626 0.520315
328 0.345133 0.218873 0.130777 0.520315
329 0.3412 0.218873 0.132743 0.524246
330 0.3412 0.224115 0.13176 0.519004
331 0.3412 0.224115 0.133727 0.516383
332 0.3412 0.220183 0.13766 0.517693
333 0.3412 0.218873 0.142576 0.519004
334 0.3412 0.218873 0.150442 0.507208
335 0.350049 0.218873 0.148476 0.504587
336 0.359882 0.214941 0.142576 0.512451
337 0.356932 0.21232 0.145526 0.515072
338 0.354966 0.21232 0.147493 0.519004
339 0.353982 0.216252 0.148476 0.520315
340 0.353982 0.216252 0.143559 0.524246
341 0.351032 0.21363 0.145526 0.526868
342 0.351032 0.209699 0.145526 0.521625
343 0.353982 0.201835 0.142576 0.521625
344 0.354966 0.199214 0.141593 0.520315
345 0.358899 0.199214 0.13766 0.520315
346 0.358899 0.197903 0.13766 0.520315
347 0.358899 0.192661 0.136676 0.513761
348 0.361849 0.193971 0.136676 0.508519
349 0.361849 0.204456 0.135693 0.50983
350 0.361849 0.214941 0.135693 0.516383
351 0.361849 0.221494 0.13176 0.517693
352 0.356932 0.229358 0.136676 0.516383
353 0.356932 0.231979 0.133727 0.522936
354 0.354966 0.239843 0.133727 0.522936
355 0.351032 0.249017 0.130777 0.520315
356 0.347099 0.249017 0.132743 0.522936
357 0.344149 0.252949 0.13176 0.519004
358 0.342183 0.252949 0.13176 0.513761
359 0.340216 0.247706 0.132743 0.519004
360 0.33825 0.246396 0.13176 0.516383
361 0.3353 0.242464 0.13471 0.504587
362 0.333333 0.237221 0.136676 0.499345
363 0.333333 0.230668 0.138643 0.505898
364 0.334317 0.230668 0.14061 0.508519
365 0.334317 0.23329 0.14061 0.513761
366 0.334317 0.238532 0.141593 0.512451
367 0.3412 0.245085 0.141593 0.50983
368 0.345133 0.250328 0.139626 0.512451
369 0.353982 0.256881 0.13766 0.51114
370 0.360865 0.259502 0.13471 0.507208
371 0.363815 0.262123 0.13471 0.504587
372 0.366765 0.259502 0.13471 0.507208
373 0.370698 0.256881 0.133727 0.507208
374 0.371681 0.25426 0.13471 0.508519
375 0.371681 0.249017 0.132743 0.496723
376 0.368732 0.249017 0.135693 0.492792
377 0.366765 0.246396 0.133727 0.495413
378 0.360865 0.246396 0.130777 0.498034
379 0.353982 0.246396 0.13176 0.503277
380 0.347099 0.252949 0.130777 0.500655
381 0.336283 0.256881 0.13176 0.505898
382 0.324484 0.263434 0.130777 0.505898
383 0.315634 0.267366 0.132743 0.505898
384 0.312684 0.272608 0.13176 0.504587
385 0.310718 0.277851 0.130777 0.503277
386 0.305801 0.283093 0.13176 0.501966
387 0.302852 0.283093 0.130777 0.501966
388 0.298918 0.280472 0.132743 0.500655
389 0.296952 0.27654 0.135693 0.498034
390 0.294002 0.272608 0.138643 0.49017
391 0.294985 0.271298 0.138643 0.491481
392 0.293019 0.266055 0.141593 0.496723
393 0.294985 0.263434 0.139626 0.496723
394 0.295969 0.263434 0.141593 0.501966
395 0.299902 0.263434 0.141593 0.501966
396 0.304818 0.267366 0.139626 0.500655
397 0.312684 0.264744 0.13766 0.500655
398 0.318584 0.264744 0.133727 0.500655
399 0.32645 0.264744 0.132743 0.500655
400 0.33235 0.264744 0.133727 0.498034
401 0.334317 0.259502 0.132743 0.501966
402 0.33825 0.249017 0.13176 0.503277
403 0.342183 0.239843 0.130777 0.499345
404 0.344149 0.231979 0.132743 0.49017
405 0.350049 0.228047 0.129794 0.49017
406 0.350049 0.228047 0.129794 0.494102
407 0.350049 0.228047 0.129794 0.494102
408 0.350049 0.230668 0.129794 0.498034
409 0.347099 0.230668 0.127827 0.504587
410 0.339233 0.230668 0.129794 0.504587
411 0.33235 0.23329 0.12881 0.504587
412 0.324484 0.238532 0.129794 0.504587
413 0.316618 0.245085 0.13176 0.503277
414 0.310718 0.250328 0.129794 0.507208
415 0.306785 0.256881 0.12881 0.504587
416 0.303835 0.256881 0.12881 0.505898
417 0.299902 0.256881 0.130777 0.505898
418 0.296952 0.256881 0.13471 0.501966
419 0.294002 0.256881 0.138643 0.494102
420 0.294002 0.256881 0.138643 0.499345
421 0.294002 0.256881 0.138643 0.499345
422 0.294002 0.256881 0.14061 0.504587
423 0.298918 0.260813 0.139626 0.504587
424 0.307768 0.263434 0.139626 0.504587
425 0.315634 0.271298 0.138643 0.504587
426 0.321534 0.275229 0.138643 0.500655
427 0.327434 0.277851 0.139626 0.498034
428 0.327434 0.284404 0.143559 0.499345
429 0.333333 0.288336 0.139626 0.499345
430 0.336283 0.292267 0.136676 0.499345
431 0.3412 0.287025 0.13176 0.500655
432 0.3412 0.281782 0.135693 0.495413
433 0.3412 0.275229 0.135693 0.487549
434 0.33825 0.268676 0.136676 0.494102
435 0.334317 0.266055 0.136676 0.496723
436 0.3294 0.263434 0.141593 0.499345
437 0.3235 0.256881 0.14061 0.496723
438 0.313668 0.247706 0.138643 0.505898
439 0.309735 0.235911 0.13766 0.503277
440 0.307768 0.224115 0.135693 0.508519
441 0.303835 0.205767 0.13471 0.505898
442 0.300885 0.205767 0.133727 0.505898
443 0.290069 0.208388 0.13176 0.503277
444 0.282203 0.209699 0.132743 0.504587
445 0.273353 0.209699 0.130777 0.501966
446 0.265487 0.204456 0.132743 0.500655
447 0.261554 0.201835 0.13176 0.491481
448 0.256637 0.200524 0.136676 0.492792
449 0.254671 0.197903 0.136676 0.495413
450 0.251721 0.197903 0.138643 0.495413
451 0.251721 0.197903 0.139626 0.495413
452 0.262537 0.197903 0.139626 0.499345
453 0.268437 0.200524 0.138643 0.496723
454 0.276303 0.199214 0.13766 0.498034
455 0.284169 0.192661 0.13471 0.499345
456 0.289086 0.192661 0.13471 0.495413
457 0.300885 0.192661 0.13176 0.498034
458 0.307768 0.196592 0.130777 0.496723
459 0.311701 0.192661 0.12881 0.498034
460 0.315634 0.188729 0.132743 0.487549
461 0.321534 0.182176 0.129794 0.478375
462 0.32645 0.179554 0.129794 0.480996
463 0.328417 0.179554 0.127827 0.480996
464 0.32645 0.182176 0.129794 0.486239
465 0.325467 0.184797 0.129794 0.484928
466 0.3235 0.190039 0.127827 0.48886
467 0.315634 0.193971 0.133727 0.496723
468 0.308751 0.209699 0.132743 0.494102
469 0.301868 0.218873 0.130777 0.49017
470 0.294985 0.222805 0.127827 0.491481
471 0.290069 0.224115 0.129794 0.49017
472 0.289086 0.229358 0.127827 0.487549
473 0.287119 0.2346 0.126844 0.49017
474 0.284169 0.2346 0.12881 0.480996
475 0.283186 0.229358 0.129794 0.475754
476 0.283186 0.224115 0.129794 0.478375
477 0.283186 0.221494 0.129794 0.480996
478 0.280236 0.221494 0.13176 0.480996
479 0.280236 0.221494 0.132743 0.482307
480 0.282203 0.220183 0.13176 0.483617
481 0.284169 0.220183 0.130777 0.483617
482 0.289086 0.220183 0.127827 0.480996
483 0.294985 0.225426 0.126844 0.479685
484 0.297935 0.23329 0.12881 0.484928
485 0.303835 0.238532 0.12881 0.480996
486 0.307768 0.238532 0.127827 0.484928
487 0.310718 0.238532 0.129794 0.486239
488 0.315634 0.238532 0.129794 0.471822
489 0.319567 0.241153 0.129794 0.469201
490 0.315634 0.241153 0.13176 0.469201
491 0.313668 0.237221 0.130777 0.473132
492 0.311701 0.23329 0.129794 0.477064
493 0.311701 0.23329 0.126844 0.477064
494 0.306785 0.23329 0.129794 0.480996
495 0.306785 0.23329 0.129794 0.479685
496 0.305801 0.23329 0.126844 0.479685
497 0.303835 0.231979 0.12881 0.480996
498 0.303835 0.229358 0.12881 0.477064
499 0.297935 0.228047 0.127827 0.477064
500 0.285152 0.228047 0.127827 0.478375
501 0.270403 0.224115 0.127827 0.480996
502 0.26352 0.224115 0.130777 0.469201
503 0.26352 0.225426 0.12881 0.463958
504 0.26057 0.221494 0.13176 0.470511
505 0.25762 0.221494 0.129794 0.470511
506 0.25762 0.217562 0.12881 0.473132
507 0.25762 0.211009 0.12881 0.479685
508 0.25762 0.211009 0.12881 0.479685
509 0.25762 0.216252 0.129794 0.474443
510 0.26057 0.220183 0.129794 0.473132
511 0.271386 0.229358 0.12586 0.471822
512 0.286136 0.238532 0.127827 0.474443
513 0.296952 0.241153 0.127827 0.475754
514 0.302852 0.238532 0.129794 0.478375
515 0.307768 0.2346 0.12881 0.473132
516 0.312684 0.230668 0.129794 0.461337
517 0.316618 0.230668 0.129794 0.461337
518 0.319567 0.230668 0.12881 0.466579
519 0.319567 0.237221 0.12881 0.469201
520 0.320551 0.237221 0.127827 0.470511
521 0.3235 0.23329 0.126844 0.474443
522 0.325467 0.231979 0.12586 0.475754
523 0.330383 0.231979 0.12586 0.475754
524 0.342183 0.231979 0.124877 0.475754
525 0.349066 0.231979 0.12586 0.474443
526 0.349066 0.230668 0.12586 0.471822
527 0.351032 0.228047 0.12586 0.474443
528 0.351032 0.228047 0.12586 0.474443
529 0.346116 0.224115 0.127827 0.474443
530 0.344149 0.224115 0.130777 0.471822
531 0.344149 0.228047 0.12881 0.465269
532 0.342183 0.23329 0.130777 0.465269
533 0.342183 0.237221 0.13176 0.471822
534 0.342183 0.239843 0.13176 0.474443
535 0.342183 0.246396 0.13176 0.473132
536 0.342183 0.247706 0.13176 0.474443
537 0.342183 0.251638 0.13176 0.470511
538 0.344149 0.252949 0.129794 0.469201
539 0.347099 0.25426 0.126844 0.46789
540 0.347099 0.258191 0.126844 0.469201
541 0.351032 0.259502 0.122911 0.470511
542 0.353982 0.267366 0.122911 0.462647
543 0.363815 0.271298 0.117994 0.466579
544 0.376598 0.271298 0.120944 0.462647
545 0.388397 0.266055 0.123894 0.461337
546 0.400197 0.250328 0.124877 0.466579
547 0.40708 0.242464 0.129794 0.473132
548 0.411013 0.242464 0.12881 0.471822
549 0.413963 0.231979 0.12586 0.473132
550 0.417896 0.220183 0.12586 0.484928
551 0.417896 0.209699 0.13176 0.478375
552 0.423795 0.211009 0.126844 0.477064
553 0.423795 0.211009 0.12881 0.477064
554 0.423795 0.211009 0.132743 0.479685
555 0.423795 0.214941 0.132743 0.479685
556 0.423795 0.221494 0.132743 0.473132
557 0.434612 0.231979 0.120944 0.475754
558 0.420846 0.246396 0.123894 0.473132
559 0.414946 0.251638 0.124877 0.463958
560 0.409046 0.25557 0.124877 0.460026
561 0.40413 0.259502 0.12881 0.466579
562 0.40413 0.267366 0.12881 0.469201
563 0.40413 0.271298 0.13176 0.471822
564 0.403147 0.27654 0.13471 0.470511
565 0.40708 0.279161 0.130777 0.46789
566 0.40708 0.280472 0.130777 0.471822
567 0.40708 0.284404 0.129794 0.46789
568 0.40708 0.284404 0.129794 0.46789
569 0.40708 0.284404 0.126844 0.463958
570 0.40708 0.280472 0.126844 0.46789
571 0.410029 0.280472 0.12586 0.46789
572 0.411996 0.279161 0.123894 0.461337
573 0.415929 0.279161 0.12586 0.453473
574 0.420846 0.279161 0.123894 0.457405
575 0.425762 0.273919 0.124877 0.460026
576 0.429695 0.266055 0.12586 0.462647
577 0.430678 0.263434 0.124877 0.465269
578 0.430678 0.268676 0.124877 0.466579
579 0.434612 0.268676 0.123894 0.46789
580 0.436578 0.268676 0.121927 0.46789
581 0.439528 0.267366 0.120944 0.463958
582 0.439528 0.260813 0.120944 0.470511
583 0.439528 0.260813 0.120944 0.463958
584 0.439528 0.252949 0.120944 0.469201
585 0.435595 0.252949 0.122911 0.466579
586 0.429695 0.250328 0.120944 0.469201
587 0.420846 0.250328 0.123894 0.461337
588 0.406096 0.25426 0.126844 0.457405
589 0.39528 0.258191 0.126844 0.456094
590 0.386431 0.258191 0.129794 0.460026
591 0.376598 0.258191 0.12586 0.465269
592 0.369715 0.262123 0.132743 0.461337
593 0.366765 0.264744 0.13471 0.461337
594 0.362832 0.264744 0.135693 0.465269
595 0.359882 0.267366 0.136676 0.466579
596 0.357915 0.269987 0.132743 0.463958
597 0.351032 0.269987 0.130777 0.463958
598 0.346116 0.269987 0.130777 0.466579
599 0.346116 0.269987 0.12586 0.466579
600 0.346116 0.269987 0.126844 0.466579
601 0.346116 0.269987 0.126844 0.466579
602 0.351032 0.269987 0.12881 0.454784
603 0.357915 0.273919 0.12881 0.450852
604 0.371681 0.277851 0.123894 0.454784
605 0.376598 0.277851 0.130777 0.461337
606 0.378564 0.277851 0.13176 0.461337
607 0.387414 0.277851 0.126844 0.470511
608 0.39233 0.283093 0.121927 0.465269
609 0.391347 0.287025 0.118977 0.465269
610 0.387414 0.284404 0.122911 0.471822
611 0.381514 0.284404 0.124877 0.471822
612 0.378564 0.284404 0.123894 0.470511
613 0.373648 0.284404 0.124877 0.463958
614 0.369715 0.277851 0.124877 0.46789
615 0.365782 0.269987 0.12586 0.46789
616 0.361849 0.263434 0.126844 0.458716
617 0.357915 0.258191 0.129794 0.452163
618 0.352016 0.25426 0.13176 0.456094
619 0.350049 0.241153 0.13176 0.460026
620 0.347099 0.231979 0.132743 0.463958
621 0.340216 0.23329 0.132743 0.466579
622 0.331367 0.239843 0.13176 0.471822
623 0.327434 0.247706 0.132743 0.46789
624 0.3235 0.251638 0.130777 0.465269
625 0.319567 0.25426 0.12881 0.46789
626 0.316618 0.260813 0.127827 0.465269
627 0.316618 0.267366 0.126844 0.463958
628 0.312684 0.267366 0.127827 0.469201
629 0.312684 0.267366 0.127827 0.469201
630 0.310718 0.267366 0.12881 0.458716
631 0.310718 0.267366 0.127827 0.453473
632 0.310718 0.268676 0.126844 0.454784
633 0.307768 0.267366 0.126844 0.457405
634 0.307768 0.263434 0.12586 0.461337
635 0.306785 0.259502 0.124877 0.46789
636 0.303835 0.266055 0.123894 0.46789
637 0.299902 0.269987 0.12586 0.465269
638 0.299902 0.272608 0.122911 0.466579
639 0.297935 0.272608 0.121927 0.46789
640 0.295969 0.272608 0.123894 0.469201
641 0.295969 0.272608 0.120944 0.465269
642 0.295969 0.272608 0.120944 0.465269
643 0.293019 0.271298 0.123894 0.463958
644 0.293019 0.268676 0.123894 0.458716
645 0.289086 0.262123 0.127827 0.452163
646 0.287119 0.259502 0.129794 0.454784
647 0.284169 0.25426 0.130777 0.457405
648 0.282203 0.242464 0.132743 0.462647
649 0.282203 0.226737 0.132743 0.463958
650 0.282203 0.226737 0.13176 0.463958
651 0.280236 0.229358 0.12881 0.465269
652 0.277286 0.2346 0.130777 0.461337
653 0.274336 0.237221 0.130777 0.458716
654 0.270403 0.237221 0.13471 0.458716
655 0.270403 0.237221 0.13176 0.458716
656 0.270403 0.2346 0.13176 0.465269
657 0.270403 0.230668 0.13176 0.465269
658 0.26942 0.228047 0.12881 0.463958
659 0.265487 0.222805 0.132743 0.453473
660 0.26942 0.220183 0.13176 0.448231
661 0.26942 0.218873 0.13766 0.449541
662 0.300885 0.220183 0.120944 0.454784
663 0.300885 0.220183 0.13176 0.460026
664 0.309735 0.222805 0.130777 0.461337
665 0.317601 0.222805 0.133727 0.461337
666 0.325467 0.222805 0.12881 0.461337
667 0.328417 0.228047 0.13176 0.462647
668 0.33235 0.229358 0.130777 0.461337
669 0.33235 0.229358 0.13471 0.461337
670 0.33235 0.229358 0.136676 0.461337
671 0.33235 0.229358 0.136676 0.465269
672 0.340216 0.229358 0.13176 0.462647
673 0 0 0 0
674 0 0 0 0
675 0 0 0 0
676 0 0 0 0
677 0 0 0 0
678 0 0 0 0
679 0 0 0 0
680 0 0 0 0
681 0 0 0 0
682 0 0 0 0
683 0 0 0 0
684 0 0 0 0
685 0 0 0 0
686 0 0 0 0
687 0 0 0 0
688 0.330383 0.239843 0.13176 0.439056
689 0.33235 0.238532 0.129794 0.441678
690 0.33235 0.238532 0.129794 0.432503
691 0.33235 0.235911 0.129794 0.452163
692 0.3353 0.235911 0.126844 0.457405
693 0.3412 0.241153 0.120944 0.456094
694 0.348083 0.246396 0.117994 0.460026
695 0.357915 0.247706 0.114061 0.462647
696 0.363815 0.252949 0.113078 0.457405
697 0.369715 0.256881 0.114061 0.457405
698 0.376598 0.256881 0.113078 0.457405
699 0.379548 0.256881 0.115044 0.457405
700 0.385447 0.251638 0.115044 0.461337
701 0.389381 0.251638 0.117011 0.454784
702 0.39233 0.251638 0.119961 0.445609
703 0.399213 0.249017 0.118977 0.448231
704 0.400197 0.247706 0.122911 0.453473
705 0.400197 0.242464 0.12586 0.458716
706 0.400197 0.242464 0.123894 0.458716
707 0.399213 0.237221 0.12586 0.460026
708 0.396264 0.231979 0.122911 0.462647
709 0.390364 0.231979 0.123894 0.462647
710 0.389381 0.2346 0.122911 0.463958
711 0.385447 0.237221 0.122911 0.461337
712 0.387414 0.2346 0.120944 0.462647
713 0.385447 0.230668 0.122911 0.462647
714 0.381514 0.230668 0.121927 0.461337
715 0.381514 0.228047 0.121927 0.452163
716 0.378564 0.228047 0.123894 0.445609
717 0.378564 0.228047 0.123894 0.448231
718 0.378564 0.228047 0.123894 0.452163
719 0.379548 0.229358 0.122911 0.462647
720 0.384464 0.238532 0.119961 0.461337
721 0.387414 0.238532 0.123894 0.465269
722 0.390364 0.238532 0.120944 0.465269
723 0.393314 0.238532 0.121927 0.466579
724 0.393314 0.238532 0.121927 0.46789
725 0.393314 0.238532 0.121927 0.46789
726 0.40118 0.242464 0.121927 0.462647
727 0.40708 0.242464 0.120944 0.465269
728 0.413963 0.242464 0.121927 0.465269
729 0.419862 0.242464 0.121927 0.465269
730 0.424779 0.238532 0.123894 0.454784
731 0.430678 0.237221 0.124877 0.452163
732 0.435595 0.23329 0.123894 0.457405
733 0.437561 0.237221 0.124877 0.458716
734 0.441495 0.237221 0.122911 0.461337
735 0.441495 0.237221 0.12586 0.461337
736 0.444444 0.237221 0.122911 0.461337
737 0.441495 0.237221 0.122911 0.461337
738 0.435595 0.2346 0.117994 0.463958
739 0.417896 0.2346 0.133727 0.470511
740 0 0 0 0
741 0 0 0 0
742 0.410029 0.247706 0.120944 0.442988
743 0.40708 0.247706 0.121927 0.442988
744 0.40708 0.247706 0.119961 0.448231
745 0.40708 0.247706 0.120944 0.448231
746 0.40708 0.245085 0.119961 0.454784
747 0.406096 0.239843 0.120944 0.460026
748 0.406096 0.238532 0.120944 0.463958
749 0.409046 0.242464 0.117994 0.462647
750 0.411013 0.247706 0.118977 0.465269
751 0.416912 0.247706 0.119961 0.470511
752 0.418879 0.258191 0.117994 0.465269
753 0.417896 0.264744 0.118977 0.462647
754 0.418879 0.264744 0.117994 0.462647
755 0.420846 0.264744 0.117994 0.461337
756 0.421829 0.264744 0.118977 0.466579
757 0.421829 0.262123 0.119961 0.462647
758 0.421829 0.25557 0.121927 0.457405
759 0.419862 0.251638 0.123894 0.453473
760 0.415929 0.247706 0.127827 0.457405
761 0.415929 0.245085 0.12586 0.462647
762 0.413963 0.238532 0.12586 0.463958
763 0.413963 0.228047 0.12586 0.466579
764 0.413963 0.216252 0.12586 0.463958
765 0.413963 0.211009 0.12881 0.466579
766 0.413963 0.220183 0.12881 0.465269
767 0.414946 0.226737 0.127827 0.465269
768 0.417896 0.229358 0.124877 0.466579
769 0.417896 0.229358 0.12586 0.466579
770 0.417896 0.229358 0.12586 0.466579
771 0.417896 0.229358 0.122911 0.463958
772 0.412979 0.230668 0.122911 0.454784
773 0.411013 0.230668 0.119961 0.454784
774 0.411013 0.228047 0.119961 0.457405
775 0.40708 0.228047 0.123894 0.457405
776 0.40708 0.222805 0.123894 0.46789
777 0.412979 0.222805 0.119961 0.46789
778 0.424779 0.218873 0.120944 0.471822
779 0.431662 0.211009 0.124877 0.474443
780 0.437561 0.216252 0.121927 0.469201
781 0.442478 0.221494 0.121927 0.469201
782 0.448378 0.226737 0.122911 0.469201
783 0.452311 0.228047 0.121927 0.46789
784 0.455261 0.228047 0.118977 0.46789
785 0.455261 0.228047 0.121927 0.46789
786 0.455261 0.221494 0.121927 0.469201
787 0.455261 0.218873 0.123894 0.457405
788 0.452311 0.21363 0.12586 0.457405
789 0.451327 0.211009 0.124877 0.465269
790 0.446411 0.209699 0.123894 0.466579
791 0.437561 0.209699 0.122911 0.461337
792 0.429695 0.209699 0.126844 0.466579
793 0.419862 0.207077 0.13471 0.469201
794 0.410029 0.207077 0.13766 0.466579
795 0.400197 0.207077 0.139626 0.466579
796 0.393314 0.208388 0.146509 0.46789
797 0.39233 0.209699 0.147493 0.466579
798 0.381514 0.209699 0.145526 0.470511
799 0.376598 0.21232 0.145526 0.471822
800 0.368732 0.221494 0.13176 0.469201
801 0.364798 0.229358 0.126844 0.461337
802 0.364798 0.235911 0.12586 0.454784
803 0.364798 0.238532 0.122911 0.460026
804 0.364798 0.238532 0.120944 0.46789
805 0.364798 0.238532 0.119961 0.473132
806 0.363815 0.238532 0.120944 0.473132
807 0.363815 0.243775 0.117011 0.46789
808 0.360865 0.243775 0.117994 0.475754
809 0.360865 0.246396 0.116028 0.473132
810 0.353982 0.251638 0.120944 0.475754
811 0.350049 0.25426 0.121927 0.477064
812 0.344149 0.25426 0.122911 0.478375
813 0.330383 0.25426 0.12586 0.478375
814 0.321534 0.251638 0.12881 0.480996
815 0.312684 0.251638 0.132743 0.480996
816 0.304818 0.251638 0.133727 0.470511
817 0.295969 0.251638 0.13176 0.465269
818 0.289086 0.252949 0.127827 0.463958
819 0.280236 0.25557 0.12586 0.466579
820 0.274336 0.259502 0.122911 0.474443
821 0.26942 0.263434 0.117994 0.471822
822 0.261554 0.264744 0.127827 0.471822
823 0.254671 0.273919 0.129794 0.470511
824 0.246804 0.279161 0.133727 0.480996
825 0.246804 0.281782 0.133727 0.482307
826 0.246804 0.281782 0.13176 0.482307
827 0.241888 0.281782 0.12881 0.482307
828 0.236971 0.281782 0.126844 0.482307
829 0.233038 0.281782 0.127827 0.483617
830 0.231072 0.281782 0.12586 0.480996
831 0.226155 0.280472 0.130777 0.470511
832 0.223206 0.277851 0.133727 0.473132
833 0.220256 0.277851 0.13471 0.475754
834 0.220256 0.277851 0.13471 0.483617
835 0.220256 0.277851 0.136676 0.487549
836 0.220256 0.280472 0.14061 0.487549
837 0.224189 0.284404 0.136676 0.48886
838 0.224189 0.284404 0.136676 0.491481
839 0.225172 0.284404 0.139626 0.491481
840 0.225172 0.284404 0.135693 0.491481
841 0.225172 0.288336 0.133727 0.49017
842 0.225172 0.288336 0.13471 0.49017
843 0.230088 0.288336 0.130777 0.494102
844 0.235005 0.288336 0.129794 0.494102
845 0.237955 0.288336 0.12881 0.491481
846 0.237955 0.288336 0.12881 0.482307
847 0.239921 0.284404 0.126844 0.482307
848 0.241888 0.284404 0.124877 0.482307
849 0.241888 0.283093 0.123894 0.486239
850 0.241888 0.280472 0.123894 0.491481
851 0.242871 0.281782 0.129794 0.496723
852 0.244838 0.288336 0.13766 0.49017
853 0.247788 0.290957 0.143559 0.495413
854 0.254671 0.287025 0.141593 0.495413
855 0.254671 0.284404 0.145526 0.498034
856 0.259587 0.284404 0.13766 0.495413
857 0.261554 0.284404 0.139626 0.49017
858 0.26352 0.281782 0.136676 0.492792
859 0.268437 0.280472 0.138643 0.492792
860 0.283186 0.280472 0.136676 0.486239
861 0.306785 0.281782 0.130777 0.491481
862 0.317601 0.281782 0.135693 0.495413
863 0.328417 0.280472 0.13766 0.498034
864 0.336283 0.27654 0.14061 0.501966
865 0.349066 0.27654 0.136676 0.501966
866 0.354966 0.280472 0.136676 0.505898
867 0.361849 0.283093 0.138643 0.50983
868 0.374631 0.288336 0.13471 0.504587
869 0.380531 0.289646 0.138643 0.505898
870 0.382498 0.293578 0.145526 0.503277
871 0.39233 0.293578 0.144543 0.508519
872 0.39823 0.292267 0.144543 0.50983
873 0.412979 0.288336 0.13176 0.507208
874 0.425762 0.285714 0.121927 0.499345
875 0.431662 0.280472 0.118977 0.496723
876 0.434612 0.275229 0.117011 0.501966
877 0.435595 0.275229 0.115044 0.501966
878 0.435595 0.275229 0.111111 0.507208
879 0.431662 0.283093 0.12586 0.505898
880 0.430678 0.292267 0.14061 0.503277
881 0.425762 0.29882 0.154376 0.50983
882 0.425762 0.304063 0.160275 0.508519
883 0.421829 0.307995 0.164208 0.504587
884 0.418879 0.302752 0.167158 0.50983
885 0.411013 0.301442 0.163225 0.507208
886 0.406096 0.301442 0.161259 0.507208
887 0.409046 0.294889 0.152409 0.513761
888 0.409046 0.289646 0.158309 0.494102
889 0.420846 0.27654 0.154376 0.498034
890 0.436578 0.269987 0.147493 0.504587
891 0.450344 0.269987 0.141593 0.504587
892 0.450344 0.266055 0.147493 0.513761
893 0.455261 0.266055 0.148476 0.517693
894 0.46116 0.267366 0.147493 0.517693
895 0.466077 0.267366 0.147493 0.520315
896 0.466077 0.272608 0.147493 0.520315
897 0.466077 0.272608 0.145526 0.522936
898 0.465093 0.272608 0.148476 0.522936
899 0.459194 0.27654 0.153392 0.520315
900 0.459194 0.27654 0.150442 0.520315
901 0.46411 0.272608 0.144543 0.524246
902 0.47591 0.272608 0.12881 0.524246
903 0.47591 0.269987 0.12586 0.516383
904 0.47591 0.264744 0.119961 0.521625
905 0.47591 0.259502 0.115044 0.516383
906 0.47591 0.249017 0.111111 0.526868
907 0 0 0 0
908 0 0 0 0
909 0 0 0 0
910 0 0 0 0
911 0 0 0 0
912 0.428712 0.268676 0.161259 0.524246
913 0.424779 0.272608 0.165192 0.517693
914 0.418879 0.267366 0.171091 0.519004
915 0.416912 0.267366 0.173058 0.515072
916 0.422812 0.258191 0.167158 0.513761
917 0.434612 0.25426 0.13766 0.517693
918 0.445428 0.25426 0.132743 0.521625
919 0.455261 0.260813 0.122911 0.520315
920 0.456244 0.260813 0.129794 0.529489
921 0.462144 0.266055 0.136676 0.528178
922 0.468043 0.266055 0.138643 0.536042
923 0.476893 0.266055 0.149459 0.538663
924 0.481809 0.271298 0.157325 0.541284
925 0.486726 0.277851 0.156342 0.538663
926 0.491642 0.285714 0.153392 0.539974
927 0.498525 0.285714 0.151426 0.542595
928 0.500492 0.285714 0.152409 0.543906
929 0.508358 0.284404 0.148476 0.546527
930 0.520157 0.284404 0.142576 0.546527
931 0.53589 0.281782 0.13176 0.534731
932 0.547689 0.281782 0.126844 0.529489
933 0.554572 0.275229 0.119961 0.536042
934 0.564405 0.275229 0.119961 0.536042
935 0.570305 0.272608 0.130777 0.543906
936 0.573255 0.272608 0.13766 0.543906
937 0 0 0 0
938 0.574238 0.292267 0.148476 0.536042
939 0.571288 0.292267 0.156342 0.542595
940 0.566372 0.294889 0.159292 0.546527
941 0.562439 0.29882 0.160275 0.542595
942 0.556539 0.29882 0.158309 0.542595
943 0.552606 0.29882 0.156342 0.545216
944 0.546706 0.29882 0.154376 0.545216
945 0.543756 0.294889 0.159292 0.542595
946 0.548673 0.292267 0.155359 0.545216
947 0.554572 0.292267 0.153392 0.549148
948 0.558505 0.285714 0.149459 0.555701
949 0.554572 0.285714 0.155359 0.559633
950 0.555556 0.281782 0.159292 0.563565
951 0.559489 0.280472 0.160275 0.570118
952 0.562439 0.283093 0.161259 0.570118
953 0.564405 0.283093 0.159292 0.57405
954 0.567355 0.288336 0.159292 0.572739
955 0.560472 0.292267 0.162242 0.568807
956 0.558505 0.292267 0.162242 0.57405
957 0.554572 0.287025 0.162242 0.57405
958 0.554572 0.287025 0.154376 0.568807
959 0.558505 0.279161 0.142576 0.568807
960 0.554572 0.279161 0.139626 0.557012
961 0.547689 0.275229 0.132743 0.555701
962 0.531957 0.275229 0.130777 0.555701
963 0.516224 0.273919 0.127827 0.560944
964 0.497542 0.273919 0.12586 0.563565
965 0.476893 0.273919 0.13766 0.563565
966 0.460177 0.273919 0.151426 0.568807
967 0.443461 0.273919 0.162242 0.572739
968 0.428712 0.275229 0.165192 0.572739
969 0.421829 0.275229 0.164208 0.570118
970 0.421829 0.272608 0.157325 0.564875
971 0.415929 0.264744 0.155359 0.564875
972 0.409046 0.259502 0.151426 0.564875
973 0.406096 0.25426 0.154376 0.570118
974 0.402163 0.25426 0.158309 0.560944
975 0.40413 0.25426 0.158309 0.557012
976 0.405113 0.259502 0.157325 0.562254
977 0.400197 0.269987 0.160275 0.564875
978 0.39528 0.277851 0.161259 0.570118
979 0.39233 0.287025 0.164208 0.577982
980 0.387414 0.313237 0.163225 0.57405
981 0.382498 0.334207 0.165192 0.57536
982 0.378564 0.343381 0.165192 0.579292
983 0.373648 0.347313 0.164208 0.584535
984 0.363815 0.347313 0.163225 0.584535
985 0.353982 0.331586 0.162242 0.579292
986 0.350049 0.311927 0.159292 0.581913
987 0.344149 0.305374 0.157325 0.579292
988 0.337266 0.300131 0.153392 0.570118
989 0.330383 0.280472 0.152409 0.562254
990 0.321534 0.271298 0.148476 0.554391
991 0.311701 0.266055 0.147493 0.559633
992 0.299902 0.266055 0.144543 0.560944
993 0.286136 0.266055 0.146509 0.563565
994 0.267453 0.268676 0.142576 0.566186
995 0.255654 0.268676 0.146509 0.562254
996 0.241888 0.250328 0.157325 0.571429
997 0.232055 0.250328 0.155359 0.563565
998 0.223206 0.242464 0.154376 0.570118
999 0.226155 0.2346 0.152409 0.564875
1000 0.232055 0.225426 0.146509 0.566186
1001 0.235988 0.211009 0.146509 0.571429
1002 0.241888 0.209699 0.145526 0.563565
1003 0.246804 0.205767 0.148476 0.557012
1004 0.256637 0.201835 0.147493 0.541284
1005 0.265487 0.201835 0.150442 0.545216
1006 0.265487 0.211009 0.154376 0.551769
1007 0.26942 0.220183 0.154376 0.55308
1008 0.26942 0.237221 0.154376 0.551769
1009 0.271386 0.264744 0.152409 0.554391
1010 0.271386 0.284404 0.149459 0.555701
1011 0.265487 0.290957 0.152409 0.558322
1012 0.259587 0.293578 0.152409 0.559633
1013 0.254671 0.289646 0.149459 0.560944
1014 0.25762 0.280472 0.148476 0.555701
1015 0.261554 0.267366 0.148476 0.555701
1016 0.26352 0.267366 0.150442 0.547837
