./Vid_F_person_fully_occluded.avi
0 0.316017 0.176923 0.122655 0.634615
1 0.318903 0.176923 0.119769 0.634615
2 0.318903 0.176923 0.119769 0.634615
3 0.318903 0.176923 0.119769 0.634615
4 0.321789 0.176923 0.118326 0.634615
5 0.321789 0.176923 0.121212 0.634615
6 0.321789 0.176923 0.121212 0.634615
7 0.323232 0.176923 0.122655 0.634615
8 0.323232 0.176923 0.122655 0.634615
9 0.323232 0.176923 0.122655 0.634615
10 0.323232 0.176923 0.122655 0.634615
11 0.323232 0.176923 0.122655 0.634615
12 0.323232 0.176923 0.122655 0.634615
13 0.323232 0.176923 0.122655 0.634615
14 0.323232 0.176923 0.122655 0.634615
15 0.323232 0.176923 0.122655 0.634615
16 0.323232 0.176923 0.122655 0.634615
17 0.323232 0.176923 0.122655 0.634615
18 0.323232 0.176923 0.122655 0.634615
19 0.326118 0.182692 0.119769 0.630769
20 0.326118 0.182692 0.119769 0.630769
21 0.326118 0.182692 0.119769 0.630769
22 0.326118 0.182692 0.119769 0.630769
23 0.326118 0.184615 0.119769 0.634615
24 0.326118 0.184615 0.119769 0.634615
25 0.326118 0.184615 0.119769 0.634615
26 0.326118 0.184615 0.119769 0.634615
27 0.326118 0.186538 0.119769 0.636538
28 0.326118 0.186538 0.119769 0.636538
29 0.326118 0.190385 0.119769 0.632692
30 0.326118 0.190385 0.119769 0.634615
31 0.326118 0.190385 0.119769 0.636538
32 0.326118 0.192308 0.119769 0.634615
33 0.326118 0.192308 0.119769 0.634615
34 0.326118 0.192308 0.119769 0.634615
35 0.326118 0.192308 0.119769 0.634615
36 0.326118 0.192308 0.119769 0.634615
37 0.326118 0.192308 0.119769 0.634615
38 0.326118 0.192308 0.119769 0.634615
39 0.326118 0.192308 0.119769 0.634615
40 0.326118 0.192308 0.119769 0.634615
41 0.326118 0.192308 0.119769 0.634615
42 0.326118 0.192308 0.119769 0.634615
43 0.329004 0.192308 0.116883 0.634615
44 0.33189 0.192308 0.113997 0.634615
45 0.33189 0.192308 0.113997 0.634615
46 0.33189 0.192308 0.113997 0.634615
47 0.33189 0.192308 0.113997 0.634615
48 0.334776 0.192308 0.111111 0.634615
49 0.334776 0.192308 0.111111 0.634615
50 0.334776 0.192308 0.111111 0.634615
51 0.337662 0.196154 0.108225 0.630769
52 0.337662 0.196154 0.108225 0.630769
53 0.337662 0.196154 0.108225 0.630769
54 0.337662 0.196154 0.108225 0.630769
55 0.337662 0.190385 0.112554 0.630769
56 0.339105 0.186538 0.113997 0.630769
57 0.339105 0.186538 0.118326 0.630769
58 0.341991 0.184615 0.118326 0.632692
59 0.341991 0.184615 0.128427 0.626923
60 0.340548 0.182692 0.137085 0.628846
61 0.336219 0.182692 0.147186 0.625
62 0.33189 0.182692 0.154401 0.623077
63 0.330447 0.182692 0.163059 0.617308
64 0.324675 0.182692 0.17316 0.617308
65 0.320346 0.182692 0.177489 0.617308
66 0.320346 0.182692 0.180375 0.615385
67 0.320346 0.175 0.184704 0.619231
68 0.320346 0.169231 0.184704 0.623077
69 0.320346 0.167308 0.180375 0.625
70 0.320346 0.167308 0.177489 0.625
71 0.320346 0.161538 0.171717 0.623077
72 0.320346 0.161538 0.167388 0.623077
73 0.321789 0.161538 0.161616 0.623077
74 0.329004 0.159615 0.150072 0.626923
75 0.336219 0.159615 0.132756 0.630769
76 0.344877 0.159615 0.116883 0.630769
77 0.341991 0.155769 0.118326 0.634615
78 0.340548 0.151923 0.119769 0.636538
79 0.340548 0.151923 0.135642 0.636538
80 0.339105 0.151923 0.160173 0.636538
81 0.336219 0.151923 0.177489 0.636538
82 0.330447 0.155769 0.196248 0.636538
83 0.326118 0.161538 0.206349 0.634615
84 0.323232 0.161538 0.212121 0.636538
85 0.323232 0.165385 0.217893 0.632692
86 0.337662 0.165385 0.213564 0.632692
87 0.334776 0.165385 0.21645 0.632692
88 0.327561 0.167308 0.219336 0.634615
89 0.327561 0.167308 0.213564 0.638462
90 0.327561 0.167308 0.204906 0.638462
91 0.318903 0.169231 0.197691 0.636538
92 0.31746 0.169231 0.180375 0.636538
93 0.31746 0.175 0.163059 0.630769
94 0.314574 0.176923 0.142857 0.634615
95 0.31746 0.176923 0.132756 0.640385
96 0.31746 0.176923 0.134199 0.646154
97 0.31746 0.176923 0.132756 0.646154
98 0.314574 0.176923 0.139971 0.646154
99 0.305916 0.180769 0.155844 0.642308
100 0.301587 0.182692 0.186147 0.636538
101 0.301587 0.182692 0.204906 0.636538
102 0.305916 0.169231 0.222222 0.626923
103 0.314574 0.153846 0.222222 0.628846
104 0.307359 0.146154 0.229437 0.632692
105 0.307359 0.144231 0.222222 0.634615
106 0.307359 0.144231 0.21645 0.634615
107 0.318903 0.144231 0.196248 0.634615
108 0.330447 0.144231 0.177489 0.636538
109 0.341991 0.146154 0.165945 0.636538
110 0.354978 0.146154 0.126984 0.642308
111 0.366522 0.151923 0.112554 0.644231
112 0.366522 0.161538 0.112554 0.642308
113 0.362193 0.171154 0.141414 0.644231
114 0.362193 0.178846 0.170274 0.644231
115 0.357864 0.182692 0.199134 0.640385
116 0.357864 0.186538 0.217893 0.638462
117 0.356421 0.186538 0.226551 0.638462
118 0.347763 0.178846 0.235209 0.636538
119 0.339105 0.169231 0.238095 0.636538
120 0.33189 0.165385 0.238095 0.636538
121 0.326118 0.165385 0.233766 0.634615
122 0.326118 0.167308 0.222222 0.632692
123 0.334776 0.169231 0.209235 0.632692
124 0.344877 0.169231 0.186147 0.636538
125 0.354978 0.169231 0.167388 0.636538
126 0.366522 0.176923 0.1443 0.634615
127 0.383838 0.176923 0.126984 0.644231
128 0.383838 0.182692 0.126984 0.638462
129 0.378066 0.186538 0.137085 0.642308
130 0.372294 0.192308 0.150072 0.636538
131 0.362193 0.198077 0.180375 0.634615
132 0.347763 0.211538 0.203463 0.625
133 0.334776 0.219231 0.21645 0.625
134 0.321789 0.226923 0.226551 0.619231
135 0.308802 0.226923 0.235209 0.619231
136 0.301587 0.221154 0.23088 0.623077
137 0.301587 0.209615 0.223665 0.623077
138 0.301587 0.2 0.20202 0.626923
139 0.305916 0.194231 0.174603 0.630769
140 0.318903 0.190385 0.131313 0.634615
141 0.330447 0.182692 0.0894661 0.634615
142 0 0 0 0
143 0 0 0 0
144 0 0 0 0
145 0 0 0 0
146 0 0 0 0
147 0 0 0 0
148 0 0 0 0
149 0 0 0 0
150 0 0 0 0
151 0 0 0 0
152 0 0 0 0
153 0 0 0 0
154 0.401154 0.119231 0.0909091 0.623077
155 0.37518 0.111538 0.109668 0.636538
156 0.354978 0.111538 0.119769 0.636538
157 0.341991 0.103846 0.122655 0.646154
158 0.334776 0.103846 0.122655 0.655769
159 0.340548 0.103846 0.122655 0.655769
160 0.340548 0.103846 0.131313 0.655769
161 0.340548 0.103846 0.15873 0.655769
162 0.329004 0.113462 0.197691 0.640385
163 0.316017 0.115385 0.226551 0.638462
164 0.304473 0.125 0.238095 0.628846
165 0.292929 0.136538 0.249639 0.630769
166 0.284271 0.144231 0.253968 0.636538
167 0.284271 0.146154 0.24531 0.636538
168 0.290043 0.144231 0.23088 0.638462
169 0.305916 0.138462 0.206349 0.644231
170 0.320346 0.136538 0.178932 0.646154
171 0.339105 0.130769 0.152958 0.651923
172 0.357864 0.132692 0.125541 0.651923
173 0.373737 0.142308 0.113997 0.651923
174 0.373737 0.144231 0.116883 0.65
175 0.372294 0.15 0.150072 0.651923
176 0.362193 0.151923 0.189033 0.65
177 0.353535 0.155769 0.217893 0.65
178 0.34632 0.159615 0.233766 0.646154
179 0.339105 0.161538 0.242424 0.644231
180 0.330447 0.161538 0.251082 0.644231
181 0.321789 0.163462 0.249639 0.642308
182 0.318903 0.163462 0.243867 0.642308
183 0.318903 0.163462 0.232323 0.642308
184 0.326118 0.159615 0.212121 0.646154
185 0.33189 0.159615 0.190476 0.642308
186 0.337662 0.159615 0.167388 0.642308
187 0.344877 0.159615 0.142857 0.648077
188 0.356421 0.161538 0.122655 0.655769
189 0.359307 0.167308 0.119769 0.667308
190 0.359307 0.173077 0.124098 0.663462
191 0.353535 0.175 0.150072 0.661538
192 0.339105 0.178846 0.189033 0.657692
193 0.327561 0.186538 0.21645 0.65
194 0.31746 0.192308 0.229437 0.648077
195 0.314574 0.196154 0.23088 0.648077
196 0.307359 0.198077 0.233766 0.646154
197 0.307359 0.198077 0.226551 0.646154
198 0.314574 0.198077 0.215007 0.646154
199 0.330447 0.2 0.194805 0.651923
200 0.343434 0.2 0.177489 0.651923
201 0.367965 0.2 0.152958 0.651923
202 0.388167 0.2 0.124098 0.655769
203 0.399711 0.2 0.108225 0.657692
204 0.399711 0.2 0.113997 0.657692
205 0.399711 0.2 0.1443 0.657692
206 0.392496 0.2 0.177489 0.657692
207 0.385281 0.201923 0.203463 0.655769
208 0.37518 0.209615 0.220779 0.648077
209 0.362193 0.209615 0.233766 0.65
210 0.354978 0.209615 0.235209 0.65
211 0.344877 0.209615 0.238095 0.65
212 0.336219 0.209615 0.236652 0.65
213 0.336219 0.203846 0.223665 0.655769
214 0.344877 0.203846 0.206349 0.655769
215 0.357864 0.198077 0.189033 0.651923
216 0.363636 0.184615 0.170274 0.651923
217 0.378066 0.182692 0.148629 0.653846
218 0.393939 0.186538 0.119769 0.657692
219 0.408369 0.198077 0.105339 0.657692
220 0.408369 0.2 0.119769 0.655769
221 0.408369 0.205769 0.131313 0.657692
222 0.399711 0.207692 0.163059 0.648077
223 0.38961 0.207692 0.180375 0.648077
224 0.380952 0.207692 0.21645 0.646154
225 0.380952 0.207692 0.222222 0.646154
226 0.36075 0.217308 0.238095 0.636538
227 0.357864 0.217308 0.233766 0.642308
228 0.357864 0.217308 0.225108 0.642308
229 0.357864 0.217308 0.219336 0.642308
230 0.362193 0.217308 0.204906 0.642308
231 0.382395 0.217308 0.180375 0.648077
232 0.398268 0.213462 0.164502 0.651923
233 0.421356 0.213462 0.134199 0.648077
234 0.443001 0.213462 0.112554 0.648077
235 0.44733 0.213462 0.108225 0.651923
236 0.44733 0.213462 0.12987 0.651923
237 0.440115 0.213462 0.164502 0.651923
238 0.431457 0.219231 0.191919 0.653846
239 0.419913 0.221154 0.209235 0.651923
240 0.401154 0.225 0.222222 0.648077
241 0.382395 0.228846 0.229437 0.648077
242 0.369408 0.228846 0.222222 0.648077
243 0.359307 0.228846 0.217893 0.648077
244 0.353535 0.228846 0.196248 0.648077
245 0.359307 0.223077 0.168831 0.653846
246 0.366522 0.219231 0.137085 0.657692
247 0.379509 0.209615 0.102453 0.651923
248 0 0 0 0
249 0 0 0 0
250 0 0 0 0
251 0 0 0 0
252 0 0 0 0
253 0 0 0 0
254 0 0 0 0
255 0 0 0 0
256 0 0 0 0
257 0 0 0 0
258 0 0 0 0
259 0 0 0 0
260 0.437229 0.225 0.106782 0.648077
261 0.40404 0.221154 0.126984 0.651923
262 0.393939 0.221154 0.126984 0.651923
263 0.373737 0.215385 0.139971 0.655769
264 0.382395 0.209615 0.121212 0.661538
265 0.393939 0.209615 0.116883 0.661538
266 0.393939 0.209615 0.116883 0.661538
267 0.38961 0.207692 0.141414 0.663462
268 0.38961 0.205769 0.165945 0.655769
269 0.380952 0.2 0.196248 0.653846
270 0.372294 0.196154 0.213564 0.655769
271 0.363636 0.196154 0.222222 0.655769
272 0.357864 0.196154 0.227994 0.655769
273 0.347763 0.196154 0.232323 0.651923
274 0.341991 0.188462 0.227994 0.659615
275 0.337662 0.188462 0.223665 0.659615
276 0.340548 0.184615 0.212121 0.661538
277 0.349206 0.180769 0.197691 0.659615
278 0.356421 0.167308 0.177489 0.657692
279 0.363636 0.146154 0.163059 0.657692
280 0.373737 0.140385 0.138528 0.663462
281 0.376623 0.140385 0.135642 0.671154
282 0.380952 0.15 0.131313 0.673077
283 0.378066 0.151923 0.132756 0.675
284 0.365079 0.161538 0.157287 0.669231
285 0.352092 0.169231 0.184704 0.661538
286 0.336219 0.180769 0.213564 0.655769
287 0.324675 0.190385 0.232323 0.655769
288 0.31746 0.194231 0.239538 0.651923
289 0.307359 0.198077 0.246753 0.653846
290 0.307359 0.198077 0.238095 0.653846
291 0.307359 0.198077 0.226551 0.653846
292 0.318903 0.198077 0.209235 0.653846
293 0.333333 0.192308 0.189033 0.659615
294 0.343434 0.188462 0.168831 0.661538
295 0.359307 0.180769 0.142857 0.665385
296 0.383838 0.175 0.118326 0.663462
297 0.391053 0.169231 0.116883 0.669231
298 0.391053 0.169231 0.126984 0.665385
299 0.388167 0.169231 0.15873 0.661538
300 0.380952 0.169231 0.190476 0.661538
301 0.37518 0.169231 0.210678 0.661538
302 0.365079 0.169231 0.226551 0.661538
303 0.357864 0.175 0.233766 0.655769
304 0.352092 0.175 0.238095 0.655769
305 0.344877 0.175 0.233766 0.657692
306 0.341991 0.175 0.229437 0.657692
307 0.352092 0.175 0.213564 0.657692
308 0.370851 0.169231 0.194805 0.663462
309 0.379509 0.161538 0.177489 0.659615
310 0.395382 0.148077 0.152958 0.665385
311 0.411255 0.142308 0.134199 0.665385
312 0.431457 0.144231 0.118326 0.673077
313 0.431457 0.148077 0.131313 0.680769
314 0.431457 0.151923 0.139971 0.676923
315 0.431457 0.151923 0.171717 0.676923
316 0.422799 0.153846 0.199134 0.675
317 0.414141 0.163462 0.223665 0.663462
318 0.40404 0.169231 0.236652 0.657692
319 0.395382 0.175 0.24531 0.659615
320 0.388167 0.176923 0.248196 0.657692
321 0.376623 0.176923 0.24531 0.657692
322 0.372294 0.176923 0.232323 0.657692
323 0.380952 0.171154 0.212121 0.667308
324 0.393939 0.171154 0.190476 0.667308
325 0.405483 0.171154 0.168831 0.667308
326 0.422799 0.167308 0.139971 0.671154
327 0.434343 0.167308 0.122655 0.671154
328 0.431457 0.167308 0.125541 0.671154
329 0.428571 0.167308 0.145743 0.671154
330 0.428571 0.161538 0.176046 0.673077
331 0.421356 0.157692 0.203463 0.676923
332 0.409812 0.157692 0.227994 0.669231
333 0.395382 0.161538 0.242424 0.665385
334 0.380952 0.161538 0.246753 0.665385
335 0.365079 0.161538 0.248196 0.665385
336 0.352092 0.157692 0.24531 0.669231
337 0.341991 0.157692 0.239538 0.669231
338 0.341991 0.157692 0.226551 0.669231
339 0.352092 0.157692 0.204906 0.667308
340 0.359307 0.151923 0.184704 0.667308
341 0.362193 0.151923 0.163059 0.667308
342 0.378066 0.151923 0.137085 0.673077
343 0.391053 0.159615 0.122655 0.682692
344 0.391053 0.167308 0.122655 0.682692
345 0.388167 0.167308 0.131313 0.682692
346 0.373737 0.173077 0.170274 0.676923
347 0.359307 0.173077 0.20202 0.673077
348 0.34632 0.176923 0.220779 0.665385
349 0.336219 0.176923 0.209235 0.665385
350 0.324675 0.176923 0.193362 0.665385
351 0.310245 0.182692 0.183261 0.659615
352 0.307359 0.182692 0.160173 0.659615
353 0.307359 0.182692 0.145743 0.655769
354 0 0 0 0
355 0 0 0 0
356 0 0 0 0
357 0 0 0 0
358 0 0 0 0
359 0 0 0 0
360 0 0 0 0
361 0 0 0 0
362 0 0 0 0
363 0 0 0 0
364 0 0 0 0
365 0 0 0 0
366 0 0 0 0
367 0.46176 0.167308 0.134199 0.653846
368 0.427128 0.159615 0.157287 0.661538
369 0.399711 0.159615 0.170274 0.657692
370 0.392496 0.151923 0.168831 0.659615
371 0.369408 0.144231 0.178932 0.671154
372 0.341991 0.132692 0.190476 0.673077
373 0.353535 0.123077 0.168831 0.675
374 0.362193 0.119231 0.145743 0.678846
375 0.373737 0.119231 0.128427 0.690385
376 0.373737 0.119231 0.131313 0.698077
377 0.373737 0.119231 0.138528 0.698077
378 0.373737 0.119231 0.163059 0.7
379 0.369408 0.119231 0.193362 0.696154
380 0.359307 0.123077 0.220779 0.688462
381 0.349206 0.128846 0.239538 0.678846
382 0.340548 0.130769 0.248196 0.676923
383 0.333333 0.136538 0.252525 0.675
384 0.323232 0.136538 0.255411 0.676923
385 0.323232 0.136538 0.24531 0.678846
386 0.330447 0.136538 0.232323 0.678846
387 0.344877 0.136538 0.215007 0.688462
388 0.362193 0.136538 0.191919 0.692308
389 0.379509 0.136538 0.171717 0.692308
390 0.406926 0.138462 0.138528 0.690385
391 0.425685 0.138462 0.119769 0.690385
392 0.428571 0.142308 0.122655 0.696154
393 0.430014 0.146154 0.145743 0.696154
394 0.431457 0.151923 0.174603 0.694231
395 0.424242 0.155769 0.203463 0.690385
396 0.417027 0.163462 0.223665 0.690385
397 0.408369 0.176923 0.238095 0.684615
398 0.399711 0.186538 0.246753 0.686538
399 0.388167 0.190385 0.258297 0.682692
400 0.379509 0.190385 0.256854 0.686538
401 0.373737 0.190385 0.251082 0.684615
402 0.367965 0.190385 0.242424 0.684615
403 0.37518 0.190385 0.226551 0.684615
404 0.383838 0.184615 0.206349 0.684615
405 0.38961 0.182692 0.184704 0.682692
406 0.399711 0.178846 0.161616 0.686538
407 0.414141 0.178846 0.134199 0.7
408 0.422799 0.184615 0.118326 0.7
409 0.422799 0.188462 0.124098 0.701923
410 0.417027 0.188462 0.148629 0.701923
411 0.411255 0.192308 0.178932 0.698077
412 0.396825 0.192308 0.209235 0.694231
413 0.383838 0.2 0.226551 0.686538
414 0.372294 0.2 0.239538 0.686538
415 0.362193 0.205769 0.243867 0.684615
416 0.352092 0.205769 0.243867 0.684615
417 0.347763 0.205769 0.238095 0.684615
418 0.352092 0.201923 0.223665 0.688462
419 0.362193 0.201923 0.206349 0.688462
420 0.373737 0.196154 0.18759 0.688462
421 0.391053 0.190385 0.164502 0.688462
422 0.40404 0.190385 0.142857 0.688462
423 0.422799 0.190385 0.124098 0.688462
424 0.430014 0.190385 0.116883 0.688462
425 0.430014 0.190385 0.125541 0.688462
426 0.430014 0.190385 0.157287 0.688462
427 0.424242 0.192308 0.186147 0.686538
428 0.415584 0.192308 0.215007 0.686538
429 0.406926 0.192308 0.23088 0.682692
430 0.393939 0.194231 0.243867 0.680769
431 0.376623 0.194231 0.248196 0.680769
432 0.36075 0.194231 0.252525 0.680769
433 0.343434 0.194231 0.252525 0.678846
434 0.336219 0.192308 0.24531 0.680769
435 0.327561 0.190385 0.236652 0.678846
436 0.327561 0.180769 0.219336 0.678846
437 0.33189 0.171154 0.199134 0.680769
438 0.336219 0.167308 0.180375 0.673077
439 0.340548 0.167308 0.15873 0.673077
440 0.350649 0.167308 0.147186 0.688462
441 0.362193 0.169231 0.137085 0.690385
442 0.362193 0.173077 0.141414 0.690385
443 0.354978 0.186538 0.148629 0.686538
444 0.344877 0.201923 0.180375 0.680769
445 0.337662 0.221154 0.207792 0.671154
446 0.33189 0.230769 0.227994 0.661538
447 0.334776 0.238462 0.239538 0.661538
448 0.343434 0.244231 0.239538 0.655769
449 0.350649 0.244231 0.239538 0.657692
450 0.357864 0.238462 0.232323 0.657692
451 0.370851 0.225 0.219336 0.659615
452 0.392496 0.213462 0.197691 0.671154
