./Vid_A_ball.avi
0 0.626068 0.473884 0.141026 0.189934
1 0.632479 0.473884 0.139601 0.189934
2 0.635328 0.473884 0.139601 0.188034
3 0.635328 0.475783 0.139601 0.187085
4 0.631054 0.475783 0.141738 0.189934
5 0.631054 0.482431 0.141026 0.187085
6 0.630342 0.482431 0.141738 0.188984
7 0.628205 0.48433 0.141738 0.188984
8 0.628205 0.48528 0.139601 0.192783
9 0.626068 0.48528 0.141026 0.195632
10 0.626068 0.490028 0.139601 0.193732
11 0.624644 0.490978 0.138889 0.192783
12 0.623219 0.493827 0.139601 0.193732
13 0.621795 0.497626 0.138177 0.191833
14 0.619658 0.499525 0.138177 0.193732
15 0.618946 0.499525 0.138889 0.192783
16 0.615385 0.501425 0.14245 0.193732
17 0.615385 0.505223 0.140313 0.192783
18 0.615385 0.506173 0.140313 0.191833
19 0.613248 0.509022 0.141738 0.191833
20 0.613248 0.509022 0.138889 0.195632
21 0.613248 0.509022 0.138177 0.195632
22 0.613248 0.511871 0.138889 0.192783
23 0.609687 0.51377 0.139601 0.193732
24 0.608974 0.51472 0.138889 0.192783
25 0.608974 0.51472 0.138889 0.192783
26 0.606838 0.51567 0.138889 0.192783
27 0.603989 0.516619 0.141026 0.195632
28 0.603276 0.516619 0.140313 0.195632
29 0.603276 0.516619 0.138177 0.195632
30 0.60114 0.51472 0.139601 0.191833
31 0.599715 0.51377 0.138177 0.191833
32 0.599715 0.509972 0.138889 0.193732
33 0.597578 0.507123 0.139601 0.196581
34 0.596154 0.505223 0.139601 0.193732
35 0.596154 0.506173 0.139601 0.191833
36 0.595442 0.504274 0.140313 0.192783
37 0.594729 0.506173 0.138889 0.192783
38 0.594729 0.506173 0.138177 0.191833
39 0.594017 0.509022 0.138889 0.192783
40 0.594017 0.509022 0.138889 0.192783
41 0.594729 0.507123 0.138177 0.195632
42 0.594729 0.507123 0.138177 0.195632
43 0.594017 0.509022 0.139601 0.192783
44 0.595442 0.509022 0.138889 0.193732
45 0.595442 0.509022 0.138889 0.194682
46 0.594729 0.51472 0.138177 0.190883
47 0.594017 0.51472 0.138889 0.189934
48 0.594017 0.51567 0.138889 0.191833
49 0.592593 0.51567 0.138889 0.192783
50 0.591168 0.51567 0.139601 0.193732
51 0.591168 0.51567 0.139601 0.193732
52 0.591168 0.516619 0.138177 0.191833
53 0.591168 0.516619 0.138177 0.191833
54 0.587607 0.524217 0.14245 0.189934
55 0.586182 0.523267 0.138177 0.194682
56 0.582621 0.523267 0.139601 0.195632
57 0.581909 0.525166 0.138177 0.193732
58 0.581197 0.524217 0.138177 0.195632
59 0.581197 0.524217 0.139601 0.195632
60 0.578348 0.524217 0.138889 0.195632
61 0.573362 0.524217 0.139601 0.193732
62 0.564815 0.530864 0.137464 0.189934
63 0.554843 0.530864 0.136752 0.194682
64 0.544872 0.551757 0.137464 0.179487
65 0.532051 0.551757 0.139601 0.187085
66 0.518519 0.549858 0.144587 0.194682
67 0.505698 0.554606 0.14886 0.195632
68 0.49359 0.559354 0.148148 0.202279
69 0.478632 0.565052 0.150285 0.203229
70 0.470085 0.569801 0.143162 0.204179
71 0.454416 0.580247 0.153134 0.204179
72 0.441595 0.589744 0.153846 0.209877
73 0.428775 0.595442 0.155271 0.205128
74 0.418091 0.59924 0.155271 0.214625
75 0.403846 0.603989 0.156695 0.212726
76 0.39245 0.604938 0.157407 0.217474
77 0.38604 0.602089 0.158832 0.220323
78 0.382479 0.592593 0.159544 0.225071
79 0.381766 0.584046 0.163818 0.225071
80 0.383903 0.5717 0.16453 0.22792
81 0.387464 0.554606 0.165242 0.22982
82 0.393162 0.537512 0.165242 0.234568
83 0.398148 0.523267 0.166667 0.22792
84 0.40812 0.502374 0.166667 0.234568
85 0.417379 0.491928 0.17094 0.232669
86 0.424501 0.482431 0.168803 0.231719
87 0.426638 0.473884 0.170228 0.232669
88 0.431624 0.470085 0.173077 0.233618
89 0.43661 0.466287 0.172365 0.236467
90 0.440171 0.460589 0.171652 0.236467
91 0.444444 0.454891 0.174501 0.240266
92 0.44943 0.450142 0.174501 0.245014
93 0.450142 0.446344 0.17735 0.245964
94 0.44943 0.442545 0.178063 0.251662
95 0.450142 0.439696 0.176638 0.249763
96 0.44943 0.440646 0.178063 0.249763
97 0.446581 0.450142 0.181624 0.251662
98 0.446581 0.45774 0.182336 0.250712
99 0.445157 0.463438 0.183048 0.25736
100 0.440883 0.466287 0.185185 0.261159
101 0.438034 0.472934 0.188034 0.261159
102 0.433048 0.475783 0.189459 0.266857
103 0.429487 0.473884 0.189459 0.269706
104 0.42735 0.471985 0.190171 0.267806
105 0.423789 0.472934 0.191595 0.264957
106 0.423077 0.470085 0.195157 0.266857
107 0.421652 0.466287 0.197293 0.266857
108 0.418803 0.464387 0.19943 0.269706
109 0.417379 0.45679 0.19943 0.276353
110 0.413818 0.449193 0.202991 0.281102
111 0.413818 0.446344 0.200142 0.280152
112 0.413105 0.441595 0.200855 0.283951
113 0.41453 0.437797 0.203704 0.2849
114 0.419516 0.433048 0.204416 0.287749
115 0.425214 0.4283 0.207977 0.287749
116 0.430912 0.425451 0.208689 0.28585
117 0.440171 0.420703 0.20584 0.283001
118 0.446581 0.415005 0.208689 0.2868
119 0.45584 0.409307 0.207265 0.290598
120 0.460114 0.405508 0.210114 0.289649
121 0.463675 0.402659 0.210826 0.288699
122 0.467236 0.39886 0.214387 0.290598
123 0.470798 0.39886 0.217236 0.290598
124 0.473647 0.40076 0.214387 0.298196
125 0.474359 0.406458 0.2151 0.298196
126 0.475071 0.415954 0.214387 0.301045
127 0.469373 0.425451 0.217236 0.304843
128 0.463675 0.42925 0.22151 0.301045
129 0.462963 0.434948 0.222222 0.301994
130 0.460114 0.437797 0.220798 0.303894
131 0.454416 0.441595 0.222934 0.306743
132 0.450855 0.441595 0.225783 0.309592
133 0.44943 0.440646 0.222934 0.31434
134 0.445157 0.441595 0.223647 0.312441
135 0.442308 0.444444 0.225071 0.311491
136 0.438746 0.446344 0.223647 0.31339
137 0.432336 0.449193 0.226496 0.317189
138 0.429487 0.450142 0.225783 0.318139
139 0.423077 0.452991 0.229345 0.319088
140 0.419516 0.447293 0.232194 0.326686
141 0.416667 0.431149 0.229345 0.317189
142 0.413105 0.413105 0.223647 0.312441
143 0.399573 0.384615 0.223647 0.31339
144 0.391026 0.365622 0.220085 0.299145
145 0.381054 0.349478 0.219373 0.301045
146 0.37037 0.330484 0.215812 0.298196
147 0.361823 0.312441 0.209402 0.293447
148 0.351852 0.299145 0.206553 0.290598
149 0.34188 0.290598 0.206553 0.283001
150 0.336895 0.282051 0.203704 0.275404
151 0.331197 0.277303 0.19943 0.275404
152 0.321225 0.272555 0.19943 0.277303
153 0.316239 0.274454 0.194444 0.275404
154 0.311254 0.283951 0.191595 0.263058
155 0.305556 0.283951 0.193732 0.265907
156 0.298433 0.291548 0.190883 0.260209
157 0.295584 0.297246 0.188034 0.263058
158 0.289886 0.304843 0.185185 0.25831
159 0.287037 0.31434 0.181624 0.255461
160 0.284188 0.320988 0.179487 0.249763
161 0.285613 0.324786 0.176638 0.250712
162 0.284188 0.335233 0.17735 0.243115
163 0.284188 0.34283 0.174501 0.236467
164 0.283476 0.344729 0.173789 0.241216
165 0.283476 0.356125 0.172365 0.233618
166 0.282764 0.360874 0.170228 0.232669
167 0.281339 0.364672 0.169516 0.235518
168 0.277778 0.364672 0.170228 0.232669
169 0.27849 0.37037 0.166667 0.22887
170 0.279202 0.373219 0.16453 0.22887
171 0.277066 0.377968 0.16453 0.221273
172 0.27849 0.379867 0.159544 0.217474
173 0.275641 0.382716 0.15812 0.211776
174 0.272792 0.380817 0.155271 0.213675
175 0.269943 0.382716 0.156695 0.214625
176 0.267094 0.385565 0.152422 0.213675
177 0.258547 0.392213 0.151709 0.208927
178 0.255698 0.392213 0.14886 0.208927
179 0.246439 0.392213 0.150997 0.211776
180 0.241453 0.390313 0.146724 0.205128
181 0.235043 0.388414 0.148148 0.20133
182 0.247151 0.381766 0.155271 0.203229
183 0.273504 0.385565 0.160256 0.208927
184 0.310541 0.396961 0.168803 0.20133
185 0.361111 0.413105 0.17735 0.207977
186 0.415954 0.433998 0.176638 0.217474
187 0.460114 0.438746 0.166667 0.213675
188 0.560541 0.529915 0.163818 0.225071
189 0.561254 0.526116 0.168091 0.231719
190 0.564815 0.530864 0.165242 0.225071
191 0.555556 0.530864 0.165242 0.225071
192 0.554131 0.533713 0.167379 0.222222
193 0.561254 0.532764 0.16453 0.22792
194 0.559117 0.533713 0.167379 0.22792
195 0.56339 0.540361 0.163818 0.222222
196 0.571225 0.540361 0.163105 0.223172
197 0.576211 0.541311 0.159544 0.226971
198 0.578348 0.54226 0.166667 0.22982
199 0.588319 0.549858 0.16453 0.220323
200 0.595442 0.552707 0.160969 0.220323
201 0.599715 0.553656 0.161681 0.218424
202 0.602564 0.552707 0.161681 0.220323
203 0.606125 0.552707 0.159544 0.214625
204 0.608974 0.552707 0.157407 0.215575
205 0.608262 0.545109 0.158832 0.215575
206 0.608974 0.546059 0.155983 0.208927
207 0.608262 0.54226 0.155983 0.216524
208 0.610399 0.541311 0.153134 0.215575
209 0.612536 0.537512 0.152422 0.209877
210 0.616809 0.534663 0.152422 0.212726
211 0.623219 0.533713 0.149573 0.207977
212 0.623219 0.529915 0.153134 0.208927
213 0.628205 0.525166 0.150285 0.207028
214 0.63604 0.526116 0.143162 0.198481
215 0.637464 0.520418 0.145299 0.20133
216 0.643162 0.522317 0.146011 0.193732
217 0.63604 0.530864 0.150285 0.182336
218 0.61396 0.529915 0.149573 0.183286
219 0.593305 0.528015 0.151709 0.186135
220 0.574074 0.530864 0.14886 0.179487
221 0.559117 0.525166 0.146011 0.183286
222 0.540598 0.529915 0.149573 0.177588
223 0.534188 0.525166 0.141738 0.185185
224 0.526353 0.520418 0.139601 0.188034
225 0.514245 0.523267 0.139601 0.185185
226 0.505698 0.524217 0.141026 0.184236
227 0.500712 0.527066 0.140313 0.184236
228 0.495726 0.530864 0.141738 0.179487
229 0.495014 0.524217 0.140313 0.187085
230 0.494302 0.524217 0.14245 0.188984
231 0.49359 0.523267 0.14245 0.193732
232 0.49359 0.521368 0.141738 0.192783
233 0.496439 0.524217 0.14245 0.191833
234 0.497151 0.524217 0.141738 0.191833
235 0.497151 0.525166 0.141026 0.191833
236 0.499288 0.521368 0.14245 0.196581
237 0.500712 0.524217 0.141026 0.195632
238 0.503561 0.524217 0.141026 0.195632
239 0.503561 0.525166 0.14245 0.194682
240 0.50641 0.525166 0.141738 0.195632
241 0.507123 0.527066 0.143162 0.198481
242 0.502137 0.530864 0.143162 0.192783
243 0.492165 0.533713 0.140313 0.193732
244 0.482906 0.534663 0.136752 0.195632
245 0.466524 0.539411 0.14245 0.192783
246 0.450855 0.549858 0.14886 0.193732
247 0.441595 0.555556 0.146724 0.20038
248 0.428775 0.561254 0.146724 0.19943
249 0.413818 0.569801 0.146724 0.20038
250 0.400997 0.574549 0.150997 0.207028
251 0.388889 0.585945 0.155271 0.208927
252 0.381766 0.591643 0.151709 0.209877
253 0.371795 0.596391 0.152422 0.212726
254 0.368946 0.603989 0.154558 0.210826
255 0.362536 0.606838 0.15812 0.218424
256 0.363248 0.611586 0.156695 0.214625
257 0.366097 0.607787 0.158832 0.221273
258 0.373932 0.604938 0.163818 0.221273
259 0.385328 0.596391 0.165242 0.219373
260 0.399573 0.584995 0.169516 0.223172
261 0.417379 0.574549 0.165954 0.226021
262 0.424501 0.565052 0.163818 0.223172
263 0.430912 0.558405 0.170228 0.225071
264 0.447293 0.549858 0.167379 0.224122
265 0.454416 0.540361 0.165242 0.226971
266 0.459402 0.535613 0.170228 0.22887
267 0.47151 0.522317 0.173077 0.234568
268 0.475783 0.510921 0.170228 0.234568
269 0.479345 0.498575 0.172365 0.237417
270 0.476496 0.483381 0.175926 0.239316
271 0.473647 0.473884 0.174501 0.237417
272 0.470798 0.466287 0.174501 0.238367
273 0.4651 0.45679 0.173789 0.245014
274 0.457977 0.448243 0.174501 0.242165
275 0.450142 0.437797 0.175926 0.245014
276 0.440171 0.434948 0.179487 0.241216
277 0.431624 0.42925 0.180912 0.244065
278 0.421652 0.423552 0.180912 0.248813
279 0.41453 0.417854 0.181624 0.254511
280 0.40812 0.415954 0.180199 0.253561
281 0.39886 0.415954 0.180199 0.249763
282 0.391026 0.415005 0.181624 0.251662
283 0.384615 0.412156 0.185897 0.25736
284 0.378917 0.409307 0.187322 0.260209
285 0.377493 0.404558 0.190883 0.25831
286 0.37963 0.396961 0.189459 0.265907
287 0.381766 0.391263 0.189459 0.266857
288 0.378917 0.388414 0.198006 0.262108
289 0.384615 0.380817 0.192308 0.264008
290 0.386752 0.375119 0.192308 0.265907
291 0.389601 0.369421 0.192308 0.265907
292 0.393162 0.365622 0.194444 0.265907
293 0.39886 0.361823 0.201567 0.264957
294 0.408832 0.358974 0.195157 0.264008
295 0.411681 0.351377 0.196581 0.267806
296 0.418803 0.346629 0.195869 0.273504
297 0.425214 0.34283 0.198718 0.274454
298 0.428063 0.339981 0.195869 0.271605
299 0.42735 0.337132 0.19943 0.270655
300 0.426638 0.333333 0.19943 0.274454
301 0.425214 0.333333 0.198718 0.273504
302 0.420228 0.333333 0.198718 0.275404
303 0.415954 0.331434 0.198718 0.275404
304 0.40812 0.329535 0.195869 0.278253
305 0.400285 0.333333 0.195157 0.276353
306 0.39245 0.337132 0.198006 0.276353
307 0.382479 0.34188 0.200855 0.272555
308 0.376068 0.344729 0.200855 0.277303
309 0.366097 0.349478 0.204416 0.272555
310 0.361823 0.349478 0.202991 0.277303
311 0.361111 0.349478 0.202991 0.279202
312 0.362536 0.349478 0.201567 0.278253
313 0.361111 0.349478 0.202991 0.279202
314 0.363248 0.350427 0.203704 0.282051
315 0.361823 0.351377 0.205128 0.282051
316 0.363248 0.355176 0.202279 0.281102
317 0.361111 0.358025 0.202279 0.282051
318 0.358262 0.360874 0.20584 0.282051
319 0.356125 0.362773 0.205128 0.280152
320 0.354701 0.361823 0.20584 0.283951
321 0.353989 0.362773 0.20584 0.282051
322 0.354701 0.362773 0.203704 0.281102
323 0.351852 0.359924 0.205128 0.283951
324 0.346866 0.360874 0.20584 0.283951
325 0.344729 0.357075 0.20584 0.2849
326 0.340456 0.355176 0.20584 0.283951
327 0.339031 0.351377 0.203704 0.283001
328 0.333333 0.346629 0.204416 0.282051
329 0.326923 0.344729 0.202279 0.280152
330 0.318376 0.34283 0.202279 0.277303
331 0.305556 0.339981 0.205128 0.281102
332 0.292023 0.339031 0.203704 0.279202
333 0.280627 0.339981 0.19943 0.279202
334 0.299858 0.334283 0.208689 0.278253
335 0.33547 0.337132 0.2151 0.274454
336 0.373932 0.337132 0.208689 0.275404
337 0.399573 0.338082 0.202991 0.273504
338 0.40812 0.34188 0.200142 0.272555
339 0.416667 0.344729 0.198006 0.268756
340 0.403134 0.344729 0.202279 0.274454
341 0.369658 0.349478 0.210114 0.275404
342 0.344729 0.357075 0.210826 0.266857
343 0.315527 0.362773 0.210826 0.268756
344 0.293447 0.374169 0.198006 0.264008
345 0.255698 0.380817 0.20584 0.265907
346 0.247863 0.392213 0.19302 0.266857
347 0.23433 0.402659 0.191595 0.264957
348 0.225783 0.410256 0.188034 0.263058
349 0.224359 0.425451 0.187322 0.262108
350 0.223647 0.439696 0.188034 0.261159
351 0.22792 0.452042 0.187322 0.25736
352 0.237179 0.460589 0.187322 0.251662
353 0.247151 0.467236 0.185897 0.249763
354 0.258547 0.473884 0.185897 0.246914
355 0.271368 0.473884 0.180199 0.249763
356 0.2849 0.471985 0.180199 0.242165
357 0.299858 0.469136 0.175926 0.240266
358 0.310541 0.474834 0.176638 0.234568
359 0.320513 0.471035 0.175214 0.239316
360 0.330484 0.471035 0.173077 0.240266
361 0.343305 0.473884 0.170228 0.239316
362 0.350427 0.478632 0.171652 0.234568
363 0.358262 0.478632 0.169516 0.230769
364 0.366097 0.479582 0.168091 0.22792
365 0.374644 0.479582 0.167379 0.226021
366 0.382479 0.480532 0.163818 0.225071
367 0.387464 0.477683 0.165242 0.22887
368 0.393162 0.48433 0.163818 0.223172
369 0.400285 0.482431 0.157407 0.223172
370 0.403134 0.488129 0.161681 0.220323
371 0.407407 0.494777 0.156695 0.214625
372 0.412393 0.494777 0.154558 0.211776
373 0.413105 0.496676 0.154558 0.211776
374 0.415242 0.496676 0.155271 0.210826
375 0.419516 0.496676 0.152422 0.210826
376 0.423789 0.496676 0.149573 0.208927
377 0.428063 0.496676 0.152422 0.205128
378 0.435185 0.490978 0.14886 0.205128
379 0.44302 0.491928 0.146011 0.20133
380 0.448718 0.490978 0.146724 0.19943
381 0.453704 0.490978 0.146724 0.198481
382 0.460826 0.489079 0.144587 0.195632
383 0.472222 0.48623 0.144587 0.193732
384 0.480769 0.482431 0.144587 0.194682
385 0.487179 0.476733 0.143162 0.195632
386 0.498575 0.471985 0.146011 0.188984
387 0.513533 0.467236 0.138889 0.190883
388 0.52849 0.464387 0.136752 0.186135
389 0.542023 0.462488 0.136752 0.186135
390 0.55698 0.45774 0.135328 0.183286
391 0.565527 0.452991 0.135328 0.183286
392 0.578348 0.449193 0.135328 0.180437
393 0.590456 0.441595 0.13604 0.183286
394 0.599715 0.435897 0.133191 0.181387
395 0.611111 0.433998 0.133191 0.177588
396 0.623932 0.426401 0.133191 0.173789
397 0.631766 0.422602 0.130342 0.173789
398 0.640313 0.417854 0.127493 0.173789
399 0.650285 0.415954 0.125356 0.168091
400 0.658832 0.408357 0.127493 0.17094
401 0.671652 0.40076 0.124644 0.17284
402 0.679487 0.396011 0.123219 0.169991
403 0.685185 0.389364 0.124644 0.17189
404 0.671652 0.393162 0.131766 0.169991
405 0.651709 0.405508 0.131766 0.165242
406 0.638889 0.406458 0.131054 0.175689
407 0.618946 0.416904 0.131766 0.169991
408 0.601852 0.421652 0.133191 0.17284
409 0.590456 0.425451 0.132479 0.174739
410 0.576211 0.431149 0.13604 0.177588
411 0.562678 0.436847 0.138889 0.178538
412 0.554843 0.442545 0.133903 0.176638
413 0.541311 0.446344 0.135328 0.182336
414 0.531339 0.452042 0.136752 0.189934
415 0.526353 0.454891 0.136752 0.191833
416 0.525641 0.461538 0.137464 0.191833
417 0.525641 0.467236 0.138177 0.196581
418 0.51567 0.481481 0.143162 0.191833
419 0.508547 0.487179 0.14245 0.195632
420 0.502849 0.499525 0.143875 0.195632
421 0.492165 0.499525 0.147436 0.205128
422 0.480769 0.511871 0.14886 0.206078
423 0.474359 0.518519 0.152422 0.204179
424 0.466524 0.526116 0.145299 0.20133
425 0.457977 0.532764 0.148148 0.20038
426 0.44943 0.530864 0.153134 0.205128
427 0.44302 0.533713 0.151709 0.208927
428 0.437322 0.536562 0.152422 0.211776
429 0.435185 0.540361 0.152422 0.212726
430 0.429487 0.54321 0.153134 0.212726
431 0.425926 0.54416 0.154558 0.213675
432 0.42735 0.54416 0.155983 0.214625
433 0.425214 0.541311 0.157407 0.218424
434 0.420228 0.541311 0.160969 0.215575
435 0.420228 0.533713 0.162393 0.224122
436 0.413105 0.540361 0.163818 0.220323
437 0.403134 0.539411 0.161681 0.225071
438 0.393162 0.54416 0.161681 0.224122
439 0.37963 0.547958 0.163105 0.226021
440 0.366097 0.552707 0.16453 0.225071
441 0.356125 0.550807 0.16453 0.22982
442 0.344017 0.555556 0.165242 0.230769
443 0.333333 0.556505 0.165954 0.231719
444 0.330484 0.558405 0.165242 0.226971
445 0.334758 0.550807 0.168091 0.226971
446 0.337607 0.541311 0.169516 0.22982
447 0.354701 0.533713 0.171652 0.231719
448 0.368946 0.522317 0.168091 0.22792
449 0.372507 0.509972 0.173789 0.230769
450 0.385328 0.497626 0.17094 0.22887
451 0.389601 0.487179 0.171652 0.233618
452 0.389601 0.482431 0.168091 0.22982
453 0.387464 0.477683 0.170228 0.230769
454 0.383191 0.472934 0.171652 0.234568
455 0.373932 0.472934 0.168803 0.233618
456 0.372507 0.472934 0.171652 0.230769
457 0.367521 0.472934 0.17094 0.232669
458 0.364672 0.475783 0.178063 0.231719
459 0.375356 0.475783 0.169516 0.235518
460 0.372507 0.479582 0.170228 0.231719
461 0.375356 0.480532 0.175214 0.235518
462 0.393162 0.481481 0.171652 0.231719
463 0.405983 0.479582 0.17094 0.232669
464 0.41453 0.478632 0.173789 0.232669
465 0.425926 0.479582 0.174501 0.232669
466 0.430199 0.478632 0.172365 0.233618
467 0.440883 0.482431 0.173789 0.233618
468 0.452991 0.489079 0.168803 0.225071
469 0.457265 0.487179 0.170228 0.225071
470 0.460826 0.48623 0.167379 0.234568
471 0.462251 0.494777 0.16453 0.226021
472 0.456553 0.490978 0.168803 0.226971
473 0.455128 0.489079 0.165954 0.226021
474 0.450855 0.488129 0.163818 0.223172
475 0.444444 0.483381 0.165242 0.226021
476 0.442308 0.480532 0.16453 0.22792
477 0.437322 0.480532 0.162393 0.22792
478 0.432336 0.481481 0.163818 0.226021
479 0.423077 0.482431 0.163105 0.225071
480 0.41453 0.481481 0.163818 0.226021
481 0.407407 0.482431 0.162393 0.223172
482 0.400285 0.481481 0.157407 0.221273
483 0.390313 0.478632 0.158832 0.219373
484 0.381054 0.475783 0.15812 0.218424
485 0.37037 0.471985 0.160256 0.216524
486 0.363248 0.467236 0.157407 0.215575
487 0.359687 0.467236 0.160256 0.218424
488 0.353989 0.471985 0.162393 0.222222
489 0.346154 0.470085 0.162393 0.223172
490 0.34188 0.468186 0.163105 0.224122
491 0.337607 0.469136 0.163105 0.219373
492 0.336895 0.469136 0.160256 0.220323
493 0.332621 0.469136 0.163105 0.219373
494 0.329772 0.467236 0.163818 0.220323
495 0.326211 0.462488 0.163818 0.224122
496 0.32265 0.460589 0.165242 0.218424
497 0.321937 0.454891 0.16453 0.224122
498 0.321225 0.454891 0.165242 0.224122
499 0.321225 0.449193 0.165242 0.22982
500 0.319801 0.453941 0.165954 0.225071
501 0.318376 0.45679 0.16453 0.225071
502 0.318376 0.458689 0.163818 0.224122
503 0.314815 0.465337 0.165954 0.222222
504 0.314103 0.468186 0.165242 0.221273
505 0.314103 0.471985 0.165954 0.225071
506 0.31339 0.473884 0.165954 0.230769
507 0.315527 0.478632 0.168803 0.225071
508 0.316952 0.48528 0.168091 0.226971
509 0.320513 0.491928 0.168803 0.22982
510 0.323362 0.493827 0.168803 0.22792
511 0.326211 0.499525 0.165954 0.22887
512 0.330484 0.500475 0.179487 0.22887
513 0.372507 0.498575 0.198006 0.226971
514 0.428063 0.497626 0.203704 0.230769
515 0.491453 0.510921 0.19943 0.240266
516 0.55057 0.538462 0.195869 0.246914
517 0.59188 0.556505 0.183761 0.240266
518 0.613248 0.554606 0.181624 0.240266
519 0.624644 0.563153 0.175926 0.249763
520 0.633191 0.592593 0.179487 0.247863
521 0.641738 0.595442 0.176638 0.242165
522 0.643875 0.60019 0.175926 0.238367
523 0.630342 0.614435 0.17094 0.241216
524 0.631054 0.617284 0.170228 0.236467
525 0.618946 0.615385 0.174501 0.241216
526 0.617521 0.624881 0.173077 0.238367
527 0.621083 0.626781 0.173077 0.235518
528 0.621083 0.625831 0.17094 0.234568
529 0.621795 0.62773 0.17094 0.231719
530 0.622507 0.626781 0.165954 0.22982
531 0.61396 0.624881 0.168091 0.226971
532 0.615385 0.620133 0.165954 0.22982
533 0.603989 0.618234 0.166667 0.222222
534 0.60114 0.608737 0.166667 0.226971
535 0.605413 0.610636 0.16453 0.220323
536 0.594017 0.60019 0.161681 0.217474
537 0.594017 0.59924 0.162393 0.220323
538 0.594729 0.595442 0.15812 0.216524
539 0.587607 0.590693 0.154558 0.213675
540 0.581909 0.585945 0.15812 0.215575
541 0.576211 0.587844 0.154558 0.211776
542 0.569088 0.584995 0.154558 0.210826
543 0.55698 0.587844 0.149573 0.207977
544 0.547009 0.590693 0.153846 0.205128
545 0.538462 0.589744 0.147436 0.204179
546 0.527066 0.592593 0.147436 0.202279
547 0.522792 0.591643 0.146724 0.19943
548 0.518519 0.591643 0.144587 0.194682
549 0.512108 0.590693 0.139601 0.191833
550 0.509972 0.591643 0.141026 0.188984
551 0.512821 0.585945 0.143875 0.191833
552 0.517806 0.584046 0.138177 0.194682
553 0.520655 0.577398 0.137464 0.192783
554 0.525641 0.574549 0.138177 0.189934
555 0.532764 0.575499 0.133903 0.183286
556 0.535613 0.569801 0.133191 0.184236
557 0.537749 0.569801 0.132479 0.182336
558 0.542735 0.563153 0.131054 0.182336
559 0.55057 0.565052 0.125356 0.177588
560 0.545584 0.562203 0.130342 0.178538
561 0.545584 0.559354 0.130342 0.175689
562 0.549858 0.557455 0.131766 0.174739
563 0.557692 0.560304 0.126068 0.17189
564 0.559829 0.559354 0.125356 0.169991
565 0.562678 0.564103 0.123932 0.164292
566 0.565527 0.562203 0.12037 0.167142
567 0.568376 0.563153 0.12037 0.165242
568 0.571225 0.563153 0.12037 0.161443
569 0.574074 0.565052 0.118234 0.157645
570 0.575499 0.564103 0.117521 0.156695
571 0.577635 0.566952 0.117521 0.153846
572 0.579772 0.565052 0.116097 0.152896
573 0.581909 0.565052 0.11396 0.152896
574 0.576211 0.569801 0.112536 0.157645
575 0.569088 0.575499 0.11396 0.158594
576 0.560541 0.583096 0.11396 0.155745
577 0.55057 0.588794 0.11396 0.158594
578 0.546296 0.595442 0.11396 0.155745
579 0.536325 0.59924 0.113248 0.157645
580 0.526353 0.607787 0.113248 0.153846
581 0.516382 0.610636 0.113248 0.160494
582 0.50641 0.616334 0.113248 0.156695
583 0.497151 0.621083 0.113248 0.157645
584 0.488604 0.624881 0.11396 0.159544
585 0.478632 0.630579 0.113248 0.156695
586 0.472934 0.636277 0.113248 0.154796
587 0.465812 0.640076 0.115385 0.155745
588 0.460826 0.643875 0.116097 0.158594
589 0.456553 0.650522 0.115385 0.156695
590 0.450855 0.652422 0.116809 0.160494
591 0.445157 0.65812 0.118946 0.159544
592 0.44302 0.660969 0.118946 0.164292
593 0.439459 0.665717 0.117521 0.163343
594 0.434473 0.670465 0.117521 0.161443
595 0.433048 0.674264 0.117521 0.160494
596 0.432336 0.675214 0.118234 0.161443
597 0.432336 0.675214 0.118234 0.161443
598 0.428775 0.679012 0.12037 0.162393
599 0.430199 0.680912 0.119658 0.159544
600 0.429487 0.680912 0.118234 0.160494
601 0.423077 0.682811 0.119658 0.159544
