./Vid_H_panda.avi
0 0.101278 0.134993 0.223206 0.323722
1 0.101278 0.134993 0.223206 0.323722
2 0.101278 0.134993 0.223206 0.325033
3 0.101278 0.134993 0.223206 0.325033
4 0.101278 0.134993 0.223206 0.325033
5 0.101278 0.134993 0.223206 0.325033
6 0.101278 0.134993 0.223206 0.325033
7 0.101278 0.134993 0.223206 0.325033
8 0.101278 0.134993 0.223206 0.325033
9 0.101278 0.134993 0.223206 0.325033
10 0.101278 0.134993 0.223206 0.325033
11 0.101278 0.134993 0.223206 0.325033
12 0.101278 0.134993 0.223206 0.325033
13 0.101278 0.134993 0.223206 0.325033
14 0.101278 0.134993 0.223206 0.325033
15 0.101278 0.134993 0.223206 0.325033
16 0.101278 0.134993 0.223206 0.325033
17 0.101278 0.134993 0.223206 0.325033
18 0.101278 0.134993 0.223206 0.325033
19 0.101278 0.134993 0.223206 0.325033
20 0.101278 0.134993 0.223206 0.325033
21 0.101278 0.134993 0.223206 0.325033
22 0.101278 0.134993 0.223206 0.325033
23 0.101278 0.134993 0.223206 0.325033
24 0.101278 0.134993 0.223206 0.325033
25 0.101278 0.134993 0.223206 0.325033
26 0.101278 0.134993 0.223206 0.325033
27 0.101278 0.134993 0.223206 0.325033
28 0.101278 0.134993 0.223206 0.325033
29 0.101278 0.134993 0.223206 0.325033
30 0.101278 0.134993 0.223206 0.325033
31 0.101278 0.134993 0.223206 0.325033
32 0.101278 0.134993 0.223206 0.325033
33 0.101278 0.134993 0.223206 0.325033
34 0.101278 0.134993 0.223206 0.325033
35 0.101278 0.134993 0.223206 0.325033
36 0.101278 0.134993 0.223206 0.325033
37 0.101278 0.134993 0.223206 0.325033
38 0.101278 0.134993 0.223206 0.325033
39 0.101278 0.134993 0.223206 0.325033
40 0.101278 0.134993 0.223206 0.325033
41 0.101278 0.134993 0.223206 0.325033
42 0.101278 0.134993 0.223206 0.325033
43 0.101278 0.134993 0.223206 0.325033
44 0.101278 0.134993 0.223206 0.325033
45 0.101278 0.134993 0.223206 0.325033
46 0.101278 0.134993 0.223206 0.325033
47 0.101278 0.134993 0.223206 0.325033
48 0.101278 0.134993 0.223206 0.325033
49 0.101278 0.134993 0.223206 0.325033
50 0.101278 0.134993 0.223206 0.325033
51 0.101278 0.134993 0.223206 0.325033
52 0.101278 0.134993 0.223206 0.325033
53 0.101278 0.134993 0.223206 0.325033
54 0.101278 0.134993 0.223206 0.325033
55 0.101278 0.134993 0.223206 0.325033
56 0.101278 0.134993 0.223206 0.325033
57 0.101278 0.134993 0.223206 0.325033
58 0.101278 0.134993 0.223206 0.325033
59 0.101278 0.134993 0.223206 0.325033
60 0.101278 0.134993 0.223206 0.325033
61 0.101278 0.134993 0.223206 0.325033
62 0.101278 0.134993 0.223206 0.325033
63 0.101278 0.134993 0.223206 0.325033
64 0.101278 0.134993 0.223206 0.325033
65 0.101278 0.134993 0.223206 0.325033
66 0.101278 0.134993 0.223206 0.325033
67 0.101278 0.134993 0.223206 0.325033
68 0.101278 0.134993 0.223206 0.325033
69 0.101278 0.134993 0.223206 0.325033
70 0.101278 0.134993 0.223206 0.325033
71 0.101278 0.134993 0.223206 0.325033
72 0.101278 0.134993 0.223206 0.325033
73 0.101278 0.134993 0.223206 0.325033
74 0.101278 0.134993 0.223206 0.325033
75 0.101278 0.134993 0.223206 0.325033
76 0.101278 0.134993 0.223206 0.325033
77 0.101278 0.134993 0.223206 0.325033
78 0.101278 0.134993 0.223206 0.325033
79 0.101278 0.134993 0.223206 0.325033
80 0.101278 0.134993 0.223206 0.325033
81 0.101278 0.134993 0.223206 0.325033
82 0.101278 0.134993 0.223206 0.325033
83 0.101278 0.134993 0.223206 0.325033
84 0.101278 0.134993 0.223206 0.325033
85 0.101278 0.134993 0.223206 0.325033
86 0.101278 0.134993 0.223206 0.325033
87 0.101278 0.134993 0.223206 0.325033
88 0.101278 0.134993 0.223206 0.325033
89 0.101278 0.134993 0.223206 0.325033
90 0.101278 0.134993 0.223206 0.325033
91 0.101278 0.134993 0.223206 0.325033
92 0.101278 0.134993 0.223206 0.325033
93 0.101278 0.134993 0.223206 0.325033
94 0.101278 0.134993 0.223206 0.325033
95 0.101278 0.134993 0.223206 0.325033
96 0.101278 0.134993 0.223206 0.325033
97 0.101278 0.134993 0.223206 0.325033
98 0.101278 0.134993 0.223206 0.325033
99 0.101278 0.134993 0.223206 0.325033
100 0.101278 0.134993 0.223206 0.325033
101 0.101278 0.134993 0.223206 0.325033
102 0.101278 0.134993 0.223206 0.325033
103 0.101278 0.134993 0.223206 0.325033
104 0.101278 0.134993 0.223206 0.325033
105 0.101278 0.134993 0.223206 0.325033
106 0.101278 0.134993 0.223206 0.325033
107 0.101278 0.134993 0.223206 0.325033
108 0.101278 0.134993 0.223206 0.325033
109 0.101278 0.134993 0.223206 0.325033
110 0.101278 0.134993 0.223206 0.325033
111 0.101278 0.134993 0.223206 0.325033
112 0.101278 0.134993 0.223206 0.325033
113 0.101278 0.134993 0.223206 0.325033
114 0.101278 0.134993 0.223206 0.325033
115 0.101278 0.134993 0.223206 0.325033
116 0.101278 0.134993 0.223206 0.325033
117 0.101278 0.134993 0.223206 0.325033
118 0.101278 0.134993 0.223206 0.325033
119 0.101278 0.134993 0.223206 0.325033
120 0.101278 0.134993 0.223206 0.325033
121 0.101278 0.134993 0.223206 0.325033
122 0.101278 0.134993 0.223206 0.325033
123 0.101278 0.134993 0.223206 0.325033
124 0.101278 0.134993 0.223206 0.325033
125 0.101278 0.134993 0.223206 0.325033
126 0.101278 0.134993 0.223206 0.325033
127 0.101278 0.134993 0.223206 0.325033
128 0.101278 0.134993 0.223206 0.325033
129 0.101278 0.134993 0.223206 0.325033
130 0.101278 0.134993 0.223206 0.325033
131 0.101278 0.134993 0.223206 0.325033
132 0.101278 0.134993 0.223206 0.325033
133 0.101278 0.134993 0.223206 0.325033
134 0.101278 0.134993 0.223206 0.325033
135 0.101278 0.134993 0.223206 0.325033
136 0.101278 0.134993 0.223206 0.325033
137 0.101278 0.134993 0.223206 0.325033
138 0.101278 0.134993 0.223206 0.325033
139 0.101278 0.134993 0.223206 0.325033
140 0.101278 0.134993 0.223206 0.325033
141 0.101278 0.134993 0.223206 0.325033
142 0.101278 0.134993 0.223206 0.325033
143 0.101278 0.134993 0.223206 0.325033
144 0.101278 0.134993 0.223206 0.325033
145 0.101278 0.134993 0.223206 0.325033
146 0.101278 0.134993 0.223206 0.325033
147 0.101278 0.134993 0.223206 0.325033
148 0.101278 0.134993 0.223206 0.325033
149 0.101278 0.134993 0.223206 0.325033
150 0.101278 0.134993 0.223206 0.325033
151 0.101278 0.134993 0.223206 0.325033
152 0.101278 0.134993 0.223206 0.325033
153 0.101278 0.134993 0.223206 0.325033
154 0.101278 0.134993 0.223206 0.325033
155 0.101278 0.134993 0.223206 0.325033
156 0.101278 0.134993 0.223206 0.325033
157 0.101278 0.134993 0.223206 0.325033
158 0.101278 0.134993 0.223206 0.325033
159 0.101278 0.134993 0.223206 0.325033
160 0.101278 0.134993 0.223206 0.325033
161 0.101278 0.134993 0.223206 0.325033
162 0.101278 0.134993 0.223206 0.325033
163 0.101278 0.134993 0.223206 0.325033
164 0.101278 0.134993 0.223206 0.325033
165 0.101278 0.134993 0.223206 0.325033
166 0.101278 0.134993 0.223206 0.325033
167 0.101278 0.134993 0.223206 0.325033
168 0.101278 0.134993 0.223206 0.325033
169 0.101278 0.134993 0.223206 0.325033
170 0.101278 0.134993 0.223206 0.325033
171 0.101278 0.134993 0.223206 0.325033
172 0.101278 0.134993 0.223206 0.325033
173 0.101278 0.134993 0.223206 0.325033
174 0.101278 0.134993 0.223206 0.325033
175 0.101278 0.134993 0.223206 0.325033
176 0.101278 0.134993 0.223206 0.325033
177 0.101278 0.134993 0.223206 0.325033
178 0.101278 0.134993 0.223206 0.325033
179 0.101278 0.134993 0.223206 0.325033
180 0.101278 0.134993 0.223206 0.325033
181 0.101278 0.134993 0.223206 0.325033
182 0.101278 0.134993 0.223206 0.325033
183 0.101278 0.134993 0.223206 0.325033
184 0.101278 0.134993 0.223206 0.325033
185 0.101278 0.134993 0.223206 0.325033
186 0.101278 0.134993 0.223206 0.325033
187 0.101278 0.134993 0.223206 0.325033
188 0.101278 0.134993 0.223206 0.325033
189 0.101278 0.134993 0.223206 0.325033
190 0.101278 0.134993 0.223206 0.325033
191 0.101278 0.134993 0.223206 0.325033
192 0.101278 0.134993 0.223206 0.325033
193 0.101278 0.134993 0.223206 0.325033
194 0.101278 0.134993 0.223206 0.325033
195 0.101278 0.134993 0.223206 0.325033
196 0.101278 0.134993 0.223206 0.325033
197 0.101278 0.134993 0.223206 0.325033
198 0.101278 0.134993 0.223206 0.325033
199 0.101278 0.134993 0.223206 0.325033
200 0.101278 0.134993 0.223206 0.325033
201 0.101278 0.134993 0.223206 0.325033
202 0.101278 0.134993 0.223206 0.325033
203 0.101278 0.134993 0.223206 0.325033
204 0.101278 0.134993 0.223206 0.325033
205 0.101278 0.134993 0.223206 0.325033
206 0.101278 0.134993 0.223206 0.325033
207 0.101278 0.134993 0.223206 0.325033
208 0.101278 0.134993 0.223206 0.325033
209 0.101278 0.134993 0.223206 0.325033
210 0.101278 0.134993 0.223206 0.325033
211 0.101278 0.134993 0.223206 0.325033
212 0.101278 0.134993 0.223206 0.325033
213 0.101278 0.134993 0.223206 0.325033
214 0.101278 0.134993 0.223206 0.325033
215 0.101278 0.134993 0.223206 0.325033
216 0.101278 0.134993 0.223206 0.325033
217 0.101278 0.134993 0.223206 0.325033
218 0.101278 0.134993 0.223206 0.325033
219 0.101278 0.134993 0.223206 0.325033
220 0.101278 0.134993 0.223206 0.325033
221 0.101278 0.134993 0.223206 0.325033
222 0.101278 0.134993 0.223206 0.325033
223 0.101278 0.134993 0.223206 0.325033
224 0.101278 0.134993 0.223206 0.325033
225 0.101278 0.134993 0.223206 0.325033
226 0.101278 0.134993 0.223206 0.325033
227 0.101278 0.134993 0.223206 0.325033
228 0.101278 0.134993 0.223206 0.325033
229 0.101278 0.134993 0.223206 0.325033
230 0.101278 0.134993 0.223206 0.325033
231 0.101278 0.134993 0.223206 0.325033
232 0.101278 0.134993 0.223206 0.325033
233 0.101278 0.134993 0.223206 0.325033
234 0.101278 0.134993 0.223206 0.325033
235 0.101278 0.134993 0.223206 0.325033
236 0.101278 0.134993 0.223206 0.325033
237 0.101278 0.134993 0.223206 0.325033
238 0.101278 0.134993 0.223206 0.325033
239 0.101278 0.134993 0.223206 0.325033
240 0.101278 0.134993 0.223206 0.325033
241 0.101278 0.134993 0.223206 0.325033
242 0.101278 0.134993 0.223206 0.325033
243 0.101278 0.134993 0.223206 0.325033
244 0.101278 0.134993 0.223206 0.325033
245 0.101278 0.134993 0.223206 0.325033
246 0.101278 0.134993 0.223206 0.325033
247 0.101278 0.134993 0.223206 0.325033
248 0.101278 0.134993 0.223206 0.325033
249 0.101278 0.134993 0.223206 0.325033
250 0.101278 0.134993 0.223206 0.325033
251 0.101278 0.134993 0.223206 0.325033
252 0.101278 0.134993 0.223206 0.325033
253 0.101278 0.134993 0.223206 0.325033
254 0.101278 0.134993 0.223206 0.325033
255 0.101278 0.134993 0.223206 0.325033
256 0.101278 0.134993 0.223206 0.325033
257 0.101278 0.134993 0.223206 0.325033
258 0.101278 0.134993 0.223206 0.325033
259 0.101278 0.134993 0.223206 0.325033
260 0.101278 0.134993 0.223206 0.325033
261 0.101278 0.134993 0.223206 0.325033
262 0.101278 0.134993 0.223206 0.325033
263 0.101278 0.134993 0.223206 0.325033
264 0.101278 0.134993 0.223206 0.325033
265 0.101278 0.134993 0.223206 0.325033
266 0.101278 0.134993 0.223206 0.325033
267 0.101278 0.134993 0.223206 0.325033
268 0.101278 0.134993 0.223206 0.325033
269 0.101278 0.134993 0.223206 0.325033
270 0.101278 0.134993 0.223206 0.325033
271 0.101278 0.134993 0.223206 0.325033
272 0.101278 0.134993 0.223206 0.325033
273 0.101278 0.134993 0.223206 0.325033
274 0.101278 0.134993 0.223206 0.325033
275 0.101278 0.134993 0.223206 0.325033
276 0.101278 0.134993 0.223206 0.325033
277 0.101278 0.134993 0.223206 0.325033
278 0.101278 0.134993 0.223206 0.325033
279 0.101278 0.134993 0.223206 0.325033
280 0.101278 0.134993 0.223206 0.325033
281 0.101278 0.134993 0.223206 0.325033
282 0.101278 0.134993 0.223206 0.325033
283 0.101278 0.134993 0.223206 0.325033
284 0.101278 0.134993 0.223206 0.325033
285 0.101278 0.134993 0.223206 0.325033
286 0.101278 0.134993 0.223206 0.325033
287 0.101278 0.134993 0.223206 0.325033
288 0.101278 0.134993 0.223206 0.325033
289 0.101278 0.134993 0.223206 0.325033
290 0.101278 0.134993 0.223206 0.325033
291 0.101278 0.134993 0.223206 0.325033
292 0.101278 0.134993 0.223206 0.325033
293 0.101278 0.134993 0.223206 0.325033
294 0.101278 0.134993 0.223206 0.325033
295 0.101278 0.134993 0.223206 0.325033
296 0.101278 0.134993 0.223206 0.325033
297 0.101278 0.134993 0.223206 0.325033
298 0.101278 0.134993 0.223206 0.325033
299 0.101278 0.134993 0.223206 0.325033
300 0.101278 0.134993 0.223206 0.325033
301 0.101278 0.134993 0.223206 0.325033
302 0.101278 0.134993 0.223206 0.325033
303 0.101278 0.134993 0.223206 0.325033
304 0.101278 0.134993 0.223206 0.325033
305 0.101278 0.134993 0.223206 0.325033
306 0.101278 0.134993 0.223206 0.325033
307 0.101278 0.134993 0.223206 0.325033
308 0.101278 0.134993 0.223206 0.325033
309 0.101278 0.134993 0.223206 0.325033
310 0.101278 0.134993 0.223206 0.325033
311 0.101278 0.134993 0.223206 0.325033
312 0.101278 0.134993 0.223206 0.325033
313 0.101278 0.134993 0.223206 0.325033
314 0.101278 0.134993 0.223206 0.325033
315 0.101278 0.134993 0.223206 0.325033
316 0.101278 0.134993 0.223206 0.325033
317 0.101278 0.134993 0.223206 0.325033
318 0.101278 0.134993 0.223206 0.325033
319 0.101278 0.134993 0.223206 0.325033
320 0.101278 0.134993 0.223206 0.325033
321 0.101278 0.134993 0.223206 0.325033
322 0.101278 0.134993 0.223206 0.325033
323 0.101278 0.134993 0.223206 0.325033
324 0.101278 0.134993 0.223206 0.325033
325 0.101278 0.134993 0.223206 0.325033
326 0.101278 0.134993 0.223206 0.325033
327 0.101278 0.134993 0.223206 0.325033
328 0.101278 0.134993 0.223206 0.325033
329 0.101278 0.134993 0.223206 0.325033
330 0.101278 0.134993 0.223206 0.325033
331 0.101278 0.134993 0.223206 0.325033
332 0.101278 0.134993 0.223206 0.325033
333 0.101278 0.134993 0.223206 0.325033
334 0.101278 0.134993 0.223206 0.325033
335 0.101278 0.134993 0.223206 0.325033
336 0.101278 0.134993 0.223206 0.325033
337 0.101278 0.134993 0.223206 0.325033
338 0.101278 0.134993 0.223206 0.325033
339 0.101278 0.134993 0.223206 0.325033
340 0.101278 0.134993 0.223206 0.325033
341 0.101278 0.134993 0.223206 0.325033
342 0.101278 0.134993 0.223206 0.325033
343 0.101278 0.134993 0.223206 0.325033
344 0.101278 0.134993 0.223206 0.325033
345 0.101278 0.134993 0.223206 0.325033
346 0.101278 0.134993 0.223206 0.325033
347 0.101278 0.134993 0.223206 0.325033
348 0.101278 0.134993 0.223206 0.325033
349 0.101278 0.134993 0.223206 0.325033
350 0.101278 0.134993 0.223206 0.325033
351 0.101278 0.134993 0.223206 0.325033
352 0.101278 0.134993 0.223206 0.325033
353 0.101278 0.134993 0.223206 0.325033
354 0.101278 0.134993 0.223206 0.325033
355 0.101278 0.134993 0.223206 0.325033
356 0.101278 0.134993 0.223206 0.325033
357 0.101278 0.134993 0.223206 0.325033
358 0.101278 0.134993 0.223206 0.325033
359 0.101278 0.134993 0.223206 0.325033
360 0.101278 0.134993 0.223206 0.325033
361 0.101278 0.134993 0.223206 0.325033
362 0.101278 0.134993 0.223206 0.325033
363 0.101278 0.134993 0.223206 0.325033
364 0.101278 0.134993 0.223206 0.325033
365 0.101278 0.134993 0.223206 0.325033
366 0.101278 0.134993 0.223206 0.325033
367 0.101278 0.134993 0.223206 0.325033
368 0.101278 0.134993 0.223206 0.325033
369 0.101278 0.134993 0.223206 0.325033
370 0.101278 0.134993 0.223206 0.325033
371 0.101278 0.134993 0.223206 0.325033
372 0.101278 0.134993 0.223206 0.325033
373 0.101278 0.134993 0.223206 0.325033
374 0.101278 0.134993 0.223206 0.325033
375 0.101278 0.134993 0.223206 0.325033
376 0.101278 0.134993 0.223206 0.325033
377 0.101278 0.134993 0.223206 0.325033
378 0.101278 0.134993 0.223206 0.325033
379 0.101278 0.134993 0.223206 0.325033
380 0.101278 0.134993 0.223206 0.325033
381 0.101278 0.134993 0.223206 0.325033
382 0.101278 0.134993 0.223206 0.325033
383 0.101278 0.134993 0.223206 0.325033
384 0.101278 0.134993 0.223206 0.325033
385 0.101278 0.134993 0.223206 0.325033
386 0.101278 0.134993 0.223206 0.325033
387 0.101278 0.134993 0.223206 0.325033
388 0.101278 0.134993 0.223206 0.325033
389 0.101278 0.134993 0.223206 0.325033
390 0.101278 0.134993 0.223206 0.325033
391 0.101278 0.134993 0.223206 0.325033
392 0.101278 0.134993 0.223206 0.325033
393 0.101278 0.134993 0.223206 0.325033
394 0.101278 0.134993 0.223206 0.325033
395 0.101278 0.134993 0.223206 0.325033
396 0.101278 0.134993 0.223206 0.325033
397 0.101278 0.134993 0.223206 0.325033
398 0.101278 0.134993 0.223206 0.325033
399 0.101278 0.134993 0.223206 0.325033
400 0.101278 0.134993 0.223206 0.325033
401 0.101278 0.134993 0.223206 0.325033
402 0.101278 0.134993 0.223206 0.325033
403 0.101278 0.134993 0.223206 0.325033
404 0.101278 0.134993 0.223206 0.325033
405 0.101278 0.134993 0.223206 0.325033
406 0.101278 0.134993 0.223206 0.325033
407 0.101278 0.134993 0.223206 0.325033
408 0.101278 0.134993 0.223206 0.325033
409 0.101278 0.134993 0.223206 0.325033
410 0.101278 0.134993 0.223206 0.325033
411 0.101278 0.134993 0.223206 0.325033
