./Vid_D_person.avi
0 0.431753 0.240421 0.126437 0.543103
1 0.432471 0.240421 0.125 0.543103
2 0.433908 0.240421 0.123563 0.543103
3 0.433908 0.240421 0.123563 0.543103
4 0.433908 0.240421 0.123563 0.543103
5 0.433908 0.240421 0.123563 0.543103
6 0.433908 0.240421 0.123563 0.545977
7 0.433908 0.240421 0.122845 0.545977
8 0.432471 0.240421 0.123563 0.545977
9 0.432471 0.240421 0.12069 0.545977
10 0.428879 0.240421 0.124282 0.545977
11 0.428879 0.240421 0.124282 0.545977
12 0.428879 0.240421 0.122126 0.545977
13 0.426006 0.240421 0.125 0.545977
14 0.426724 0.240421 0.124282 0.545977
15 0.424569 0.240421 0.125 0.545977
16 0.423851 0.240421 0.124282 0.545019
17 0.421695 0.240421 0.125 0.545019
18 0.421695 0.240421 0.121408 0.544061
19 0.418822 0.240421 0.124282 0.543103
20 0.418822 0.240421 0.122845 0.543103
21 0.416667 0.240421 0.124282 0.544061
22 0.416667 0.240421 0.124282 0.544061
23 0.416667 0.240421 0.123563 0.544061
24 0.413793 0.240421 0.125 0.547893
25 0.413793 0.240421 0.125 0.547893
26 0.413793 0.243295 0.125 0.545019
27 0.413793 0.243295 0.121408 0.545019
28 0.413793 0.243295 0.121408 0.545019
29 0.413793 0.243295 0.121408 0.545019
30 0.413793 0.243295 0.122845 0.545019
31 0.413793 0.243295 0.125 0.545019
32 0.413793 0.243295 0.125 0.545019
33 0.413793 0.243295 0.125 0.545019
34 0.413793 0.249042 0.125 0.539272
35 0.413793 0.249042 0.125 0.539272
36 0.413793 0.249042 0.125 0.539272
37 0.413793 0.249042 0.125 0.539272
38 0.413793 0.249042 0.122845 0.541188
39 0.413793 0.249042 0.122845 0.541188
40 0.413793 0.249042 0.122845 0.541188
41 0.413793 0.249042 0.122845 0.541188
42 0.413793 0.249042 0.122845 0.541188
43 0.413793 0.249042 0.121408 0.541188
44 0.413793 0.249042 0.121408 0.543103
45 0.413793 0.249042 0.121408 0.543103
46 0.413793 0.249042 0.121408 0.543103
47 0.413793 0.249042 0.121408 0.543103
48 0.413793 0.249042 0.121408 0.543103
49 0.413793 0.249042 0.121408 0.543103
50 0.413793 0.249042 0.123563 0.541188
51 0.413793 0.249042 0.124282 0.541188
52 0.415948 0.249042 0.122126 0.541188
53 0.415948 0.249042 0.122126 0.543103
54 0.415948 0.249042 0.122126 0.543103
55 0.416667 0.249042 0.123563 0.543103
56 0.417385 0.249042 0.122845 0.543103
57 0.417385 0.249042 0.124282 0.543103
58 0.418103 0.249042 0.123563 0.543103
59 0.418103 0.249042 0.123563 0.543103
60 0.418103 0.249042 0.122126 0.543103
61 0.416667 0.249042 0.123563 0.543103
62 0.415948 0.249042 0.124282 0.543103
63 0.415948 0.249042 0.12069 0.543103
64 0.416667 0.249042 0.119971 0.543103
65 0.413793 0.249042 0.12069 0.543103
66 0.413793 0.249042 0.119253 0.543103
67 0.410201 0.249042 0.12069 0.543103
68 0.410201 0.249042 0.118534 0.542146
69 0.407328 0.249042 0.121408 0.542146
70 0.406609 0.244253 0.121408 0.545977
71 0.403017 0.244253 0.125 0.545977
72 0.403017 0.244253 0.125 0.545977
73 0.404454 0.244253 0.123563 0.545977
74 0.40158 0.244253 0.126437 0.545977
75 0.40158 0.244253 0.126437 0.545977
76 0.40158 0.244253 0.126437 0.545977
77 0.40158 0.244253 0.122845 0.545977
78 0.40158 0.244253 0.121408 0.545977
79 0.40158 0.244253 0.123563 0.545977
80 0.403017 0.244253 0.122845 0.545977
81 0.403017 0.244253 0.126437 0.545977
82 0.403017 0.244253 0.126437 0.545977
83 0.405172 0.244253 0.125 0.545977
84 0.407328 0.244253 0.125718 0.547893
85 0.408046 0.244253 0.124282 0.547893
86 0.408046 0.242337 0.126437 0.548851
87 0.408046 0.242337 0.126437 0.548851
88 0.413075 0.242337 0.121408 0.548851
89 0.413075 0.242337 0.125 0.548851
90 0.41523 0.242337 0.122845 0.548851
91 0.41523 0.242337 0.125718 0.548851
92 0.418103 0.242337 0.124282 0.547893
93 0.418822 0.242337 0.125718 0.547893
94 0.422414 0.242337 0.122126 0.547893
95 0.422414 0.242337 0.125 0.547893
96 0.423132 0.242337 0.124282 0.547893
97 0.423132 0.242337 0.124282 0.547893
98 0.423132 0.242337 0.125 0.547893
99 0.426006 0.242337 0.121408 0.547893
100 0.426006 0.242337 0.121408 0.547893
101 0.426006 0.242337 0.121408 0.547893
102 0.426006 0.25 0.121408 0.54023
103 0.426006 0.25 0.122126 0.539272
104 0.426006 0.25 0.122126 0.539272
105 0.426006 0.247126 0.122126 0.542146
106 0.426006 0.247126 0.118534 0.542146
107 0.426006 0.247126 0.118534 0.542146
108 0.426006 0.247126 0.118534 0.542146
109 0.426006 0.247126 0.115661 0.542146
110 0.426006 0.247126 0.112069 0.542146
111 0.422414 0.247126 0.112069 0.542146
112 0.422414 0.247126 0.112069 0.542146
113 0.421695 0.244253 0.109914 0.545019
114 0.41954 0.244253 0.112069 0.545019
115 0.417385 0.244253 0.114224 0.545019
116 0.417385 0.244253 0.112069 0.545019
117 0.413793 0.244253 0.114943 0.545019
118 0.413793 0.242337 0.112069 0.546935
119 0.413793 0.242337 0.111351 0.546935
120 0.41092 0.241379 0.112069 0.547893
121 0.41092 0.241379 0.112069 0.547893
122 0.41092 0.241379 0.108477 0.547893
123 0.41092 0.241379 0.108477 0.547893
124 0.41092 0.241379 0.108477 0.547893
125 0.412356 0.241379 0.10704 0.547893
126 0.412356 0.241379 0.106322 0.547893
127 0.412356 0.241379 0.106322 0.547893
128 0.41523 0.241379 0.103448 0.547893
129 0.41523 0.241379 0.103448 0.548851
130 0.41523 0.238506 0.103448 0.551724
131 0.418822 0.238506 0.101293 0.55364
132 0.418822 0.238506 0.102011 0.55364
133 0.418822 0.238506 0.102011 0.55364
134 0.422414 0.238506 0.0977012 0.55364
135 0.422414 0.238506 0.0977012 0.55364
136 0.425287 0.238506 0.0941092 0.55364
137 0.425287 0.238506 0.0941092 0.55364
138 0.425287 0.238506 0.0941092 0.55364
139 0.425287 0.238506 0.0933908 0.55364
140 0.425287 0.238506 0.0933908 0.55364
141 0.425287 0.238506 0.0933908 0.55364
142 0.428161 0.238506 0.0905173 0.55364
143 0.428161 0.238506 0.0912356 0.55364
144 0.428161 0.238506 0.0933908 0.55364
145 0.431753 0.238506 0.0897989 0.55364
146 0.431753 0.238506 0.0897989 0.55364
147 0.431753 0.238506 0.0897989 0.55364
148 0.431753 0.238506 0.0905173 0.55364
149 0.43319 0.238506 0.0890805 0.55364
150 0.43319 0.238506 0.091954 0.55364
151 0.43319 0.238506 0.091954 0.55364
152 0.43319 0.238506 0.091954 0.55364
153 0.43319 0.238506 0.091954 0.55364
154 0.436063 0.232759 0.0912356 0.559387
155 0.436063 0.232759 0.0926724 0.559387
156 0.436063 0.232759 0.0926724 0.559387
157 0.436063 0.232759 0.0933908 0.559387
158 0.436063 0.232759 0.0955459 0.559387
159 0.436063 0.23659 0.0955459 0.555556
160 0.436063 0.23659 0.0955459 0.555556
161 0.436063 0.23659 0.0955459 0.555556
162 0.436063 0.23659 0.0955459 0.555556
163 0.436063 0.23659 0.0933908 0.555556
164 0.43319 0.23659 0.0962644 0.555556
165 0.429598 0.23659 0.0998563 0.555556
166 0.428161 0.23659 0.0998563 0.555556
167 0.426006 0.23659 0.102011 0.555556
168 0.424569 0.23659 0.0998563 0.555556
169 0.424569 0.23659 0.0998563 0.555556
170 0.423132 0.23659 0.102012 0.555556
171 0.423132 0.23659 0.102012 0.555556
172 0.423132 0.237548 0.100575 0.554598
173 0.423132 0.237548 0.0977011 0.554598
174 0.423132 0.237548 0.0948276 0.554598
175 0.423132 0.237548 0.0933908 0.554598
176 0.423132 0.237548 0.0905172 0.554598
177 0.422414 0.237548 0.0926724 0.559387
178 0.422414 0.237548 0.0905173 0.559387
179 0.422414 0.237548 0.0905173 0.559387
180 0.425287 0.237548 0.088362 0.559387
181 0.423132 0.238506 0.0905172 0.558429
182 0.423132 0.238506 0.0905172 0.558429
183 0.423132 0.238506 0.0905172 0.558429
184 0.423132 0.238506 0.0905172 0.558429
185 0.423132 0.238506 0.0905172 0.558429
186 0.423132 0.238506 0.0905172 0.558429
187 0.423132 0.241379 0.0905172 0.555556
188 0.423132 0.241379 0.0869253 0.555556
189 0.428879 0.241379 0.0811781 0.554598
190 0.428879 0.241379 0.0811781 0.554598
191 0.428879 0.241379 0.0811781 0.554598
192 0.428879 0.241379 0.0811781 0.555556
193 0.428879 0.241379 0.079023 0.555556
194 0.426724 0.241379 0.0811782 0.555556
195 0.426724 0.241379 0.0833333 0.555556
196 0.426724 0.241379 0.0833333 0.555556
197 0.426724 0.241379 0.0833333 0.550766
198 0.426724 0.241379 0.0833333 0.550766
199 0.426724 0.241379 0.0833333 0.550766
200 0.426724 0.241379 0.0833333 0.551724
201 0.426724 0.241379 0.0833333 0.55364
202 0.426724 0.241379 0.0833333 0.55364
203 0.423851 0.241379 0.0862069 0.55364
204 0.423851 0.241379 0.0862069 0.55364
205 0.422414 0.241379 0.0876437 0.55364
206 0.422414 0.241379 0.0876437 0.55364
207 0.41954 0.241379 0.0912356 0.55364
208 0.41954 0.241379 0.0912356 0.55364
209 0.41954 0.241379 0.0912356 0.55364
210 0.41954 0.241379 0.0941092 0.55364
211 0.41954 0.241379 0.0941092 0.55364
212 0.41954 0.241379 0.0933908 0.55364
213 0.421695 0.241379 0.0941092 0.55364
214 0.421695 0.241379 0.0933908 0.55364
215 0.421695 0.241379 0.0955459 0.55364
216 0.421695 0.241379 0.0977011 0.55364
217 0.421695 0.241379 0.0977011 0.55364
218 0.421695 0.241379 0.0977011 0.55364
219 0.423851 0.241379 0.095546 0.55364
220 0.423851 0.241379 0.095546 0.55364
221 0.420259 0.241379 0.10273 0.555556
222 0.420259 0.241379 0.10273 0.555556
223 0.420259 0.241379 0.10273 0.555556
224 0.420259 0.241379 0.10273 0.555556
225 0.420259 0.247126 0.104167 0.55364
226 0.420259 0.247126 0.104167 0.55364
227 0.420259 0.247126 0.104167 0.55364
228 0.416667 0.247126 0.108477 0.555556
229 0.416667 0.247126 0.108477 0.554598
230 0.416667 0.247126 0.108477 0.554598
231 0.416667 0.247126 0.113506 0.554598
232 0.416667 0.250958 0.113506 0.55364
233 0.416667 0.250958 0.113506 0.55364
234 0.416667 0.250958 0.113506 0.55364
235 0.416667 0.252874 0.114224 0.551724
236 0.418103 0.252874 0.113506 0.551724
237 0.418103 0.252874 0.114224 0.552682
238 0.41954 0.252874 0.114943 0.552682
239 0.41954 0.254789 0.114943 0.550766
240 0.421695 0.254789 0.113506 0.550766
241 0.421695 0.258621 0.113506 0.548851
242 0.421695 0.258621 0.116379 0.548851
243 0.425287 0.258621 0.112787 0.548851
244 0.425287 0.258621 0.112787 0.548851
245 0.428161 0.258621 0.112787 0.548851
246 0.428161 0.258621 0.112787 0.548851
247 0.428161 0.258621 0.112787 0.548851
248 0.428161 0.258621 0.114224 0.548851
249 0.428161 0.258621 0.115661 0.548851
250 0.428879 0.258621 0.114942 0.548851
251 0.431034 0.258621 0.112787 0.548851
252 0.426006 0.257663 0.117816 0.547893
253 0.428161 0.257663 0.115661 0.547893
254 0.425287 0.257663 0.118534 0.547893
255 0.422414 0.257663 0.121408 0.547893
256 0.423132 0.257663 0.12069 0.547893
257 0.421695 0.257663 0.122126 0.547893
258 0.418103 0.257663 0.122845 0.547893
259 0.417385 0.257663 0.122845 0.547893
260 0.414512 0.257663 0.125718 0.547893
261 0.414512 0.257663 0.124282 0.547893
262 0.410201 0.257663 0.125 0.547893
263 0.408046 0.257663 0.127155 0.547893
264 0.406609 0.257663 0.126437 0.547893
265 0.404454 0.257663 0.126437 0.545977
266 0.400144 0.257663 0.130029 0.545977
267 0.400144 0.257663 0.130029 0.545977
268 0.400144 0.257663 0.126437 0.545977
269 0.39727 0.257663 0.12931 0.546935
270 0.395115 0.257663 0.130029 0.546935
271 0.39296 0.257663 0.12931 0.544061
272 0.39296 0.257663 0.12931 0.544061
273 0.39296 0.257663 0.130029 0.544061
274 0.39296 0.257663 0.130747 0.544061
275 0.393678 0.257663 0.131466 0.544061
276 0.395115 0.254789 0.130029 0.546935
277 0.395115 0.254789 0.130029 0.543103
278 0.395115 0.250958 0.130747 0.546935
279 0.395115 0.250958 0.131466 0.546935
280 0.395833 0.250958 0.130747 0.546935
281 0.398707 0.250958 0.128592 0.546935
282 0.39727 0.250958 0.131466 0.545977
283 0.40158 0.250958 0.127155 0.545977
284 0.40158 0.250958 0.127155 0.545977
285 0.400144 0.250958 0.12931 0.545977
286 0.40158 0.250958 0.127874 0.545977
287 0.403017 0.250958 0.128592 0.549808
288 0.404454 0.250958 0.128592 0.549808
289 0.405172 0.250958 0.128592 0.549808
290 0.406609 0.250958 0.128592 0.549808
291 0.410201 0.25 0.125 0.550766
292 0.413793 0.25 0.124282 0.550766
293 0.413793 0.25 0.124282 0.550766
294 0.416667 0.25 0.124282 0.550766
295 0.417385 0.25 0.126437 0.550766
296 0.418103 0.25 0.127155 0.550766
297 0.420977 0.25 0.127155 0.550766
298 0.423132 0.253831 0.127155 0.546935
299 0.423132 0.253831 0.130747 0.544061
300 0.425287 0.253831 0.128592 0.544061
301 0.425287 0.253831 0.132902 0.544061
302 0.428161 0.253831 0.130029 0.544061
303 0.428161 0.253831 0.130029 0.544061
304 0.428161 0.253831 0.130029 0.544061
305 0.428161 0.253831 0.127874 0.544061
306 0.431753 0.253831 0.124282 0.544061
307 0.431753 0.253831 0.122845 0.544061
308 0.431753 0.253831 0.119971 0.544061
309 0.435345 0.253831 0.116379 0.544061
310 0.435345 0.253831 0.114943 0.544061
311 0.434626 0.253831 0.114224 0.544061
312 0.435345 0.253831 0.109195 0.543103
313 0.435345 0.253831 0.109195 0.543103
314 0.435345 0.253831 0.109195 0.543103
315 0.435345 0.253831 0.109195 0.543103
316 0.435345 0.253831 0.10704 0.543103
317 0.435345 0.253831 0.10704 0.543103
318 0.435345 0.253831 0.103448 0.543103
319 0.435345 0.253831 0.103448 0.543103
320 0.435345 0.253831 0.099138 0.543103
321 0.435345 0.253831 0.0977011 0.542146
322 0.434626 0.253831 0.0977012 0.542146
323 0.434626 0.25 0.0977012 0.545977
324 0.434626 0.25 0.0926724 0.545977
325 0.433908 0.25 0.0919541 0.545977
326 0.432471 0.25 0.0933908 0.545977
327 0.432471 0.25 0.0926724 0.545977
328 0.431753 0.25 0.0984195 0.545977
329 0.431753 0.25 0.0998563 0.545977
330 0.431753 0.25 0.10273 0.545977
331 0.428161 0.25 0.106322 0.545977
332 0.428161 0.25 0.106322 0.545977
333 0.428161 0.247126 0.103448 0.548851
334 0.428161 0.247126 0.099138 0.548851
335 0.428161 0.247126 0.0969828 0.545019
336 0.428879 0.247126 0.0933908 0.545019
337 0.428879 0.247126 0.0912356 0.545977
338 0.428879 0.247126 0.0840517 0.545977
339 0.426006 0.247126 0.0869253 0.545977
340 0.426006 0.247126 0.0840517 0.545977
341 0.426006 0.247126 0.0840517 0.545977
342 0.426006 0.247126 0.0840517 0.545977
343 0.426006 0.247126 0.0840517 0.545977
344 0.426006 0.247126 0.0840517 0.545977
345 0.426006 0.247126 0.0840517 0.545977
346 0.426006 0.247126 0.0862069 0.545977
347 0.426006 0.247126 0.0876437 0.545977
348 0.426006 0.247126 0.0890805 0.545977
349 0.426006 0.247126 0.0933908 0.545977
350 0.426006 0.247126 0.0933908 0.545977
351 0.426006 0.247126 0.0969827 0.545977
352 0.426006 0.247126 0.0962644 0.545977
353 0.423132 0.247126 0.102012 0.545977
354 0.423132 0.247126 0.102012 0.545977
355 0.423132 0.248084 0.102012 0.545019
356 0.423132 0.248084 0.102012 0.545019
357 0.423132 0.248084 0.102012 0.545019
358 0.423132 0.248084 0.102012 0.545019
359 0.423132 0.248084 0.102012 0.545019
360 0.423132 0.248084 0.105603 0.547893
361 0.425287 0.248084 0.105603 0.547893
362 0.428879 0.248084 0.102012 0.547893
363 0.428879 0.248084 0.105603 0.547893
364 0.428879 0.248084 0.104885 0.547893
365 0.432471 0.248084 0.105603 0.547893
366 0.432471 0.248084 0.10704 0.547893
367 0.432471 0.248084 0.109914 0.547893
368 0.43319 0.248084 0.111351 0.547893
369 0.433908 0.248084 0.110632 0.547893
370 0.435345 0.248084 0.112787 0.547893
371 0.435345 0.248084 0.112787 0.548851
372 0.435345 0.248084 0.112787 0.547893
373 0.438218 0.254789 0.112787 0.541188
374 0.438218 0.254789 0.112787 0.544061
375 0.438218 0.254789 0.109914 0.544061
376 0.438218 0.254789 0.109914 0.544061
377 0.438937 0.254789 0.109195 0.544061
378 0.438937 0.254789 0.109195 0.545977
379 0.438937 0.254789 0.109195 0.546935
380 0.4375 0.254789 0.110632 0.546935
381 0.435345 0.254789 0.112787 0.546935
382 0.435345 0.254789 0.112787 0.545977
383 0.435345 0.254789 0.113506 0.546935
384 0.43319 0.254789 0.117098 0.546935
385 0.432471 0.254789 0.117816 0.546935
386 0.432471 0.254789 0.117816 0.542146
387 0.428879 0.254789 0.121408 0.542146
388 0.428879 0.254789 0.121408 0.542146
389 0.428879 0.254789 0.121408 0.542146
390 0.426006 0.254789 0.124282 0.537356
391 0.426006 0.254789 0.124282 0.537356
392 0.423851 0.254789 0.126437 0.537356
393 0.422414 0.254789 0.127874 0.537356
394 0.418822 0.254789 0.131466 0.537356
395 0.418822 0.254789 0.126437 0.537356
396 0.41523 0.254789 0.128592 0.537356
397 0.416667 0.254789 0.125 0.534483
398 0.413793 0.254789 0.125 0.534483
399 0.414512 0.254789 0.122126 0.533525
400 0.413075 0.254789 0.122126 0.533525
401 0.410201 0.254789 0.122845 0.533525
402 0.410201 0.25 0.122845 0.538314
403 0.410201 0.25 0.122845 0.538314
404 0.409483 0.25 0.122845 0.539272
405 0.409483 0.25 0.125718 0.539272
406 0.409483 0.25 0.125718 0.539272
407 0.408764 0.25 0.12931 0.539272
408 0.408764 0.25 0.130029 0.539272
409 0.413075 0.25 0.12931 0.539272
410 0.413793 0.25 0.130029 0.539272
411 0.413793 0.25 0.130747 0.539272
412 0.418822 0.25 0.125718 0.539272
413 0.422414 0.25 0.125 0.538314
414 0.422414 0.25 0.125 0.538314
415 0.422414 0.25 0.122845 0.538314
416 0.423851 0.25 0.119971 0.539272
417 0.423851 0.25 0.119971 0.539272
418 0.423851 0.25 0.117098 0.539272
419 0.418103 0.25 0.122845 0.539272
420 0.413793 0.25 0.126437 0.539272
421 0.41092 0.25 0.127155 0.539272
422 0.409483 0.25 0.128592 0.542146
423 0.406609 0.25 0.128592 0.542146
424 0.403736 0.25 0.127155 0.542146
425 0.403736 0.254789 0.121408 0.537356
426 0.403736 0.254789 0.118535 0.537356
427 0.405172 0.254789 0.114943 0.537356
428 0.405172 0.254789 0.114943 0.537356
429 0.405172 0.254789 0.114943 0.537356
430 0.405172 0.254789 0.114943 0.537356
431 0.405172 0.254789 0.114943 0.537356
432 0.400144 0.254789 0.119971 0.537356
433 0.395833 0.254789 0.12069 0.537356
434 0.391523 0.254789 0.125 0.537356
435 0.387931 0.254789 0.125 0.537356
436 0.387931 0.254789 0.125 0.537356
437 0.385057 0.254789 0.124282 0.534483
438 0.384339 0.254789 0.121408 0.534483
439 0.383621 0.254789 0.119253 0.534483
440 0.383621 0.254789 0.113506 0.535441
441 0.383621 0.254789 0.104885 0.535441
442 0.387931 0.254789 0.0969827 0.535441
443 0.387931 0.254789 0.0969827 0.535441
444 0.387931 0.254789 0.0969827 0.535441
445 0.387931 0.254789 0.101293 0.535441
446 0.384339 0.254789 0.106322 0.528736
447 0.384339 0.254789 0.109914 0.528736
448 0.384339 0.254789 0.113506 0.528736
449 0.388649 0.254789 0.115661 0.528736
450 0.393678 0.254789 0.112787 0.528736
451 0.400144 0.254789 0.113506 0.528736
452 0.403017 0.254789 0.115661 0.528736
453 0.410201 0.254789 0.114943 0.528736
454 0.418822 0.250958 0.109914 0.532567
455 0.424569 0.250958 0.113506 0.532567
456 0.43319 0.250958 0.111351 0.532567
457 0.440374 0.250958 0.110632 0.532567
458 0.448994 0.250958 0.103448 0.532567
459 0.452586 0.250958 0.104885 0.532567
460 0.457615 0.250958 0.0998563 0.532567
461 0.457615 0.250958 0.0998563 0.532567
462 0.464799 0.250958 0.0862069 0.532567
463 0.472701 0.250958 0.0847701 0.532567
464 0.478448 0.250958 0.0876437 0.532567
465 0.476293 0.250958 0.102011 0.532567
466 0.472701 0.251916 0.114224 0.531609
467 0.469828 0.251916 0.127155 0.531609
468 0.469828 0.251916 0.136494 0.531609
469 0.472701 0.251916 0.140805 0.531609
470 0.478448 0.251916 0.144397 0.531609
471 0.484914 0.251916 0.145115 0.531609
472 0.491379 0.251916 0.144397 0.532567
473 0.497845 0.255747 0.14296 0.528736
474 0.505029 0.255747 0.142241 0.531609
475 0.510776 0.255747 0.14296 0.531609
476 0.515805 0.255747 0.140086 0.531609
477 0.52227 0.255747 0.137213 0.531609
478 0.528736 0.255747 0.130747 0.531609
479 0.533764 0.255747 0.125718 0.531609
480 0.533764 0.255747 0.125718 0.52682
481 0.533764 0.255747 0.12069 0.521073
482 0.533764 0.255747 0.12069 0.52682
483 0.533764 0.255747 0.12069 0.52682
484 0.533764 0.255747 0.12069 0.52682
485 0.533764 0.255747 0.12069 0.527778
486 0.533764 0.255747 0.12069 0.524904
487 0.533764 0.255747 0.12069 0.524904
488 0.533764 0.255747 0.12069 0.524904
489 0.538075 0.255747 0.126437 0.524904
490 0.538075 0.255747 0.131465 0.524904
491 0.549569 0.255747 0.123563 0.524904
492 0.554598 0.258621 0.123563 0.522031
493 0.554598 0.258621 0.126437 0.522031
494 0.564655 0.258621 0.123563 0.517241
495 0.566092 0.254789 0.127874 0.521073
496 0.566092 0.254789 0.124282 0.521073
497 0.566092 0.254789 0.124282 0.521073
498 0.569684 0.254789 0.12069 0.521073
499 0.569684 0.253831 0.112787 0.522031
500 0.571839 0.253831 0.104167 0.522031
501 0.571839 0.253831 0.107759 0.522031
502 0.575431 0.253831 0.106322 0.522031
503 0.579741 0.253831 0.104885 0.522031
504 0.579741 0.253831 0.109195 0.522031
505 0.572557 0.250958 0.118535 0.524904
506 0.566092 0.250958 0.127155 0.524904
507 0.563937 0.250958 0.137213 0.524904
508 0.560345 0.250958 0.14296 0.524904
509 0.560345 0.250958 0.147988 0.524904
510 0.567529 0.250958 0.147988 0.524904
511 0.572557 0.250958 0.149425 0.524904
512 0.579023 0.250958 0.150144 0.524904
513 0.585488 0.250958 0.149425 0.524904
514 0.592672 0.250958 0.145833 0.524904
515 0.597701 0.250958 0.146552 0.524904
516 0.603448 0.250958 0.146552 0.522031
517 0.606322 0.246169 0.146552 0.52682
518 0.60704 0.246169 0.145833 0.525862
519 0.606322 0.246169 0.140805 0.525862
520 0.606322 0.246169 0.138649 0.525862
521 0.606322 0.246169 0.132184 0.525862
522 0.603448 0.246169 0.130029 0.525862
523 0.603448 0.246169 0.115661 0.525862
524 0.60273 0.246169 0.113506 0.525862
525 0.60273 0.246169 0.113506 0.528736
526 0.60273 0.246169 0.113506 0.528736
527 0.600575 0.246169 0.115661 0.530651
528 0.601293 0.248084 0.114224 0.531609
529 0.596983 0.253831 0.122126 0.525862
530 0.600575 0.256705 0.122126 0.524904
531 0.600575 0.256705 0.125 0.524904
532 0.597701 0.256705 0.130747 0.52682
533 0.597701 0.256705 0.130747 0.52682
534 0.597701 0.256705 0.130747 0.52682
535 0.599138 0.256705 0.127155 0.52682
536 0.59842 0.256705 0.125718 0.52682
537 0.594828 0.256705 0.121408 0.52682
538 0.594828 0.256705 0.117816 0.52682
539 0.591954 0.256705 0.125718 0.52682
540 0.591236 0.256705 0.121408 0.52682
541 0.587644 0.256705 0.125 0.52682
542 0.586207 0.256705 0.122845 0.52682
543 0.579023 0.256705 0.131465 0.52682
544 0.569684 0.256705 0.138649 0.52682
545 0.56681 0.256705 0.135776 0.52682
546 0.563218 0.256705 0.137931 0.528736
547 0.563218 0.256705 0.135057 0.528736
548 0.563218 0.256705 0.135057 0.528736
549 0.563218 0.256705 0.133621 0.528736
550 0.563218 0.259579 0.136494 0.525862
551 0.558908 0.259579 0.140805 0.529693
552 0.558908 0.259579 0.135057 0.529693
553 0.556753 0.259579 0.133621 0.524904
554 0.556753 0.259579 0.133621 0.524904
555 0.556753 0.259579 0.133621 0.524904
556 0.556753 0.259579 0.131466 0.524904
557 0.556753 0.259579 0.131466 0.524904
558 0.556753 0.259579 0.134339 0.524904
559 0.559626 0.259579 0.133621 0.524904
560 0.559626 0.259579 0.137931 0.524904
561 0.560345 0.262452 0.140805 0.522031
562 0.560345 0.262452 0.14296 0.522031
563 0.563218 0.262452 0.140086 0.522031
564 0.563218 0.262452 0.140086 0.522031
565 0.563218 0.264368 0.141523 0.520115
566 0.563218 0.264368 0.140805 0.520115
567 0.563218 0.267241 0.140805 0.517241
568 0.564655 0.267241 0.138649 0.516284
569 0.567529 0.267241 0.135776 0.516284
570 0.567529 0.265326 0.135776 0.518199
571 0.567529 0.265326 0.133621 0.51341
572 0.56681 0.265326 0.130029 0.51341
573 0.56681 0.265326 0.127874 0.510536
574 0.56681 0.265326 0.126437 0.509579
575 0.559626 0.265326 0.133621 0.509579
576 0.551724 0.267241 0.145115 0.507663
577 0.551724 0.267241 0.149425 0.507663
578 0.551724 0.272988 0.15158 0.501916
579 0.554598 0.272988 0.153017 0.501916
580 0.558908 0.272988 0.148707 0.501916
581 0.557471 0.272988 0.150144 0.501916
582 0.557471 0.272988 0.137213 0.502874
583 0.557471 0.272988 0.138649 0.502874
584 0.557471 0.272988 0.140805 0.509579
585 0.557471 0.272988 0.140805 0.510536
586 0.557471 0.272988 0.14296 0.510536
587 0.557471 0.272988 0.143678 0.510536
588 0.557471 0.272988 0.140086 0.510536
589 0.557471 0.272988 0.137213 0.515326
590 0.557471 0.272988 0.134339 0.515326
591 0.557471 0.272988 0.130747 0.515326
592 0.557471 0.272988 0.127155 0.515326
593 0.553879 0.272988 0.127874 0.515326
594 0.551006 0.270115 0.125718 0.51341
595 0.548132 0.270115 0.125 0.51341
596 0.541667 0.270115 0.124282 0.51341
597 0.533764 0.26341 0.125718 0.517241
598 0.517241 0.26341 0.142241 0.517241
599 0.503592 0.26341 0.155891 0.517241
600 0.499282 0.26341 0.163075 0.512452
601 0.499282 0.26341 0.160201 0.508621
602 0.499282 0.26341 0.160201 0.508621
603 0.499282 0.261494 0.160201 0.505747
604 0.501437 0.257663 0.158764 0.505747
605 0.497845 0.257663 0.157328 0.501916
606 0.491379 0.257663 0.153736 0.501916
607 0.487787 0.25 0.137213 0.504789
608 0.481322 0.25 0.125718 0.504789
609 0.479167 0.246169 0.112069 0.508621
610 0.479167 0.246169 0.107759 0.508621
611 0.476293 0.246169 0.106322 0.508621
612 0.472701 0.246169 0.10704 0.507663
613 0.466954 0.246169 0.112069 0.505747
614 0.460488 0.246169 0.118535 0.505747
615 0.457615 0.246169 0.121408 0.505747
616 0.457615 0.246169 0.121408 0.505747
617 0.45977 0.246169 0.115661 0.505747
618 0.462644 0.246169 0.112787 0.505747
619 0.466236 0.246169 0.112069 0.499042
620 0.466236 0.246169 0.112069 0.493295
621 0.466236 0.246169 0.109195 0.493295
622 0.466236 0.246169 0.103448 0.493295
623 0.466236 0.246169 0.0969828 0.496169
624 0.466236 0.246169 0.0869253 0.496169
625 0.467672 0.246169 0.0818965 0.496169
626 0.467672 0.246169 0.0847701 0.496169
627 0.457615 0.245211 0.0984196 0.497126
628 0.444684 0.245211 0.115661 0.497126
629 0.432471 0.245211 0.133621 0.497126
630 0.426006 0.245211 0.14296 0.497126
631 0.418822 0.245211 0.153736 0.497126
632 0.418822 0.246169 0.157328 0.496169
633 0.423851 0.250958 0.158046 0.491379
634 0.426006 0.250958 0.158764 0.491379
635 0.432471 0.250958 0.155891 0.495211
636 0.435345 0.250958 0.155891 0.495211
637 0.441092 0.250958 0.152299 0.495211
638 0.446839 0.254789 0.145115 0.492337
639 0.453305 0.252874 0.134339 0.494253
640 0.460488 0.251916 0.118535 0.5
641 0.460488 0.251916 0.108477 0.5
642 0.464799 0.251916 0.0905173 0.5
643 0.466954 0.251916 0.0833333 0.5
644 0.466954 0.251916 0.0847701 0.5
645 0.460488 0.251916 0.0912356 0.5
646 0.454023 0.251916 0.0969827 0.5
647 0.450431 0.255747 0.106322 0.496169
648 0.454023 0.255747 0.105603 0.496169
649 0.457615 0.255747 0.107759 0.496169
650 0.461925 0.255747 0.10704 0.496169
651 0.466236 0.255747 0.109914 0.499042
652 0.469109 0.255747 0.108477 0.496169
653 0.471264 0.258621 0.107759 0.493295
654 0.476293 0.255747 0.10273 0.496169
655 0.47773 0.255747 0.0977012 0.496169
656 0.481322 0.255747 0.0941092 0.496169
657 0.486351 0.255747 0.0948276 0.491379
658 0.487787 0.255747 0.0977011 0.491379
659 0.487787 0.255747 0.106322 0.491379
660 0.48204 0.255747 0.119253 0.491379
661 0.481322 0.255747 0.124282 0.491379
662 0.488506 0.258621 0.125 0.491379
663 0.492816 0.258621 0.123563 0.496169
664 0.497126 0.258621 0.125 0.496169
665 0.50431 0.258621 0.122126 0.496169
666 0.50431 0.258621 0.125718 0.496169
667 0.508621 0.255747 0.12069 0.497126
668 0.510057 0.255747 0.121408 0.497126
669 0.512931 0.255747 0.119253 0.497126
670 0.516523 0.255747 0.117816 0.495211
671 0.516523 0.255747 0.121408 0.495211
672 0.519397 0.255747 0.118535 0.495211
673 0.519397 0.255747 0.118535 0.495211
674 0.519397 0.255747 0.124282 0.495211
675 0.517241 0.255747 0.126437 0.495211
676 0.517241 0.255747 0.132902 0.495211
677 0.518678 0.255747 0.137213 0.495211
678 0.518678 0.255747 0.14296 0.495211
679 0.52227 0.255747 0.141523 0.495211
680 0.525862 0.255747 0.139368 0.495211
681 0.531609 0.255747 0.135058 0.495211
682 0.538793 0.255747 0.130747 0.495211
683 0.54454 0.255747 0.125 0.495211
684 0.548132 0.255747 0.125 0.495211
685 0.548132 0.255747 0.127155 0.495211
686 0.54454 0.255747 0.130747 0.495211
687 0.54454 0.255747 0.130747 0.495211
688 0.542385 0.255747 0.127155 0.495211
689 0.543103 0.255747 0.122845 0.490421
690 0.539512 0.255747 0.123563 0.487548
691 0.538075 0.255747 0.122126 0.487548
692 0.538793 0.255747 0.12069 0.487548
693 0.535201 0.255747 0.124282 0.487548
694 0.535201 0.255747 0.124282 0.487548
695 0.538075 0.255747 0.121408 0.487548
696 0.538075 0.255747 0.121408 0.487548
697 0.538075 0.258621 0.121408 0.484674
698 0.538793 0.258621 0.12069 0.484674
699 0.541667 0.258621 0.117816 0.484674
700 0.541667 0.262452 0.117816 0.483716
701 0.542385 0.262452 0.12069 0.479885
702 0.54454 0.262452 0.118535 0.479885
703 0.54454 0.264368 0.121408 0.477969
704 0.543822 0.264368 0.122126 0.474138
705 0.542385 0.264368 0.121408 0.471264
706 0.539512 0.264368 0.12069 0.471264
707 0.538793 0.264368 0.117816 0.466475
708 0.538793 0.264368 0.117816 0.466475
709 0.537356 0.264368 0.117816 0.466475
710 0.537356 0.264368 0.112787 0.466475
711 0.535201 0.264368 0.114943 0.466475
712 0.535201 0.264368 0.114943 0.460728
713 0.535201 0.264368 0.112787 0.460728
714 0.535201 0.264368 0.112787 0.460728
715 0.534483 0.264368 0.112069 0.460728
716 0.530172 0.264368 0.114224 0.460728
717 0.525144 0.266284 0.114943 0.45977
718 0.52227 0.266284 0.115661 0.462644
719 0.52227 0.266284 0.112787 0.462644
720 0.52227 0.267241 0.108477 0.461686
721 0.520833 0.267241 0.109195 0.457854
722 0.516523 0.267241 0.109914 0.457854
723 0.512931 0.272988 0.109914 0.450192
724 0.510776 0.272988 0.112069 0.450192
725 0.503592 0.272988 0.115661 0.444444
726 0.503592 0.272988 0.112787 0.444444
727 0.500718 0.272988 0.112069 0.444444
728 0.497845 0.272988 0.109195 0.444444
729 0.497845 0.272988 0.106322 0.440613
730 0.497845 0.272988 0.103448 0.440613
731 0.497845 0.272988 0.099138 0.440613
732 0.497845 0.272988 0.099138 0.444444
733 0.497845 0.272988 0.0962644 0.444444
734 0.496408 0.272988 0.0948276 0.444444
735 0.496408 0.275862 0.0926724 0.441571
736 0.496408 0.278736 0.0948276 0.438697
737 0.496408 0.278736 0.0948276 0.438697
738 0.496408 0.278736 0.0948276 0.438697
739 0.489224 0.278736 0.102012 0.438697
740 0.487787 0.278736 0.0998563 0.433908
741 0.487787 0.278736 0.0998563 0.433908
742 0.487787 0.278736 0.0969828 0.433908
743 0.479885 0.278736 0.0962643 0.433908
744 0.47773 0.278736 0.0984195 0.431035
745 0.47773 0.278736 0.095546 0.431035
746 0.469109 0.278736 0.0998563 0.429119
747 0.469109 0.278736 0.0998563 0.429119
748 0.469109 0.278736 0.0998563 0.429119
749 0.466954 0.278736 0.102011 0.423372
750 0.466236 0.278736 0.103448 0.423372
751 0.461925 0.278736 0.110632 0.423372
752 0.460488 0.278736 0.112069 0.423372
753 0.457615 0.278736 0.114943 0.423372
754 0.453305 0.278736 0.12069 0.423372
755 0.451149 0.278736 0.122845 0.423372
756 0.451149 0.278736 0.122845 0.423372
757 0.451149 0.278736 0.117816 0.423372
758 0.451149 0.278736 0.112787 0.423372
759 0.451149 0.27682 0.103448 0.425287
760 0.451149 0.275862 0.103448 0.426245
761 0.451149 0.275862 0.100575 0.426245
762 0.451149 0.275862 0.102011 0.423372
763 0.448994 0.275862 0.105603 0.423372
764 0.448994 0.275862 0.105603 0.423372
765 0.448994 0.275862 0.107759 0.423372
766 0.451149 0.275862 0.112069 0.423372
767 0.454741 0.275862 0.111351 0.423372
768 0.454023 0.275862 0.118534 0.423372
769 0.457615 0.275862 0.118534 0.41954
770 0.457615 0.275862 0.124282 0.41954
771 0.457615 0.278736 0.127155 0.416667
772 0.459052 0.278736 0.12931 0.416667
773 0.459052 0.278736 0.128592 0.416667
774 0.463362 0.274904 0.124282 0.420498
775 0.46408 0.274904 0.121408 0.420498
776 0.466236 0.274904 0.116379 0.420498
777 0.469109 0.274904 0.110632 0.420498
778 0.472701 0.274904 0.109914 0.416667
779 0.476293 0.274904 0.10704 0.412835
780 0.484195 0.279693 0.101293 0.408046
781 0.491379 0.279693 0.100575 0.408046
782 0.491379 0.279693 0.103448 0.408046
783 0.494971 0.279693 0.106322 0.408046
784 0.498563 0.285441 0.107759 0.408046
785 0.503592 0.285441 0.10704 0.408046
786 0.506465 0.292146 0.10704 0.401341
787 0.510776 0.292146 0.10704 0.401341
788 0.514368 0.292146 0.0991379 0.405172
789 0.51796 0.292146 0.0955459 0.408046
790 0.521552 0.292146 0.0890805 0.408046
791 0.525144 0.292146 0.079023 0.412835
792 0.530891 0.288314 0.0668103 0.416667
793 0.533046 0.29023 0.0617816 0.414751
794 0.533046 0.29023 0.0646552 0.414751
795 0.525862 0.29023 0.071839 0.418582
796 0.519397 0.29023 0.0833333 0.418582
797 0.517241 0.29023 0.0890805 0.418582
798 0.517241 0.294061 0.0919541 0.415709
799 0.520115 0.298851 0.0933908 0.41092
800 0.520115 0.297893 0.0984195 0.411877
801 0.528736 0.300766 0.0933908 0.411877
802 0.535201 0.300766 0.0905173 0.411877
803 0.538793 0.304598 0.0905173 0.408046
804 0.543822 0.308429 0.0876437 0.404215
805 0.547414 0.308429 0.0811782 0.409004
806 0.547414 0.308429 0.0783046 0.414751
807 0.551006 0.312261 0.0797414 0.41092
808 0.551006 0.312261 0.0840517 0.412835
809 0.551006 0.312261 0.0869253 0.412835
810 0.551006 0.312261 0.0869253 0.412835
811 0.551006 0.312261 0.0941092 0.412835
812 0.551724 0.312261 0.0998563 0.412835
813 0.554598 0.312261 0.099138 0.412835
814 0.556753 0.312261 0.101293 0.412835
815 0.556753 0.312261 0.103448 0.412835
816 0.560345 0.312261 0.104885 0.409962
817 0.563218 0.309387 0.107759 0.408046
818 0.56681 0.300766 0.106322 0.412835
819 0.569684 0.296935 0.112787 0.412835
820 0.576149 0.292146 0.112787 0.413793
821 0.582615 0.292146 0.113506 0.413793
822 0.587644 0.292146 0.113506 0.413793
823 0.591954 0.292146 0.115661 0.416667
824 0.597701 0.296935 0.112787 0.416667
825 0.600575 0.296935 0.116379 0.414751
826 0.605603 0.296935 0.117098 0.414751
827 0.610632 0.296935 0.115661 0.414751
828 0.613506 0.296935 0.113506 0.41954
829 0.618535 0.296935 0.114942 0.41954
830 0.622126 0.296935 0.113506 0.41954
831 0.628592 0.296935 0.110632 0.420498
832 0.631465 0.296935 0.109914 0.420498
833 0.635057 0.296935 0.106322 0.420498
834 0.638649 0.296935 0.10273 0.424329
835 0.641523 0.296935 0.0984195 0.427203
836 0.642241 0.296935 0.0998563 0.427203
837 0.645833 0.296935 0.099138 0.427203
838 0.645833 0.304598 0.0984195 0.420498
839 0.647988 0.304598 0.0890805 0.425287
840 0.650862 0.304598 0.0862069 0.428161
841 0.650862 0.310345 0.0840517 0.422414
842 0.653736 0.310345 0.0818965 0.427203
843 0.654454 0.310345 0.0826149 0.428161
844 0.655891 0.314176 0.0811781 0.430077
845 0.655891 0.314176 0.0833333 0.429119
846 0.659483 0.31705 0.0797414 0.426245
847 0.658764 0.31705 0.0804598 0.426245
848 0.658764 0.31705 0.0804598 0.429119
849 0.657328 0.320881 0.0804598 0.425287
850 0.656609 0.320881 0.0804598 0.425287
851 0.654454 0.322797 0.0826149 0.423372
852 0.654454 0.322797 0.0790229 0.42433
853 0.650862 0.322797 0.0783046 0.42433
854 0.647988 0.325671 0.0775862 0.417625
855 0.64727 0.324713 0.0725574 0.418582
856 0.645115 0.324713 0.0747126 0.418582
857 0.644397 0.321839 0.075431 0.416667
858 0.642241 0.321839 0.082615 0.416667
859 0.632184 0.318008 0.0926724 0.41954
860 0.625718 0.318008 0.0991379 0.418582
861 0.619971 0.318008 0.104885 0.416667
862 0.619971 0.318008 0.106322 0.416667
863 0.619971 0.318008 0.106322 0.416667
864 0.619971 0.318008 0.109195 0.416667
865 0.622845 0.318008 0.108477 0.416667
866 0.625718 0.320881 0.105603 0.413793
867 0.628592 0.320881 0.104885 0.413793
868 0.628592 0.320881 0.104885 0.413793
869 0.630747 0.320881 0.0977011 0.413793
870 0.630747 0.320881 0.0977011 0.416667
871 0.632184 0.318008 0.0847701 0.41954
872 0.630029 0.318008 0.0768678 0.41954
873 0.62931 0.318966 0.0725574 0.418582
874 0.62931 0.318966 0.0725574 0.418582
875 0.62931 0.318966 0.0725574 0.418582
876 0.626437 0.318966 0.075431 0.418582
877 0.622845 0.318966 0.079023 0.418582
878 0.616379 0.318966 0.0854885 0.418582
879 0.612787 0.318966 0.0905172 0.418582
880 0.609914 0.318966 0.0962644 0.416667
881 0.610632 0.318966 0.095546 0.416667
882 0.604885 0.318966 0.105603 0.416667
883 0.606322 0.319923 0.104167 0.415709
884 0.607759 0.319923 0.104885 0.415709
885 0.609914 0.319923 0.10273 0.415709
886 0.609914 0.319923 0.10273 0.415709
887 0.607759 0.319923 0.104885 0.415709
888 0.604167 0.321839 0.108477 0.413793
889 0.60273 0.321839 0.109914 0.413793
890 0.601293 0.321839 0.112069 0.413793
891 0.597701 0.321839 0.116379 0.413793
892 0.597701 0.318966 0.119971 0.416667
893 0.595546 0.31705 0.117816 0.414751
894 0.595546 0.31705 0.12069 0.413793
895 0.595546 0.313218 0.12069 0.412835
896 0.591954 0.313218 0.121408 0.411877
897 0.591954 0.310345 0.121408 0.414751
898 0.591954 0.310345 0.121408 0.414751
899 0.591954 0.310345 0.121408 0.414751
900 0.591954 0.310345 0.119253 0.41092
901 0.594109 0.305556 0.115661 0.415709
902 0.594109 0.305556 0.115661 0.415709
903 0.595546 0.305556 0.115661 0.415709
904 0.597701 0.305556 0.110632 0.415709
905 0.597701 0.308429 0.109914 0.409962
906 0.597701 0.308429 0.108477 0.409962
907 0.597701 0.308429 0.106322 0.409962
908 0.597701 0.308429 0.10273 0.409962
909 0.597701 0.308429 0.0998563 0.40613
910 0.594828 0.308429 0.0991379 0.405172
911 0.594828 0.308429 0.0941092 0.405172
912 0.592672 0.307471 0.0919541 0.402299
913 0.592672 0.307471 0.0905172 0.402299
914 0.592672 0.306513 0.0862069 0.403257
915 0.588362 0.306513 0.088362 0.403257
916 0.588362 0.306513 0.0818965 0.403257
917 0.579023 0.306513 0.0869253 0.403257
918 0.569684 0.306513 0.0905172 0.403257
919 0.5625 0.306513 0.0977011 0.398467
920 0.557471 0.307471 0.0991379 0.39751
921 0.551724 0.304598 0.104885 0.400383
922 0.550287 0.304598 0.107759 0.400383
923 0.550287 0.304598 0.105603 0.400383
924 0.550287 0.304598 0.105603 0.400383
925 0.550287 0.304598 0.106322 0.399425
926 0.550287 0.309387 0.106322 0.391762
927 0.553879 0.309387 0.10273 0.391762
928 0.553879 0.309387 0.10273 0.391762
929 0.556753 0.309387 0.0969828 0.390805
930 0.551006 0.309387 0.099138 0.390805
931 0.547414 0.313218 0.0998564 0.386973
932 0.54454 0.309387 0.100575 0.390805
933 0.542385 0.309387 0.0933908 0.396552
934 0.540948 0.309387 0.0847701 0.396552
935 0.538793 0.309387 0.0775862 0.396552
936 0.538075 0.309387 0.0761494 0.394636
937 0.538793 0.309387 0.075431 0.394636
938 0.533046 0.309387 0.0804598 0.394636
939 0.52227 0.309387 0.0912356 0.394636
940 0.517241 0.309387 0.0962644 0.394636
941 0.512931 0.309387 0.100575 0.394636
942 0.513649 0.309387 0.102012 0.394636
943 0.511494 0.311303 0.104167 0.39272
944 0.512931 0.311303 0.103448 0.39272
945 0.512931 0.311303 0.100575 0.39272
946 0.512931 0.311303 0.100575 0.39272
