./Vid_L_coffee_on_table.avi
0 0.400862 0.359195 0.0811782 0.187739
1 0.404454 0.362069 0.0811782 0.184866
2 0.406609 0.362069 0.0797414 0.183908
3 0.409483 0.362069 0.079023 0.181992
4 0.410201 0.360153 0.079023 0.183908
5 0.413793 0.360153 0.0768678 0.183908
6 0.414512 0.362069 0.079023 0.181992
7 0.415948 0.364943 0.0775862 0.181992
8 0.416667 0.364943 0.0797414 0.183908
9 0.416667 0.364943 0.0811782 0.183908
10 0.416667 0.364943 0.0811782 0.183908
11 0.416667 0.364943 0.0811782 0.183908
12 0.417385 0.364943 0.0804597 0.185824
13 0.417385 0.364943 0.0804597 0.185824
14 0.417385 0.364943 0.0804597 0.185824
15 0.41523 0.364943 0.0818965 0.181992
16 0.41523 0.364943 0.0818965 0.181992
17 0.41523 0.364943 0.0811782 0.181992
18 0.41523 0.364943 0.0811782 0.181992
19 0.418103 0.363027 0.0783046 0.183908
20 0.41523 0.364943 0.0811782 0.181992
21 0.41523 0.363985 0.0811782 0.18295
22 0.41523 0.360153 0.0811782 0.181992
23 0.41523 0.360153 0.0811782 0.181992
24 0.417385 0.360153 0.079023 0.181992
25 0.417385 0.359195 0.079023 0.18295
26 0.417385 0.359195 0.079023 0.18295
27 0.417385 0.359195 0.0804597 0.181992
28 0.417385 0.359195 0.0804597 0.181992
29 0.417385 0.35728 0.0804597 0.183908
30 0.417385 0.35728 0.0804597 0.183908
31 0.417385 0.355364 0.0804597 0.184866
32 0.417385 0.354406 0.0804597 0.185824
33 0.417385 0.354406 0.0804597 0.185824
34 0.418103 0.354406 0.0797414 0.185824
35 0.418103 0.354406 0.0797414 0.185824
36 0.416667 0.354406 0.0811782 0.185824
37 0.417385 0.354406 0.0804597 0.185824
38 0.416667 0.355364 0.0811782 0.184866
39 0.416667 0.355364 0.0811782 0.187739
40 0.416667 0.355364 0.0811782 0.187739
41 0.416667 0.355364 0.0811782 0.187739
42 0.416667 0.355364 0.0811782 0.190613
43 0.416667 0.355364 0.0804598 0.190613
44 0.416667 0.355364 0.0804598 0.190613
45 0.416667 0.361111 0.0804598 0.184866
46 0.416667 0.362069 0.0804598 0.18295
47 0.416667 0.362069 0.079023 0.184866
48 0.416667 0.363027 0.0804598 0.187739
49 0.416667 0.363027 0.0804598 0.187739
50 0.416667 0.363027 0.0804598 0.187739
51 0.41523 0.363027 0.0818965 0.187739
52 0.41523 0.363027 0.0818965 0.187739
53 0.417385 0.363027 0.0804597 0.189655
54 0.417385 0.363027 0.0804597 0.189655
55 0.417385 0.363027 0.0811782 0.189655
56 0.417385 0.363027 0.0811782 0.189655
57 0.417385 0.3659 0.0811782 0.186782
58 0.417385 0.3659 0.0811782 0.186782
59 0.417385 0.3659 0.0811782 0.186782
60 0.420259 0.3659 0.079023 0.184866
61 0.420259 0.363027 0.0797414 0.187739
62 0.420259 0.363027 0.0811782 0.184866
63 0.420977 0.362069 0.0811782 0.185824
64 0.420977 0.362069 0.0811782 0.185824
65 0.420977 0.360153 0.0811782 0.187739
66 0.420977 0.359195 0.0811782 0.186782
67 0.422414 0.35728 0.0797414 0.185824
68 0.422414 0.355364 0.0797414 0.187739
69 0.422414 0.355364 0.0797414 0.187739
70 0.423851 0.355364 0.0811782 0.187739
71 0.426006 0.35249 0.079023 0.190613
72 0.426006 0.35249 0.0804597 0.190613
73 0.426724 0.349617 0.0797414 0.189655
74 0.426724 0.349617 0.0797414 0.189655
75 0.426724 0.350575 0.0804598 0.188697
76 0.426724 0.348659 0.0818965 0.190613
77 0.426724 0.347701 0.0818965 0.191571
78 0.427443 0.347701 0.0811782 0.187739
79 0.427443 0.346743 0.0811782 0.188697
80 0.427443 0.346743 0.0811782 0.188697
81 0.427443 0.346743 0.0818966 0.188697
82 0.427443 0.344828 0.0818966 0.190613
83 0.427443 0.344828 0.0818966 0.190613
84 0.427443 0.344828 0.0818966 0.190613
85 0.427443 0.344828 0.0833333 0.190613
86 0.429598 0.342912 0.0840517 0.192529
87 0.429598 0.342912 0.0840517 0.188697
88 0.431753 0.342912 0.0818965 0.188697
89 0.431753 0.337165 0.0833334 0.194444
90 0.433908 0.337165 0.082615 0.190613
91 0.435345 0.336207 0.082615 0.191571
92 0.436782 0.336207 0.0826149 0.191571
93 0.436782 0.336207 0.0826149 0.191571
94 0.436782 0.337165 0.0847701 0.190613
95 0.436782 0.337165 0.0847701 0.190613
96 0.436782 0.337165 0.0847701 0.190613
97 0.436782 0.337165 0.0847701 0.190613
98 0.435345 0.337165 0.0840517 0.190613
99 0.432471 0.336207 0.0847701 0.190613
100 0.431753 0.336207 0.0840517 0.190613
101 0.428879 0.336207 0.0833333 0.190613
102 0.426006 0.336207 0.0862069 0.190613
103 0.426006 0.336207 0.0847701 0.194444
104 0.428879 0.336207 0.082615 0.194444
105 0.430316 0.338123 0.082615 0.194444
106 0.436782 0.338123 0.0818966 0.195402
107 0.443966 0.341954 0.0818966 0.192529
108 0.446839 0.341954 0.082615 0.192529
109 0.449713 0.341954 0.0840517 0.192529
110 0.45546 0.341954 0.0833333 0.194444
111 0.454023 0.341954 0.0847701 0.194444
112 0.451868 0.341954 0.0833333 0.194444
113 0.449713 0.341954 0.0854885 0.197318
114 0.449713 0.345785 0.0854885 0.194444
115 0.451149 0.345785 0.0840517 0.194444
116 0.453305 0.345785 0.0854885 0.197318
117 0.456178 0.345785 0.0833333 0.197318
118 0.459052 0.341954 0.0840517 0.201149
119 0.461925 0.341954 0.0847701 0.198276
120 0.465517 0.341954 0.0811782 0.198276
121 0.464799 0.338123 0.0847701 0.198276
122 0.468391 0.33908 0.0818966 0.195402
123 0.468391 0.33908 0.0833333 0.19636
124 0.469109 0.33908 0.0840517 0.201149
125 0.469109 0.33908 0.0840517 0.201149
126 0.469109 0.33908 0.0847701 0.201149
127 0.466236 0.33908 0.0840517 0.202107
128 0.464799 0.33908 0.0854885 0.202107
129 0.462644 0.33908 0.0854885 0.202107
130 0.457615 0.346743 0.0840518 0.198276
131 0.451149 0.35249 0.0890804 0.199234
132 0.451149 0.35728 0.0876437 0.198276
133 0.444684 0.35728 0.0905172 0.202107
134 0.443247 0.364943 0.0890805 0.198276
135 0.440374 0.3659 0.0890805 0.199234
136 0.438937 0.369732 0.0890805 0.200192
137 0.438937 0.372605 0.0890805 0.203065
138 0.4375 0.375479 0.0905172 0.204023
139 0.4375 0.375479 0.0905172 0.204023
140 0.435345 0.375479 0.0905173 0.204023
141 0.434626 0.377395 0.0912357 0.202107
142 0.431034 0.377395 0.0933908 0.204981
143 0.428161 0.377395 0.0919541 0.204981
144 0.428161 0.377395 0.0919541 0.205939
145 0.426006 0.377395 0.0912356 0.205939
146 0.426006 0.377395 0.0912356 0.205939
147 0.426006 0.377395 0.0912356 0.205939
148 0.426006 0.377395 0.0912356 0.207854
149 0.428161 0.377395 0.0897989 0.207854
150 0.431034 0.380268 0.0890805 0.204981
151 0.432471 0.380268 0.0905172 0.206897
152 0.43319 0.380268 0.0897988 0.206897
153 0.43319 0.381226 0.091954 0.205939
154 0.435345 0.381226 0.0897989 0.205939
155 0.435345 0.381226 0.0897989 0.205939
156 0.43319 0.380268 0.091954 0.206897
157 0.429598 0.380268 0.0933908 0.206897
158 0.426724 0.380268 0.0933908 0.206897
159 0.420259 0.375479 0.0926724 0.211686
160 0.414512 0.375479 0.0933908 0.208812
161 0.408046 0.371648 0.0926724 0.212644
162 0.402299 0.371648 0.095546 0.212644
163 0.399425 0.371648 0.0962644 0.212644
164 0.395833 0.37069 0.0941092 0.207854
165 0.392241 0.368774 0.095546 0.20977
166 0.391523 0.3659 0.0941092 0.212644
167 0.391523 0.363027 0.0941092 0.212644
168 0.391523 0.359195 0.0926724 0.216475
169 0.391523 0.358238 0.0926724 0.20977
170 0.39296 0.354406 0.0926724 0.213602
171 0.397988 0.354406 0.091954 0.213602
172 0.404454 0.354406 0.0905173 0.213602
173 0.413075 0.354406 0.0905173 0.213602
174 0.417385 0.354406 0.0948276 0.213602
175 0.426724 0.351533 0.0897989 0.216475
176 0.435345 0.351533 0.0905173 0.216475
177 0.4375 0.346743 0.0919541 0.217433
178 0.441092 0.348659 0.0897989 0.217433
179 0.441092 0.348659 0.0933908 0.217433
180 0.441092 0.348659 0.0912356 0.219349
181 0.438937 0.348659 0.0933908 0.222222
182 0.438937 0.354406 0.0905173 0.220307
183 0.438937 0.358238 0.0905173 0.220307
184 0.438937 0.362069 0.0919541 0.221264
185 0.442529 0.3659 0.0897989 0.222222
186 0.447557 0.3659 0.0897988 0.225096
187 0.448994 0.3659 0.0948276 0.225096
188 0.454741 0.3659 0.0941092 0.225096
189 0.460488 0.363027 0.0912356 0.225096
190 0.463362 0.356322 0.0962644 0.227969
191 0.465517 0.348659 0.0984195 0.227969
192 0.471983 0.34387 0.0991379 0.227012
193 0.475575 0.336207 0.0977012 0.227012
194 0.478448 0.334291 0.0984195 0.227011
195 0.479885 0.332375 0.100575 0.228927
196 0.479885 0.332375 0.100575 0.228927
197 0.481322 0.326628 0.10273 0.234674
198 0.481322 0.326628 0.10273 0.234674
199 0.481322 0.326628 0.0984195 0.234674
200 0.477012 0.326628 0.0998563 0.234674
201 0.471983 0.326628 0.102012 0.234674
202 0.466954 0.326628 0.100575 0.234674
203 0.459052 0.325671 0.10273 0.230843
204 0.453305 0.319923 0.101293 0.233716
205 0.450431 0.310345 0.100575 0.237548
206 0.442529 0.306513 0.103448 0.23659
207 0.441092 0.30364 0.101293 0.237548
208 0.436063 0.301724 0.100575 0.232759
209 0.436063 0.295019 0.0977011 0.235632
210 0.434626 0.293103 0.0962644 0.237548
211 0.431753 0.293103 0.099138 0.237548
212 0.43319 0.291188 0.100575 0.239464
213 0.43319 0.291188 0.100575 0.239464
214 0.43319 0.288314 0.100575 0.242337
215 0.43319 0.284483 0.100575 0.246169
216 0.43319 0.284483 0.100575 0.246169
217 0.432471 0.292146 0.0991379 0.238506
218 0.432471 0.289272 0.0984195 0.242337
219 0.429598 0.293103 0.102011 0.240421
220 0.428161 0.293103 0.101293 0.244253
221 0.428161 0.293103 0.0969828 0.244253
222 0.424569 0.293103 0.100575 0.244253
223 0.424569 0.293103 0.100575 0.247126
224 0.420977 0.293103 0.102011 0.249042
225 0.420259 0.295977 0.10273 0.247126
226 0.420259 0.295977 0.104885 0.250958
227 0.422414 0.295977 0.106322 0.251916
228 0.430316 0.293103 0.108477 0.254789
229 0.436063 0.288314 0.107759 0.253831
230 0.441092 0.285441 0.109914 0.257663
231 0.446839 0.285441 0.109914 0.257663
232 0.450431 0.283525 0.109914 0.259579
233 0.453305 0.283525 0.111351 0.259579
234 0.454023 0.281609 0.112069 0.257663
235 0.454023 0.274904 0.112069 0.264368
236 0.45546 0.271073 0.110632 0.268199
237 0.452586 0.271073 0.113506 0.268199
238 0.454741 0.272031 0.112787 0.269157
239 0.453305 0.274904 0.114224 0.269157
240 0.450431 0.280651 0.114224 0.270115
241 0.448994 0.285441 0.115661 0.272988
242 0.447557 0.285441 0.117098 0.275862
243 0.446839 0.283525 0.117816 0.277778
244 0.452586 0.284483 0.116379 0.27682
245 0.454023 0.283525 0.115661 0.277778
246 0.453305 0.286398 0.117098 0.277778
247 0.454741 0.289272 0.118534 0.277778
248 0.451868 0.291188 0.121408 0.278736
249 0.452586 0.29023 0.116379 0.279694
250 0.450431 0.292146 0.118534 0.280651
251 0.445402 0.293103 0.119253 0.283525
252 0.443966 0.294061 0.12069 0.282567
253 0.4375 0.299808 0.12069 0.283525
254 0.43319 0.307471 0.121408 0.283525
255 0.429598 0.312261 0.118534 0.282567
256 0.426006 0.312261 0.118534 0.285441
257 0.426006 0.318008 0.118534 0.282567
258 0.424569 0.322797 0.117816 0.284483
259 0.418822 0.331418 0.119971 0.283525
260 0.418822 0.337165 0.119971 0.286398
261 0.420977 0.340038 0.12069 0.286398
262 0.425287 0.340038 0.119253 0.289272
263 0.431034 0.340038 0.12069 0.289272
264 0.436782 0.340038 0.121408 0.293103
265 0.438937 0.347701 0.12069 0.288314
266 0.443247 0.347701 0.12069 0.29023
267 0.443247 0.347701 0.122845 0.29023
268 0.443247 0.347701 0.122845 0.29023
269 0.446121 0.346743 0.119971 0.289272
270 0.446121 0.344828 0.119971 0.291188
271 0.446121 0.342912 0.119971 0.293103
272 0.446121 0.340996 0.12069 0.295019
273 0.446121 0.340038 0.122845 0.289272
274 0.446839 0.335249 0.122126 0.291188
275 0.446839 0.332375 0.122126 0.294061
276 0.446839 0.329502 0.122126 0.292146
277 0.446839 0.328544 0.122126 0.293103
278 0.446839 0.321839 0.122845 0.291188
279 0.444684 0.319923 0.122845 0.293103
280 0.444684 0.318008 0.122845 0.289272
281 0.444684 0.313218 0.122845 0.294061
282 0.443247 0.310345 0.121408 0.293103
283 0.442529 0.310345 0.122126 0.293103
284 0.438937 0.305556 0.12069 0.294061
285 0.436063 0.305556 0.123563 0.294061
286 0.432471 0.305556 0.124282 0.294061
287 0.431034 0.310345 0.122845 0.293103
288 0.431034 0.316092 0.122845 0.292146
289 0.431034 0.323755 0.122845 0.291188
290 0.43319 0.329502 0.124282 0.293103
291 0.436782 0.337165 0.127155 0.292146
292 0.442529 0.344828 0.125718 0.291188
293 0.442529 0.350575 0.130029 0.29023
294 0.451868 0.350575 0.127155 0.295019
295 0.457615 0.350575 0.127155 0.295019
296 0.459052 0.350575 0.12931 0.295019
297 0.461925 0.350575 0.130029 0.295019
298 0.461925 0.350575 0.130029 0.295019
299 0.461925 0.354406 0.130029 0.291188
300 0.461925 0.356322 0.125718 0.295019
301 0.457615 0.356322 0.130029 0.298851
302 0.456897 0.359195 0.130747 0.296935
303 0.454023 0.363985 0.132184 0.295977
304 0.454023 0.367816 0.132184 0.296935
305 0.454023 0.367816 0.132184 0.296935
306 0.454023 0.367816 0.132184 0.296935
307 0.456897 0.367816 0.131466 0.297893
308 0.458333 0.367816 0.130747 0.297893
309 0.458333 0.367816 0.132184 0.310345
310 0.458333 0.367816 0.132184 0.310345
311 0.457615 0.367816 0.132902 0.310345
312 0.454741 0.37069 0.130747 0.300766
313 0.447557 0.37069 0.130747 0.300766
314 0.44181 0.37069 0.130029 0.300766
315 0.436782 0.37069 0.12931 0.301724
316 0.434626 0.372605 0.12931 0.30364
317 0.428161 0.372605 0.12931 0.30364
318 0.421695 0.376437 0.127874 0.301724
319 0.421695 0.376437 0.127874 0.301724
320 0.426006 0.376437 0.127155 0.301724
321 0.428879 0.372605 0.12931 0.300766
322 0.4375 0.368774 0.130029 0.298851
323 0.449713 0.363027 0.128592 0.300766
324 0.463362 0.361111 0.127874 0.298851
325 0.47342 0.35728 0.130747 0.302682
326 0.480603 0.355364 0.130747 0.301724
327 0.487787 0.35249 0.132184 0.299808
328 0.494971 0.348659 0.131465 0.298851
329 0.5 0.344828 0.128592 0.302682
330 0.502155 0.340038 0.12931 0.30364
331 0.502155 0.331418 0.12931 0.30364
332 0.501437 0.327586 0.130029 0.299808
333 0.501437 0.320881 0.128592 0.300766
334 0.496408 0.315134 0.130029 0.304598
335 0.494253 0.315134 0.128592 0.300766
336 0.489224 0.314176 0.130029 0.298851
337 0.487069 0.310345 0.12931 0.302682
338 0.483477 0.310345 0.130029 0.302682
339 0.481322 0.310345 0.128592 0.302682
340 0.478448 0.310345 0.127155 0.302682
341 0.476293 0.310345 0.130747 0.302682
342 0.474856 0.310345 0.128592 0.302682
343 0.472701 0.313218 0.130747 0.301724
344 0.472701 0.316092 0.130747 0.30364
345 0.469828 0.316092 0.133621 0.30364
346 0.47342 0.316092 0.130029 0.309387
347 0.476293 0.323755 0.130747 0.302682
348 0.479885 0.331418 0.130747 0.306513
349 0.483477 0.335249 0.134339 0.307471
350 0.489943 0.335249 0.132902 0.310345
351 0.494253 0.33908 0.133621 0.310345
352 0.497845 0.342912 0.136494 0.309387
353 0.500718 0.342912 0.137213 0.311303
354 0.50431 0.345785 0.137931 0.312261
355 0.507184 0.344828 0.137213 0.314176
356 0.507184 0.344828 0.141523 0.314176
357 0.513649 0.344828 0.141523 0.31705
358 0.515086 0.35249 0.142241 0.313218
359 0.520833 0.359195 0.138649 0.313218
360 0.520833 0.359195 0.144397 0.31705
361 0.525862 0.359195 0.143678 0.321839
362 0.525862 0.359195 0.145833 0.321839
363 0.528017 0.359195 0.143678 0.32567
364 0.528017 0.359195 0.147988 0.328544
365 0.528017 0.363027 0.147988 0.324713
366 0.528017 0.363027 0.145833 0.328544
367 0.524425 0.37069 0.149425 0.327586
368 0.524425 0.376437 0.146552 0.33046
369 0.521552 0.382184 0.14727 0.329502
370 0.519397 0.388889 0.14727 0.33046
371 0.51796 0.388889 0.148707 0.334291
372 0.515805 0.388889 0.150862 0.334291
373 0.515805 0.39272 0.150862 0.333333
374 0.516523 0.396552 0.150144 0.329502
375 0.516523 0.396552 0.150144 0.333333
376 0.516523 0.396552 0.150144 0.334291
377 0.516523 0.396552 0.150144 0.334291
378 0.516523 0.396552 0.150144 0.334291
379 0.516523 0.396552 0.150144 0.335249
380 0.516523 0.396552 0.150144 0.335249
381 0.512213 0.396552 0.154454 0.335249
382 0.506465 0.396552 0.14727 0.335249
383 0.494253 0.394636 0.15158 0.337165
384 0.488506 0.394636 0.150144 0.337165
385 0.48204 0.394636 0.147988 0.337165
386 0.47773 0.399425 0.145115 0.332375
387 0.468391 0.407088 0.14727 0.335249
388 0.460488 0.407088 0.14727 0.338123
389 0.460488 0.407088 0.145115 0.338123
390 0.460488 0.407088 0.145115 0.338123
391 0.460488 0.407088 0.145115 0.338123
392 0.460488 0.407088 0.145115 0.338123
393 0.465517 0.407088 0.143678 0.338123
394 0.470546 0.407088 0.143678 0.338123
395 0.470546 0.407088 0.146552 0.338123
396 0.47342 0.407088 0.146552 0.338123
397 0.47342 0.407088 0.149425 0.338123
398 0.47342 0.405172 0.149425 0.334291
399 0.47342 0.405172 0.149425 0.334291
400 0.47342 0.404215 0.145115 0.335249
401 0.470546 0.404215 0.145833 0.335249
402 0.466954 0.404215 0.14296 0.333333
403 0.452586 0.403257 0.145115 0.334291
404 0.441092 0.401341 0.145115 0.336207
405 0.43319 0.401341 0.142241 0.336207
406 0.422414 0.401341 0.143678 0.336207
407 0.413075 0.401341 0.144397 0.336207
408 0.407328 0.401341 0.143678 0.336207
409 0.40158 0.401341 0.141523 0.336207
410 0.39727 0.401341 0.140805 0.336207
411 0.39296 0.401341 0.141523 0.331418
412 0.390805 0.398467 0.143678 0.334291
413 0.393678 0.395594 0.141523 0.333333
414 0.398707 0.394636 0.141523 0.334291
415 0.405891 0.393678 0.139368 0.331418
416 0.412356 0.388889 0.140086 0.332375
417 0.415948 0.386015 0.140805 0.335249
418 0.415948 0.385057 0.140805 0.336207
419 0.415948 0.385057 0.144397 0.333333
420 0.41954 0.3841 0.140086 0.332375
421 0.41954 0.3841 0.145115 0.332375
422 0.423851 0.3841 0.145833 0.332375
423 0.433908 0.3841 0.140805 0.332375
424 0.438218 0.3841 0.144397 0.332375
425 0.446121 0.3841 0.145115 0.332375
426 0.456178 0.3841 0.14727 0.335249
427 0.46408 0.386015 0.148707 0.333333
428 0.476293 0.386015 0.150144 0.333333
429 0.486351 0.386015 0.149425 0.337165
430 0.493534 0.386015 0.15158 0.337165
431 0.500718 0.386015 0.153736 0.337165
432 0.506465 0.389847 0.15158 0.33908
433 0.509339 0.389847 0.154454 0.342912
434 0.515086 0.39272 0.15158 0.342912
435 0.515086 0.39272 0.155891 0.342912
436 0.515086 0.396552 0.155891 0.340038
437 0.515086 0.400383 0.155891 0.341954
438 0.515086 0.403257 0.158046 0.342912
439 0.514368 0.409962 0.158764 0.337165
440 0.514368 0.413793 0.161638 0.341954
441 0.519397 0.416667 0.160201 0.346743
442 0.523707 0.416667 0.157328 0.346743
443 0.527299 0.421456 0.158046 0.34387
444 0.532328 0.426245 0.155891 0.341954
445 0.532328 0.431034 0.158764 0.341954
446 0.532328 0.434866 0.159483 0.341954
447 0.532328 0.434866 0.159483 0.341954
448 0.525862 0.434866 0.160201 0.349617
449 0.523707 0.434866 0.158046 0.349617
450 0.517241 0.434866 0.158764 0.349617
451 0.510057 0.434866 0.158046 0.349617
452 0.50431 0.433908 0.156609 0.350575
453 0.500718 0.433908 0.153736 0.346743
454 0.49569 0.429119 0.150862 0.351533
455 0.488506 0.425287 0.149425 0.349617
456 0.479885 0.424329 0.150144 0.350575
457 0.474138 0.423372 0.152299 0.345785
458 0.471264 0.421456 0.153017 0.347701
459 0.471264 0.41954 0.150144 0.349617
460 0.474856 0.415709 0.150862 0.349617
461 0.477012 0.41092 0.152299 0.347701
462 0.484914 0.405172 0.148707 0.349617
463 0.485632 0.400383 0.153736 0.346743
464 0.493534 0.398467 0.152299 0.344828
465 0.497845 0.394636 0.15158 0.34387
466 0.502874 0.394636 0.151581 0.34387
467 0.505747 0.390805 0.153736 0.341954
468 0.510057 0.389847 0.153736 0.342912
469 0.514368 0.3841 0.150144 0.345785
470 0.514368 0.380268 0.152299 0.345785
471 0.514368 0.376437 0.153017 0.346743
472 0.51796 0.371648 0.152299 0.345785
473 0.51796 0.366858 0.152299 0.348659
474 0.515086 0.366858 0.15158 0.342912
475 0.515086 0.363027 0.15158 0.346743
476 0.509339 0.363027 0.154454 0.34387
477 0.509339 0.361111 0.150862 0.345785
478 0.505747 0.361111 0.154454 0.345785
479 0.503592 0.361111 0.154454 0.345785
480 0.503592 0.361111 0.154454 0.345785
481 0.500718 0.3659 0.157328 0.34387
482 0.496408 0.374521 0.157328 0.34387
483 0.496408 0.378352 0.157328 0.345785
484 0.496408 0.378352 0.157328 0.345785
485 0.496408 0.381226 0.157328 0.346743
486 0.496408 0.381226 0.158046 0.350575
487 0.496408 0.386015 0.158046 0.345785
488 0.496408 0.390805 0.158046 0.350575
489 0.490661 0.405172 0.158764 0.347701
490 0.492098 0.408046 0.157328 0.350575
491 0.489943 0.425287 0.159483 0.347701
492 0.489943 0.433908 0.158046 0.348659
493 0.485632 0.436782 0.158764 0.351533
494 0.485632 0.436782 0.158764 0.351533
495 0.485632 0.441571 0.158764 0.350575
496 0.484195 0.441571 0.160201 0.350575
497 0.484195 0.441571 0.158046 0.350575
498 0.480603 0.441571 0.161638 0.350575
499 0.480603 0.441571 0.158046 0.350575
500 0.477012 0.440613 0.161638 0.351533
501 0.477012 0.440613 0.158046 0.351533
502 0.477012 0.440613 0.158046 0.351533
503 0.474856 0.440613 0.156609 0.351533
504 0.474856 0.441571 0.158046 0.350575
505 0.477012 0.441571 0.159483 0.350575
506 0.484914 0.438697 0.157328 0.350575
507 0.488506 0.434866 0.160201 0.354406
508 0.494253 0.429119 0.161638 0.35728
509 0.501437 0.423372 0.161638 0.351533
510 0.507184 0.41092 0.160201 0.356322
511 0.512931 0.401341 0.159483 0.35249
512 0.517241 0.388889 0.16092 0.354406
513 0.52227 0.383142 0.159483 0.350575
514 0.525144 0.37931 0.160201 0.351533
515 0.525144 0.377395 0.160201 0.350575
516 0.525144 0.377395 0.160201 0.350575
517 0.529454 0.382184 0.155891 0.344828
518 0.529454 0.387931 0.156609 0.347701
519 0.529454 0.39751 0.156609 0.342912
520 0.529454 0.402299 0.156609 0.341954
521 0.529454 0.409004 0.156609 0.340996
522 0.529454 0.409004 0.156609 0.344828
523 0.529454 0.412835 0.156609 0.34387
524 0.529454 0.416667 0.156609 0.347701
525 0.529454 0.421456 0.155891 0.340038
526 0.528736 0.425287 0.156609 0.33908
527 0.525144 0.425287 0.157328 0.341954
528 0.52227 0.425287 0.157328 0.341954
529 0.52227 0.425287 0.153736 0.341954
530 0.515086 0.425287 0.160919 0.341954
531 0.515086 0.425287 0.156609 0.34387
532 0.510057 0.425287 0.159483 0.34387
533 0.506465 0.425287 0.160201 0.347701
534 0.502155 0.430077 0.16092 0.346743
535 0.498563 0.430077 0.161638 0.350575
536 0.498563 0.433908 0.161638 0.350575
537 0.498563 0.438697 0.164512 0.349617
538 0.507184 0.438697 0.163793 0.353448
539 0.512213 0.444444 0.163793 0.356322
540 0.512213 0.449234 0.165948 0.363027
541 0.516523 0.458812 0.165948 0.361111
542 0.516523 0.465517 0.168103 0.361111
543 0.516523 0.475096 0.168103 0.360153
544 0.516523 0.491379 0.168103 0.362069
545 0.515086 0.498084 0.16954 0.362069
546 0.513649 0.498084 0.170977 0.364943
547 0.510776 0.498084 0.172414 0.3659
548 0.509339 0.498084 0.173851 0.3659
549 0.507184 0.498084 0.172414 0.367816
550 0.507184 0.498084 0.16954 0.367816
551 0.505029 0.498084 0.171695 0.367816
552 0.501437 0.498084 0.171695 0.367816
553 0.501437 0.495211 0.168822 0.367816
554 0.500718 0.493295 0.16954 0.366858
555 0.498563 0.493295 0.170977 0.363985
556 0.498563 0.489464 0.170977 0.367816
557 0.498563 0.484674 0.170977 0.368774
558 0.505029 0.478927 0.164512 0.367816
559 0.505029 0.474138 0.16523 0.369732
560 0.505029 0.47318 0.16523 0.367816
561 0.505029 0.47318 0.16523 0.367816
562 0.50431 0.472222 0.162356 0.364943
563 0.503592 0.472222 0.160201 0.364943
564 0.497845 0.472222 0.161638 0.364943
565 0.492098 0.468391 0.161638 0.3659
566 0.487787 0.464559 0.159483 0.369732
567 0.479167 0.461686 0.16092 0.368774
568 0.474138 0.460728 0.160201 0.366858
569 0.469828 0.454981 0.160201 0.3659
570 0.464799 0.453065 0.158046 0.361111
571 0.461925 0.448276 0.157328 0.362069
572 0.457615 0.442529 0.155891 0.363027
573 0.449713 0.435824 0.155891 0.363027
574 0.445402 0.431034 0.155891 0.358238
575 0.443966 0.428161 0.153736 0.356322
576 0.441092 0.424329 0.153736 0.359195
577 0.438218 0.421456 0.153017 0.359195
578 0.435345 0.424329 0.153736 0.35728
579 0.435345 0.424329 0.153736 0.35728
580 0.435345 0.431034 0.153736 0.355364
581 0.435345 0.434866 0.153736 0.35728
582 0.435345 0.434866 0.153736 0.35728
583 0.434626 0.442529 0.150144 0.35249
584 0.432471 0.441571 0.152299 0.353448
585 0.432471 0.439655 0.150144 0.355364
586 0.431753 0.438697 0.150862 0.350575
587 0.431753 0.435824 0.150862 0.353448
588 0.431753 0.435824 0.153736 0.353448
589 0.431753 0.435824 0.153736 0.353448
590 0.428879 0.435824 0.156609 0.353448
591 0.431753 0.434866 0.153736 0.354406
592 0.428879 0.435824 0.156609 0.353448
593 0.428879 0.438697 0.156609 0.350575
594 0.426006 0.441571 0.159483 0.35249
595 0.427443 0.447318 0.155172 0.350575
596 0.427443 0.453065 0.158046 0.351533
597 0.429598 0.457854 0.157328 0.348659
598 0.429598 0.45977 0.157328 0.35249
599 0.433908 0.464559 0.156609 0.349617
600 0.433908 0.465517 0.158764 0.35249
601 0.438218 0.467433 0.156609 0.345785
602 0.443966 0.466475 0.154454 0.346743
603 0.447557 0.467433 0.158764 0.349617
604 0.456178 0.461686 0.158046 0.355364
605 0.461925 0.461686 0.159483 0.349617
606 0.466954 0.457854 0.160201 0.353448
607 0.474856 0.454981 0.160201 0.349617
608 0.478448 0.454981 0.16092 0.349617
609 0.482759 0.45977 0.160201 0.346743
610 0.487069 0.460728 0.163075 0.349617
611 0.491379 0.466475 0.163075 0.347701
612 0.493534 0.471264 0.16523 0.349617
613 0.493534 0.477012 0.163793 0.349617
614 0.493534 0.481801 0.163793 0.351533
615 0.490661 0.488506 0.165948 0.350575
616 0.488506 0.495211 0.163075 0.350575
617 0.488506 0.495211 0.163075 0.35249
618 0.488506 0.494253 0.163793 0.353448
619 0.488506 0.494253 0.163793 0.353448
620 0.492098 0.490421 0.16523 0.35728
621 0.49569 0.487548 0.166667 0.360153
622 0.5 0.487548 0.168822 0.363027
623 0.502155 0.491379 0.166667 0.360153
624 0.507902 0.498084 0.167385 0.358238
625 0.512931 0.5 0.166667 0.359195
626 0.512931 0.506705 0.164512 0.361111
627 0.512931 0.512452 0.164512 0.361111
628 0.514368 0.517241 0.167385 0.363027
629 0.515805 0.520115 0.165948 0.363985
630 0.515805 0.520115 0.165948 0.363985
631 0.520833 0.520115 0.163075 0.366858
632 0.520833 0.523946 0.163075 0.363027
633 0.518678 0.521073 0.16523 0.3659
634 0.518678 0.516284 0.163075 0.366858
635 0.512213 0.509579 0.162356 0.367816
636 0.502155 0.500958 0.163075 0.368774
637 0.496408 0.497126 0.161638 0.3659
638 0.489943 0.482759 0.159483 0.369732
639 0.483477 0.47318 0.160201 0.363027
640 0.48204 0.470307 0.158046 0.361111
641 0.477012 0.465517 0.158046 0.363027
642 0.475575 0.461686 0.155172 0.361111
643 0.472701 0.456897 0.155891 0.362069
644 0.466954 0.454023 0.153736 0.361111
645 0.458333 0.449234 0.155172 0.35728
646 0.451149 0.442529 0.15158 0.35728
647 0.443247 0.436782 0.150144 0.354406
648 0.436063 0.431034 0.150144 0.358238
649 0.428161 0.428161 0.15158 0.355364
650 0.423851 0.426245 0.148707 0.349617
651 0.41954 0.422414 0.148707 0.351533
652 0.416667 0.421456 0.14727 0.35249
653 0.413793 0.416667 0.145833 0.349617
654 0.413793 0.413793 0.147988 0.346743
655 0.418822 0.41092 0.143678 0.344828
656 0.420977 0.409962 0.144397 0.341954
657 0.426006 0.402299 0.141523 0.33908
658 0.428879 0.396552 0.139368 0.337165
659 0.428879 0.391762 0.141523 0.340038
660 0.428879 0.389847 0.141523 0.338123
661 0.428879 0.389847 0.141523 0.338123
662 0.432471 0.389847 0.137931 0.336207
663 0.432471 0.389847 0.141523 0.336207
664 0.4375 0.391762 0.140805 0.334291
665 0.44181 0.391762 0.139368 0.337165
666 0.447557 0.39751 0.140086 0.331418
667 0.449713 0.403257 0.139368 0.332375
668 0.449713 0.413793 0.138649 0.331418
669 0.45546 0.417625 0.142241 0.334291
670 0.461207 0.425287 0.140086 0.329502
671 0.466954 0.428161 0.141523 0.333333
672 0.471983 0.428161 0.143678 0.337165
673 0.47773 0.428161 0.143678 0.337165
674 0.48204 0.429119 0.144397 0.336207
675 0.484914 0.429119 0.143678 0.340038
676 0.484914 0.429119 0.143678 0.340038
677 0.484914 0.428161 0.143678 0.340996
678 0.484195 0.428161 0.144397 0.338123
679 0.483477 0.424329 0.145115 0.338123
680 0.483477 0.41954 0.145115 0.33908
681 0.483477 0.417625 0.143678 0.337165
682 0.483477 0.414751 0.145115 0.338123
683 0.483477 0.412835 0.145115 0.336207
684 0.482759 0.407088 0.137931 0.33908
685 0.47773 0.402299 0.138649 0.338123
686 0.471983 0.394636 0.136494 0.337165
687 0.468391 0.391762 0.136494 0.338123
688 0.468391 0.389847 0.135057 0.336207
689 0.461207 0.3841 0.137931 0.338123
690 0.460488 0.37931 0.134339 0.338123
691 0.464799 0.376437 0.135776 0.333333
692 0.474138 0.369732 0.130029 0.334291
693 0.478448 0.3659 0.133621 0.329502
694 0.483477 0.360153 0.135057 0.334291
695 0.488506 0.360153 0.135057 0.328544
696 0.494253 0.360153 0.134339 0.328544
697 0.497845 0.360153 0.133621 0.326628
698 0.497845 0.362069 0.135058 0.324713
699 0.497845 0.367816 0.135058 0.318965
700 0.499282 0.373563 0.131466 0.31705
701 0.499282 0.381226 0.131466 0.314176
702 0.498563 0.389847 0.132184 0.311303
703 0.498563 0.393678 0.130747 0.313218
704 0.498563 0.399425 0.130747 0.312261
705 0.496408 0.404215 0.130747 0.311303
706 0.494253 0.404215 0.130029 0.311303
707 0.493534 0.403257 0.128592 0.315134
708 0.491379 0.403257 0.130029 0.315134
709 0.491379 0.403257 0.130029 0.315134
710 0.491379 0.403257 0.130029 0.315134
711 0.491379 0.403257 0.130029 0.315134
712 0.490661 0.399425 0.130747 0.313218
713 0.489224 0.399425 0.128592 0.311303
714 0.486351 0.399425 0.128592 0.306513
715 0.484195 0.398467 0.127874 0.307471
716 0.48204 0.393678 0.128592 0.309387
717 0.479885 0.387931 0.126437 0.311303
718 0.47773 0.386973 0.125718 0.308429
719 0.475575 0.3841 0.125 0.308429
720 0.471983 0.383142 0.125718 0.306513
721 0.469828 0.386015 0.124282 0.30364
722 0.467672 0.394636 0.124282 0.298851
723 0.467672 0.403257 0.122126 0.295019
724 0.464799 0.41092 0.122126 0.293103
725 0.461925 0.414751 0.122126 0.295019
726 0.461207 0.420498 0.121408 0.295019
727 0.457615 0.422414 0.122845 0.293103
728 0.454741 0.426245 0.122845 0.29023
729 0.454741 0.43295 0.119971 0.286398
730 0.452586 0.438697 0.119253 0.282567
731 0.452586 0.440613 0.117098 0.283525
732 0.447557 0.444444 0.117816 0.282567
733 0.445402 0.451149 0.116379 0.275862
734 0.442529 0.44636 0.115661 0.283525
735 0.44181 0.447318 0.116379 0.282567
736 0.44181 0.447318 0.116379 0.282567
737 0.44181 0.450192 0.116379 0.279693
738 0.444684 0.454981 0.116379 0.27682
739 0.451149 0.457854 0.112069 0.273946
740 0.449713 0.463602 0.114943 0.277778
741 0.451149 0.465517 0.113506 0.279693
742 0.451149 0.470307 0.114943 0.278736
743 0.454023 0.474138 0.113506 0.274904
744 0.456897 0.474138 0.112787 0.274904
745 0.459052 0.482759 0.114224 0.272989
746 0.462644 0.48659 0.114224 0.269157
747 0.470546 0.491379 0.113506 0.272988
748 0.47342 0.498084 0.115661 0.278736
749 0.477012 0.503831 0.113506 0.280651
750 0.477012 0.508621 0.117098 0.281609
751 0.47342 0.517241 0.116379 0.278736
752 0.471264 0.519157 0.116379 0.281609
753 0.468391 0.519157 0.117816 0.285441
754 0.466954 0.519157 0.117098 0.286398
755 0.466954 0.517241 0.118534 0.285441
756 0.469109 0.511494 0.117816 0.286398
757 0.472701 0.511494 0.117816 0.282567
758 0.475575 0.511494 0.114943 0.280651
759 0.475575 0.511494 0.114943 0.280651
760 0.475575 0.511494 0.117098 0.282567
761 0.475575 0.517241 0.117098 0.280651
762 0.475575 0.517241 0.117098 0.280651
763 0.475575 0.517241 0.117098 0.280651
764 0.475575 0.517241 0.117098 0.285441
765 0.475575 0.517241 0.117098 0.285441
766 0.475575 0.520115 0.117098 0.282567
767 0.47342 0.522031 0.119253 0.280651
768 0.470546 0.525862 0.116379 0.280651
769 0.466236 0.534483 0.114943 0.273946
770 0.465517 0.534483 0.115661 0.273946
771 0.465517 0.54023 0.112069 0.273946
772 0.461925 0.54023 0.115661 0.280651
773 0.461207 0.54023 0.114943 0.280651
774 0.461925 0.54023 0.114224 0.280651
775 0.461925 0.542146 0.115661 0.278736
776 0.461925 0.542146 0.113506 0.282567
777 0.45977 0.545019 0.115661 0.279693
778 0.45977 0.546935 0.113506 0.277778
779 0.456897 0.550766 0.113506 0.273946
780 0.454023 0.550766 0.114943 0.275862
781 0.452586 0.555556 0.114224 0.271073
782 0.448276 0.557471 0.115661 0.272031
783 0.443966 0.560345 0.117098 0.270115
784 0.436782 0.560345 0.117098 0.272988
785 0.430316 0.563218 0.116379 0.272988
786 0.426724 0.564176 0.114224 0.271073
787 0.418103 0.564176 0.117816 0.271073
788 0.413075 0.564176 0.117098 0.271073
789 0.408764 0.563218 0.117098 0.272031
790 0.405891 0.561303 0.114224 0.266284
791 0.400144 0.557471 0.117098 0.270115
792 0.39296 0.556513 0.117098 0.267241
793 0.391523 0.556513 0.114943 0.267241
794 0.390086 0.555556 0.112069 0.268199
795 0.385057 0.550766 0.112787 0.264368
796 0.383621 0.544061 0.110632 0.262452
797 0.382184 0.536398 0.109195 0.265326
798 0.380747 0.531609 0.110632 0.264368
799 0.380029 0.531609 0.109195 0.264368
800 0.380029 0.530651 0.106322 0.260536
801 0.377155 0.532567 0.107759 0.258621
802 0.374282 0.535441 0.107759 0.257663
803 0.374282 0.535441 0.107759 0.257663
804 0.374282 0.535441 0.107759 0.257663
805 0.374282 0.535441 0.104885 0.257663
806 0.374282 0.535441 0.104885 0.257663
807 0.374282 0.54023 0.104885 0.252874
808 0.374282 0.543103 0.104885 0.252874
809 0.373563 0.541188 0.106322 0.255747
810 0.373563 0.539272 0.106322 0.252874
811 0.37931 0.535441 0.102012 0.256705
812 0.383621 0.533525 0.105603 0.252874
813 0.385776 0.52682 0.10704 0.256705
814 0.387213 0.524904 0.107759 0.256705
815 0.387213 0.529693 0.107759 0.255747
816 0.388649 0.535441 0.106322 0.255747
817 0.388649 0.543103 0.106322 0.251916
818 0.388649 0.543103 0.106322 0.254789
819 0.388649 0.548851 0.10704 0.249042
820 0.388649 0.545019 0.10704 0.255747
821 0.388649 0.542146 0.108477 0.258621
822 0.391523 0.532567 0.107759 0.262452
823 0.391523 0.518199 0.111351 0.262452
824 0.393678 0.509579 0.113506 0.261494
825 0.396552 0.502874 0.111351 0.264368
826 0.396552 0.495211 0.112787 0.266284
827 0.396552 0.48659 0.112787 0.266284
828 0.396552 0.484674 0.112787 0.268199
829 0.400144 0.479885 0.112069 0.267241
830 0.405172 0.477012 0.112069 0.270115
831 0.410201 0.477012 0.111351 0.268199
832 0.417385 0.475096 0.110632 0.270115
833 0.41954 0.477969 0.109914 0.269157
834 0.41954 0.478927 0.111351 0.268199
835 0.422414 0.477969 0.111351 0.269157
836 0.422414 0.476054 0.112069 0.271073
837 0.422414 0.47318 0.113506 0.273946
838 0.422414 0.472222 0.113506 0.274904
839 0.41954 0.469349 0.112787 0.272031
840 0.414512 0.469349 0.113506 0.272031
841 0.411638 0.469349 0.110632 0.272031
842 0.405172 0.469349 0.114224 0.272031
843 0.402299 0.469349 0.113506 0.270115
844 0.402299 0.469349 0.111351 0.270115
845 0.395833 0.469349 0.112787 0.272988
846 0.39296 0.47318 0.111351 0.273946
847 0.391523 0.47318 0.110632 0.271073
848 0.389368 0.476054 0.112069 0.270115
849 0.389368 0.476054 0.112069 0.270115
850 0.391523 0.475096 0.111351 0.271073
851 0.39296 0.475096 0.113506 0.272031
852 0.39296 0.475096 0.113506 0.272031
853 0.39296 0.475096 0.113506 0.272031
854 0.39296 0.475096 0.113506 0.272031
855 0.39296 0.478927 0.113506 0.268199
856 0.39296 0.478927 0.113506 0.268199
857 0.39296 0.481801 0.109914 0.270115
858 0.391523 0.483716 0.111351 0.270115
859 0.388649 0.483716 0.112069 0.272031
860 0.387213 0.483716 0.111351 0.272031
861 0.384339 0.483716 0.113506 0.273946
862 0.381466 0.475096 0.110632 0.272031
863 0.380747 0.466475 0.110632 0.274904
864 0.380747 0.45977 0.112787 0.272031
865 0.385057 0.452107 0.111351 0.277778
866 0.390086 0.449234 0.112787 0.272988
867 0.395115 0.443487 0.111351 0.274904
868 0.40158 0.435824 0.112069 0.272988
869 0.410201 0.428161 0.112787 0.272988
870 0.418103 0.420498 0.114942 0.275862
871 0.428879 0.417625 0.114942 0.27682
872 0.439655 0.41092 0.116379 0.277778
873 0.451149 0.409962 0.113506 0.274904
874 0.460488 0.40613 0.116379 0.27682
875 0.467672 0.403257 0.115661 0.277778
876 0.474856 0.401341 0.116379 0.27682
877 0.479167 0.399425 0.119971 0.27682
878 0.48204 0.395594 0.119253 0.280651
879 0.484914 0.394636 0.118534 0.278736
880 0.487787 0.390805 0.119971 0.282567
881 0.489943 0.3841 0.122126 0.286398
882 0.493534 0.3841 0.121408 0.282567
883 0.497845 0.385057 0.12069 0.282567
884 0.497845 0.383142 0.122845 0.286398
885 0.498563 0.381226 0.122845 0.291188
886 0.497126 0.381226 0.124282 0.285441
887 0.496408 0.37931 0.122845 0.288314
888 0.494253 0.37931 0.124282 0.288314
889 0.489943 0.37931 0.121408 0.288314
890 0.482759 0.381226 0.124282 0.287356
891 0.475575 0.380268 0.123563 0.294061
892 0.467672 0.3841 0.122845 0.295019
893 0.458333 0.3841 0.125718 0.295977
894 0.451149 0.387931 0.123563 0.295977
895 0.442529 0.391762 0.124282 0.295019
896 0.436782 0.394636 0.123563 0.295977
897 0.432471 0.398467 0.123563 0.296935
898 0.428879 0.404215 0.124282 0.299808
899 0.428161 0.409004 0.125 0.299808
900 0.426006 0.416667 0.126437 0.300766
901 0.431034 0.416667 0.123563 0.306513
902 0.431753 0.417625 0.126437 0.307471
903 0.431753 0.417625 0.130029 0.307471
904 0.435345 0.417625 0.12931 0.307471
905 0.438218 0.417625 0.130747 0.306513
906 0.44181 0.417625 0.12931 0.306513
907 0.44181 0.417625 0.132184 0.306513
908 0.44181 0.416667 0.132184 0.307471
909 0.44181 0.416667 0.132184 0.307471
910 0.442529 0.414751 0.131466 0.310345
911 0.438937 0.413793 0.132902 0.311303
912 0.436063 0.412835 0.132902 0.313218
913 0.43319 0.413793 0.135776 0.315134
914 0.431034 0.414751 0.133621 0.314176
915 0.427443 0.417625 0.136494 0.314176
916 0.422414 0.417625 0.137931 0.319923
917 0.41954 0.417625 0.137213 0.320881
918 0.416667 0.422414 0.141523 0.322797
919 0.416667 0.427203 0.141523 0.32567
920 0.417385 0.434866 0.141523 0.322797
921 0.424569 0.439655 0.141523 0.329502
922 0.428161 0.450192 0.14296 0.325671
923 0.434626 0.455939 0.142241 0.33046
924 0.4375 0.45977 0.146552 0.332375
925 0.439655 0.462644 0.147988 0.331418
926 0.444684 0.465517 0.149425 0.335249
927 0.447557 0.470307 0.153017 0.335249
928 0.453305 0.476054 0.153736 0.33908
929 0.459052 0.476054 0.150862 0.33908
930 0.464799 0.471264 0.152299 0.341954
931 0.469828 0.463602 0.154454 0.34387
932 0.477012 0.454981 0.150862 0.344828
933 0.481322 0.447318 0.152299 0.34387
934 0.487787 0.440613 0.150144 0.346743
935 0.492098 0.433908 0.150144 0.349617
936 0.492098 0.428161 0.150862 0.351533
937 0.489224 0.418582 0.150862 0.353448
938 0.481322 0.413793 0.153017 0.355364
939 0.471264 0.409962 0.15158 0.358238
940 0.45977 0.40613 0.152299 0.35728
941 0.445402 0.407088 0.155172 0.359195
942 0.426724 0.413793 0.155172 0.361111
943 0.415948 0.417625 0.152299 0.362069
944 0.400862 0.421456 0.156609 0.362069
945 0.394397 0.429119 0.153736 0.364943
946 0.387931 0.43295 0.155891 0.361111
947 0.382184 0.437739 0.155172 0.363985
948 0.381466 0.444444 0.155891 0.368774
949 0.384339 0.451149 0.156609 0.369732
950 0.383621 0.454981 0.157328 0.37069
951 0.385057 0.454981 0.158764 0.372605
952 0.39296 0.445402 0.158764 0.377395
953 0.399425 0.435824 0.158764 0.376437
954 0.404454 0.431034 0.159483 0.374521
955 0.408046 0.431034 0.161638 0.374521
956 0.412356 0.434866 0.156609 0.37069
957 0.412356 0.434866 0.155891 0.376437
958 0.412356 0.434866 0.156609 0.376437
959 0.410201 0.434866 0.158764 0.378353
960 0.408764 0.434866 0.153736 0.378353
961 0.405891 0.434866 0.153736 0.375479
962 0.40158 0.434866 0.156609 0.375479
963 0.395115 0.436782 0.155172 0.367816
964 0.394397 0.436782 0.153736 0.368774
965 0.391523 0.436782 0.155172 0.368774
966 0.390805 0.442529 0.153736 0.363027
967 0.387931 0.442529 0.153017 0.366858
968 0.385776 0.444444 0.155172 0.364943
969 0.385776 0.450192 0.153017 0.363027
970 0.383621 0.451149 0.150862 0.363985
971 0.381466 0.451149 0.150144 0.358238
972 0.382184 0.448276 0.148707 0.359195
973 0.382184 0.444444 0.15158 0.360153
974 0.388649 0.440613 0.15158 0.363985
975 0.394397 0.442529 0.150144 0.35728
976 0.39727 0.442529 0.150862 0.359195
977 0.397988 0.442529 0.152299 0.359195
978 0.39727 0.442529 0.15158 0.363985
979 0.395115 0.442529 0.15158 0.363985
980 0.395115 0.445402 0.15158 0.361111
981 0.393678 0.450192 0.154454 0.363027
982 0.398707 0.450192 0.15158 0.367816
983 0.405172 0.450192 0.155172 0.367816
984 0.412356 0.454023 0.155172 0.366858
985 0.417385 0.45977 0.158046 0.367816
986 0.426724 0.469349 0.156609 0.3659
987 0.432471 0.478927 0.158046 0.371648
988 0.438218 0.488506 0.158046 0.372605
989 0.440374 0.494253 0.16092 0.373563
990 0.446839 0.492337 0.160201 0.375479
991 0.454023 0.495211 0.159483 0.377395
992 0.454023 0.501916 0.163075 0.376437
993 0.45546 0.507663 0.162356 0.375479
994 0.454023 0.510536 0.162356 0.380268
995 0.451149 0.510536 0.163075 0.381226
996 0.449713 0.512452 0.16092 0.380268
997 0.447557 0.512452 0.160201 0.380268
998 0.445402 0.510536 0.162356 0.3841
999 0.445402 0.510536 0.162356 0.380268
1000 0.445402 0.504789 0.160201 0.383142
1001 0.445402 0.5 0.160201 0.385057
1002 0.444684 0.492337 0.16092 0.3841
1003 0.443966 0.485632 0.161638 0.37931
1004 0.446839 0.476054 0.160201 0.385057
1005 0.450431 0.476054 0.161638 0.37931
1006 0.457615 0.475096 0.155891 0.376437
1007 0.45977 0.474138 0.158764 0.374521
1008 0.463362 0.472222 0.158046 0.376437
1009 0.46408 0.468391 0.158046 0.374521
1010 0.466236 0.468391 0.157328 0.371648
1011 0.466236 0.468391 0.157328 0.371648
1012 0.46408 0.468391 0.157328 0.371648
1013 0.46408 0.462644 0.157328 0.367816
1014 0.462644 0.462644 0.155891 0.367816
1015 0.45977 0.458812 0.153736 0.3659
1016 0.456897 0.454981 0.153736 0.363027
1017 0.454023 0.454023 0.15158 0.359195
1018 0.450431 0.450192 0.150862 0.359195
1019 0.446121 0.443487 0.150144 0.358238
1020 0.44181 0.442529 0.148707 0.354406
1021 0.434626 0.438697 0.150144 0.353448
1022 0.432471 0.433908 0.150862 0.354406
1023 0.425287 0.430077 0.152299 0.353448
1024 0.421695 0.427203 0.148707 0.354406
1025 0.418822 0.420498 0.149425 0.355364
1026 0.41954 0.416667 0.150144 0.355364
1027 0.423851 0.416667 0.148707 0.351533
1028 0.423851 0.416667 0.152299 0.351533
1029 0.431753 0.422414 0.145833 0.348659
1030 0.431753 0.429119 0.14727 0.349617
1031 0.431753 0.43295 0.149425 0.350575
1032 0.431753 0.435824 0.147988 0.354406
1033 0.431753 0.440613 0.150144 0.351533
1034 0.431753 0.444444 0.150144 0.35249
1035 0.431753 0.449234 0.150144 0.353448
1036 0.435345 0.453065 0.15158 0.356322
1037 0.438937 0.460728 0.149425 0.358238
1038 0.438937 0.47318 0.15158 0.361111
1039 0.441092 0.487548 0.152299 0.361111
1040 0.440374 0.505747 0.153017 0.363985
1041 0.4375 0.51341 0.154454 0.363985
1042 0.4375 0.51341 0.154454 0.366858
1043 0.435345 0.510536 0.155172 0.366858
1044 0.435345 0.507663 0.155172 0.369732
1045 0.433908 0.505747 0.155891 0.367816
1046 0.431753 0.509579 0.155172 0.368774
1047 0.427443 0.508621 0.155891 0.367816
1048 0.426006 0.504789 0.155891 0.372605
1049 0.423851 0.501916 0.158046 0.375479
1050 0.421695 0.5 0.155891 0.377395
1051 0.41954 0.5 0.158764 0.377395
1052 0.41954 0.5 0.158764 0.377395
1053 0.41954 0.5 0.158764 0.377395
1054 0.41954 0.499042 0.158046 0.378352
1055 0.423132 0.492337 0.155891 0.37931
1056 0.423851 0.489464 0.159483 0.374521
1057 0.427443 0.479885 0.158046 0.37931
1058 0.431753 0.476054 0.157328 0.374521
1059 0.435345 0.470307 0.158764 0.376437
1060 0.439655 0.469349 0.161638 0.377395
1061 0.445402 0.468391 0.159483 0.373563
1062 0.450431 0.468391 0.158046 0.380268
1063 0.453305 0.474138 0.159483 0.377395
1064 0.456897 0.475096 0.160201 0.378352
1065 0.460488 0.480843 0.158046 0.377395
1066 0.460488 0.480843 0.159483 0.377395
1067 0.461925 0.475096 0.158764 0.380268
1068 0.462644 0.476054 0.158764 0.376437
1069 0.460488 0.468391 0.16092 0.37931
1070 0.456897 0.458812 0.162356 0.383142
1071 0.451868 0.451149 0.16092 0.381226
1072 0.446839 0.441571 0.162356 0.385057
1073 0.444684 0.435824 0.160201 0.381226
1074 0.439655 0.431034 0.161638 0.386015
1075 0.436063 0.425287 0.163075 0.3841
1076 0.433908 0.423372 0.161638 0.382184
1077 0.427443 0.421456 0.163075 0.3841
1078 0.422414 0.420498 0.163075 0.385058
1079 0.41954 0.420498 0.163793 0.387931
1080 0.41523 0.430077 0.163075 0.389847
1081 0.410201 0.440613 0.16523 0.390805
1082 0.407328 0.449234 0.166667 0.39272
1083 0.407328 0.460728 0.166667 0.395594
1084 0.403017 0.479885 0.167385 0.395594
1085 0.400862 0.495211 0.170259 0.39751
1086 0.394397 0.512452 0.170259 0.396552
1087 0.390086 0.522031 0.16954 0.399425
1088 0.382902 0.528736 0.170259 0.395594
1089 0.374282 0.523946 0.16954 0.400383
1090 0.367098 0.522988 0.171695 0.398467
1091 0.361351 0.519157 0.170259 0.402299
1092 0.355603 0.516284 0.170977 0.401341
1093 0.354167 0.511494 0.170977 0.408046
1094 0.35273 0.517241 0.171695 0.396552
1095 0.354885 0.512452 0.16954 0.398467
1096 0.359195 0.508621 0.168822 0.39751
1097 0.362069 0.497126 0.172414 0.404215
1098 0.369253 0.493295 0.174569 0.400383
1099 0.375 0.482759 0.173132 0.404215
1100 0.381466 0.476054 0.170977 0.407088
1101 0.385057 0.465517 0.174569 0.408046
1102 0.391523 0.457854 0.173132 0.408046
1103 0.398707 0.448276 0.175287 0.41092
1104 0.404454 0.447318 0.178161 0.408046
1105 0.410201 0.441571 0.178161 0.41092
1106 0.415948 0.441571 0.174569 0.41092
1107 0.418822 0.440613 0.176724 0.411877
1108 0.418822 0.439655 0.176724 0.41954
1109 0.41954 0.448276 0.176724 0.414751
1110 0.41523 0.454981 0.178879 0.416667
1111 0.410201 0.454981 0.178879 0.422414
1112 0.407328 0.454981 0.181753 0.425287
1113 0.403736 0.461686 0.180316 0.41954
1114 0.400862 0.461686 0.179598 0.423372
1115 0.396552 0.460728 0.181035 0.421456
1116 0.393678 0.463602 0.181753 0.418582
1117 0.390805 0.464559 0.181035 0.417625
1118 0.391523 0.469349 0.178879 0.420498
1119 0.387931 0.477012 0.182471 0.41954
1120 0.387931 0.479885 0.178879 0.416667
1121 0.387931 0.481801 0.181034 0.418582
1122 0.39296 0.481801 0.178879 0.41954
1123 0.39296 0.485632 0.180316 0.417625
1124 0.39296 0.490421 0.181753 0.418582
1125 0.39296 0.494253 0.180316 0.41954
1126 0.392241 0.497126 0.180316 0.417625
1127 0.392241 0.494253 0.180316 0.420498
1128 0.392241 0.490421 0.178161 0.41954
1129 0.387931 0.483716 0.180316 0.418582
1130 0.383621 0.468391 0.181753 0.421456
1131 0.380747 0.451149 0.181034 0.421456
1132 0.380747 0.433908 0.181034 0.421456
1133 0.382184 0.417625 0.18319 0.41954
1134 0.388649 0.399425 0.181034 0.416667
1135 0.395115 0.390805 0.181034 0.414751
1136 0.403017 0.385057 0.181034 0.41092
1137 0.411638 0.385057 0.18319 0.41092
1138 0.422414 0.386973 0.180316 0.408046
1139 0.431753 0.388889 0.176724 0.405172
1140 0.436782 0.385057 0.180316 0.401341
1141 0.446839 0.375479 0.180316 0.403257
1142 0.45977 0.37069 0.178879 0.403257
1143 0.467672 0.372605 0.177443 0.396552
1144 0.477012 0.373563 0.176006 0.393678
1145 0.479885 0.37069 0.171695 0.391762
1146 0.48204 0.372605 0.176006 0.385057
1147 0.493534 0.3659 0.173851 0.386015
1148 0.505747 0.358238 0.170259 0.382184
1149 0.514368 0.356322 0.168822 0.381226
1150 0.525862 0.360153 0.168822 0.378352
1151 0.534483 0.368774 0.165948 0.375479
1152 0.538075 0.372605 0.166667 0.377395
1153 0.542385 0.375479 0.16523 0.376437
1154 0.545977 0.337165 0.166667 0.374521
1155 0.553161 0.297893 0.16523 0.378352
1156 0.558908 0.283525 0.162356 0.383142
1157 0.559626 0.264368 0.16523 0.377395
1158 0.55819 0.255747 0.163793 0.374521
1159 0.551724 0.241379 0.155172 0.376437
1160 0.537356 0.227969 0.158046 0.373563
1161 0.530891 0.222222 0.149425 0.375479
1162 0.520833 0.187739 0.157328 0.382184
1163 0.515086 0.17433 0.158764 0.372605
1164 0.507902 0.170498 0.150144 0.376437
1165 0.494253 0.173372 0.157328 0.367816
1166 0.489943 0.178161 0.153017 0.3659
1167 0.478448 0.181992 0.152299 0.364943
1168 0.469109 0.191571 0.152299 0.360153
1169 0.462644 0.19636 0.152299 0.359195
1170 0.457615 0.201149 0.148707 0.35728
1171 0.451868 0.210728 0.145833 0.356322
1172 0.446839 0.219349 0.15158 0.351533
1173 0.446839 0.226054 0.14727 0.349617
1174 0.444684 0.230843 0.147988 0.348659
1175 0.444684 0.23659 0.145833 0.344828
1176 0.442529 0.241379 0.145115 0.33908
1177 0.442529 0.242337 0.144397 0.338123
1178 0.442529 0.248084 0.141523 0.333333
1179 0.438937 0.252874 0.140086 0.328544
1180 0.435345 0.258621 0.136494 0.32567
1181 0.429598 0.267241 0.137213 0.320881
1182 0.427443 0.275862 0.132902 0.315134
1183 0.427443 0.274904 0.134339 0.316092
1184 0.427443 0.277778 0.130029 0.308429
1185 0.428161 0.279693 0.12931 0.305556
1186 0.432471 0.287356 0.131465 0.299808
1187 0.436063 0.299808 0.131465 0.301724
1188 0.4375 0.315134 0.131465 0.297893
1189 0.44181 0.328544 0.130747 0.295019
1190 0.443247 0.338123 0.132902 0.295019
1191 0.449713 0.347701 0.130029 0.294061
1192 0.45546 0.35249 0.131465 0.294061
1193 0.461207 0.35728 0.131466 0.295977
1194 0.465517 0.358238 0.133621 0.295019
1195 0.471983 0.351533 0.135057 0.295019
1196 0.479167 0.344828 0.134339 0.296935
1197 0.484195 0.342912 0.135057 0.295977
1198 0.488506 0.336207 0.134339 0.299808
1199 0.492816 0.332375 0.134339 0.297893
1200 0.496408 0.331418 0.132184 0.300766
1201 0.498563 0.328544 0.132184 0.301724
1202 0.500718 0.324713 0.133621 0.302682
1203 0.506465 0.318966 0.131466 0.30364
1204 0.511494 0.31705 0.133621 0.305556
1205 0.520115 0.316092 0.132902 0.307471
1206 0.52658 0.315134 0.133621 0.308429
1207 0.531609 0.315134 0.133621 0.310345
1208 0.535201 0.314176 0.134339 0.307471
1209 0.537356 0.312261 0.135057 0.306513
1210 0.535201 0.312261 0.133621 0.309387
1211 0.532328 0.312261 0.130747 0.309387
1212 0.525862 0.320881 0.132184 0.304598
1213 0.508621 0.338123 0.12931 0.304598
1214 0.494971 0.349617 0.127874 0.308429
1215 0.472701 0.355364 0.130029 0.309387
1216 0.452586 0.364943 0.12931 0.302682
1217 0.441092 0.361111 0.127874 0.307471
1218 0.428879 0.35728 0.12931 0.307471
1219 0.414512 0.368774 0.126437 0.304598
1220 0.402299 0.386015 0.131466 0.302682
1221 0.397988 0.394636 0.130029 0.299808
1222 0.392241 0.403257 0.12931 0.299808
1223 0.388649 0.403257 0.12931 0.298851
1224 0.388649 0.400383 0.12931 0.295977
1225 0.388649 0.395594 0.12931 0.300766
1226 0.389368 0.393678 0.128592 0.300766
1227 0.392241 0.389847 0.132184 0.291188
1228 0.392241 0.391762 0.12931 0.289272
1229 0.394397 0.395594 0.128592 0.288314
1230 0.398707 0.399425 0.127155 0.286398
1231 0.395115 0.41092 0.127155 0.283525
1232 0.388649 0.424329 0.127874 0.279694
1233 0.386494 0.429119 0.125 0.281609
1234 0.382184 0.433908 0.125 0.277778
1235 0.37931 0.433908 0.122845 0.275862
1236 0.377874 0.430077 0.121408 0.277778
1237 0.373563 0.429119 0.123563 0.272031
1238 0.373563 0.426245 0.119253 0.271073
1239 0.372845 0.425287 0.117816 0.272031
1240 0.372845 0.425287 0.115661 0.272031
1241 0.37069 0.425287 0.113506 0.268199
1242 0.369253 0.425287 0.110632 0.268199
1243 0.374282 0.421456 0.111351 0.264368
1244 0.377874 0.414751 0.113506 0.260536
1245 0.385776 0.40613 0.108477 0.261494
1246 0.394397 0.398467 0.106322 0.257663
1247 0.403736 0.387931 0.108477 0.259579
1248 0.409483 0.382184 0.110632 0.255747
1249 0.420259 0.378352 0.107759 0.25
1250 0.426006 0.371648 0.104885 0.249042
1251 0.431034 0.367816 0.108477 0.244253
1252 0.4375 0.359195 0.104167 0.246169
1253 0.439655 0.353448 0.102012 0.241379
1254 0.442529 0.345785 0.101293 0.242337
1255 0.442529 0.341954 0.101293 0.240421
1256 0.446839 0.338123 0.0991379 0.239464
1257 0.449713 0.338123 0.0977011 0.232759
1258 0.451868 0.338123 0.0969828 0.233716
1259 0.454741 0.342912 0.0941092 0.228927
1260 0.454741 0.351533 0.0969827 0.227012
1261 0.454741 0.359195 0.0969827 0.226054
1262 0.454741 0.3659 0.0941092 0.225096
1263 0.450431 0.37069 0.0969827 0.222222
1264 0.446839 0.376437 0.0984195 0.220307
1265 0.443966 0.376437 0.0962643 0.224138
1266 0.441092 0.376437 0.0933908 0.224138
1267 0.4375 0.376437 0.0948276 0.220307
1268 0.435345 0.376437 0.0948276 0.224138
1269 0.434626 0.383142 0.0941092 0.217433
1270 0.434626 0.383142 0.0969827 0.218391
1271 0.435345 0.385057 0.0941092 0.220306
1272 0.434626 0.386973 0.0926724 0.217433
1273 0.4375 0.385057 0.0912356 0.218391
1274 0.439655 0.383142 0.0933908 0.217433
1275 0.442529 0.37931 0.0926724 0.217433
1276 0.445402 0.372605 0.0890805 0.214559
1277 0.450431 0.364943 0.0905172 0.211686
1278 0.454741 0.356322 0.0897988 0.20977
1279 0.454741 0.344828 0.0883621 0.212644
1280 0.457615 0.328544 0.0897988 0.212644
1281 0.457615 0.319923 0.0905173 0.213602
1282 0.457615 0.314176 0.0912357 0.211686
1283 0.457615 0.302682 0.0883621 0.215517
1284 0.454023 0.300766 0.091954 0.208812
1285 0.452586 0.295977 0.0897988 0.20977
1286 0.452586 0.295977 0.0869253 0.204023
1287 0.452586 0.294061 0.0862069 0.205939
1288 0.452586 0.294061 0.0862069 0.205939
1289 0.452586 0.297893 0.0897988 0.205939
1290 0.452586 0.308429 0.0869253 0.204981
1291 0.450431 0.319923 0.0876437 0.205939
1292 0.450431 0.33046 0.0847701 0.208812
1293 0.447557 0.340038 0.0862069 0.205939
1294 0.443966 0.345785 0.0862069 0.207854
1295 0.442529 0.355364 0.0847701 0.204023
1296 0.441092 0.363027 0.0854885 0.202107
1297 0.4375 0.3659 0.0854885 0.204023
1298 0.4375 0.369732 0.0854885 0.205939
1299 0.4375 0.374521 0.0862069 0.202107
1300 0.4375 0.374521 0.0847701 0.206897
1301 0.4375 0.380268 0.0854885 0.201149
1302 0.440374 0.37931 0.0826149 0.203065
1303 0.440374 0.37931 0.0847701 0.203065
1304 0.440374 0.37931 0.0826149 0.203065
1305 0.438218 0.37931 0.0847701 0.202107
1306 0.438218 0.37931 0.0847701 0.202107
1307 0.436063 0.37931 0.0840517 0.202107
