./Vid_E_person_partially_occluded.avi
0 0.434343 0.184615 0.167388 0.675
1 0.435786 0.182692 0.167388 0.676923
2 0.440115 0.182692 0.165945 0.673077
3 0.444444 0.182692 0.164502 0.673077
4 0.445887 0.180769 0.164502 0.673077
5 0.44733 0.178846 0.165945 0.675
6 0.450216 0.178846 0.165945 0.675
7 0.451659 0.182692 0.163059 0.671154
8 0.453102 0.178846 0.161616 0.676923
9 0.453102 0.182692 0.163059 0.671154
10 0.453102 0.182692 0.164502 0.671154
11 0.457431 0.182692 0.160173 0.673077
12 0.457431 0.182692 0.160173 0.673077
13 0.457431 0.182692 0.160173 0.673077
14 0.457431 0.182692 0.161616 0.673077
15 0.457431 0.182692 0.161616 0.673077
16 0.457431 0.182692 0.161616 0.673077
17 0.457431 0.182692 0.161616 0.673077
18 0.457431 0.182692 0.161616 0.673077
19 0.457431 0.182692 0.161616 0.673077
20 0.457431 0.182692 0.161616 0.673077
21 0.457431 0.182692 0.161616 0.673077
22 0.457431 0.188462 0.161616 0.671154
23 0.457431 0.188462 0.161616 0.671154
24 0.457431 0.188462 0.161616 0.671154
25 0.454545 0.188462 0.163059 0.671154
26 0.454545 0.186538 0.163059 0.673077
27 0.454545 0.186538 0.163059 0.673077
28 0.454545 0.184615 0.163059 0.675
29 0.451659 0.184615 0.164502 0.675
30 0.453102 0.184615 0.160173 0.673077
31 0.453102 0.184615 0.160173 0.673077
32 0.451659 0.186538 0.161616 0.673077
33 0.451659 0.186538 0.161616 0.673077
34 0.450216 0.186538 0.161616 0.675
35 0.450216 0.186538 0.161616 0.675
36 0.450216 0.186538 0.161616 0.675
37 0.450216 0.190385 0.161616 0.671154
38 0.450216 0.190385 0.161616 0.671154
39 0.44733 0.190385 0.163059 0.671154
40 0.44733 0.190385 0.163059 0.671154
41 0.44733 0.190385 0.163059 0.671154
42 0.44733 0.186538 0.163059 0.675
43 0.44733 0.184615 0.163059 0.675
44 0.44733 0.184615 0.163059 0.675
45 0.450216 0.184615 0.161616 0.673077
46 0.450216 0.182692 0.161616 0.675
47 0.450216 0.182692 0.164502 0.675
48 0.451659 0.178846 0.163059 0.678846
49 0.454545 0.176923 0.164502 0.675
50 0.455988 0.176923 0.165945 0.675
51 0.46176 0.175 0.160173 0.675
52 0.463203 0.175 0.160173 0.675
53 0.466089 0.175 0.160173 0.675
54 0.466089 0.175 0.161616 0.675
55 0.468975 0.175 0.163059 0.675
56 0.471861 0.175 0.163059 0.675
57 0.471861 0.176923 0.164502 0.673077
58 0.471861 0.176923 0.164502 0.675
59 0.470418 0.176923 0.161616 0.675
60 0.470418 0.176923 0.161616 0.676923
61 0.466089 0.180769 0.163059 0.673077
62 0.464646 0.180769 0.161616 0.673077
63 0.460317 0.180769 0.161616 0.675
64 0.453102 0.180769 0.164502 0.675
65 0.448773 0.180769 0.160173 0.676923
66 0.441558 0.180769 0.163059 0.676923
67 0.435786 0.180769 0.164502 0.676923
68 0.428571 0.180769 0.163059 0.678846
69 0.424242 0.180769 0.161616 0.682692
70 0.417027 0.184615 0.161616 0.680769
71 0.409812 0.186538 0.161616 0.684615
72 0.401154 0.192308 0.163059 0.682692
73 0.396825 0.196154 0.163059 0.682692
74 0.393939 0.196154 0.160173 0.682692
75 0.388167 0.196154 0.15873 0.682692
76 0.382395 0.196154 0.164502 0.682692
77 0.382395 0.196154 0.164502 0.682692
78 0.382395 0.196154 0.163059 0.682692
79 0.382395 0.196154 0.163059 0.682692
80 0.379509 0.196154 0.165945 0.680769
81 0.379509 0.192308 0.167388 0.684615
82 0.383838 0.186538 0.164502 0.684615
83 0.386724 0.186538 0.163059 0.684615
84 0.386724 0.186538 0.164502 0.684615
85 0.386724 0.190385 0.164502 0.680769
86 0.386724 0.192308 0.163059 0.678846
87 0.386724 0.192308 0.163059 0.678846
88 0.386724 0.194231 0.160173 0.678846
89 0.385281 0.198077 0.15873 0.676923
90 0.380952 0.2 0.163059 0.676923
91 0.380952 0.2 0.163059 0.676923
92 0.376623 0.203846 0.15873 0.673077
93 0.376623 0.203846 0.15873 0.673077
94 0.372294 0.205769 0.15873 0.673077
95 0.369408 0.205769 0.160173 0.673077
96 0.365079 0.205769 0.161616 0.673077
97 0.362193 0.205769 0.15873 0.671154
98 0.362193 0.205769 0.155844 0.669231
99 0.359307 0.2 0.157287 0.673077
100 0.356421 0.2 0.157287 0.671154
101 0.356421 0.198077 0.157287 0.667308
102 0.352092 0.196154 0.15873 0.661538
103 0.352092 0.192308 0.15873 0.665385
104 0.352092 0.190385 0.154401 0.663462
105 0.352092 0.184615 0.154401 0.659615
106 0.352092 0.180769 0.157287 0.661538
107 0.353535 0.175 0.157287 0.661538
108 0.359307 0.175 0.151515 0.661538
109 0.36075 0.175 0.154401 0.657692
110 0.363636 0.173077 0.157287 0.659615
111 0.369408 0.173077 0.157287 0.659615
112 0.370851 0.175 0.155844 0.657692
113 0.370851 0.175 0.155844 0.657692
114 0.370851 0.175 0.155844 0.657692
115 0.369408 0.176923 0.157287 0.659615
116 0.372294 0.178846 0.154401 0.657692
117 0.373737 0.182692 0.152958 0.659615
118 0.376623 0.188462 0.155844 0.657692
119 0.379509 0.190385 0.154401 0.659615
120 0.379509 0.192308 0.157287 0.655769
121 0.382395 0.192308 0.154401 0.655769
122 0.385281 0.192308 0.157287 0.655769
123 0.388167 0.190385 0.154401 0.659615
124 0.388167 0.188462 0.155844 0.661538
125 0.388167 0.184615 0.155844 0.663462
126 0.388167 0.184615 0.155844 0.661538
127 0.388167 0.184615 0.155844 0.661538
128 0.382395 0.182692 0.154401 0.663462
129 0.378066 0.182692 0.152958 0.663462
130 0.372294 0.180769 0.155844 0.661538
131 0.365079 0.180769 0.155844 0.661538
132 0.36075 0.180769 0.154401 0.661538
133 0.356421 0.180769 0.154401 0.661538
134 0.352092 0.180769 0.152958 0.661538
135 0.349206 0.176923 0.151515 0.665385
136 0.343434 0.176923 0.155844 0.665385
137 0.343434 0.176923 0.154401 0.659615
138 0.343434 0.176923 0.154401 0.659615
139 0.344877 0.176923 0.150072 0.659615
140 0.350649 0.176923 0.1443 0.661538
141 0.353535 0.176923 0.145743 0.661538
142 0.359307 0.180769 0.139971 0.657692
143 0.36075 0.180769 0.138528 0.661538
144 0.363636 0.182692 0.138528 0.659615
145 0.367965 0.182692 0.134199 0.659615
146 0.367965 0.184615 0.134199 0.657692
147 0.367965 0.186538 0.134199 0.655769
148 0.370851 0.190385 0.12987 0.651923
149 0.370851 0.190385 0.128427 0.651923
150 0.370851 0.188462 0.126984 0.653846
151 0.370851 0.182692 0.125541 0.651923
152 0.370851 0.176923 0.122655 0.651923
153 0.370851 0.169231 0.118326 0.646154
154 0.369408 0.151923 0.11544 0.636538
155 0.365079 0.138462 0.11544 0.636538
156 0.365079 0.128846 0.112554 0.636538
157 0.365079 0.123077 0.108225 0.634615
158 0.365079 0.119231 0.108225 0.638462
159 0.365079 0.119231 0.106782 0.634615
160 0.365079 0.119231 0.103896 0.634615
161 0.365079 0.119231 0.103896 0.634615
162 0.365079 0.115385 0.10101 0.638462
163 0.365079 0.115385 0.0995671 0.638462
164 0.365079 0.115385 0.0952381 0.638462
165 0.365079 0.121154 0.0952381 0.632692
166 0.365079 0.121154 0.0952381 0.632692
167 0.369408 0.121154 0.0909091 0.632692
168 0.370851 0.123077 0.0894661 0.634615
169 0.37518 0.125 0.0880231 0.634615
170 0.379509 0.136538 0.0865801 0.632692
171 0.385281 0.138462 0.0851371 0.634615
172 0.38961 0.146154 0.0851371 0.636538
173 0.395382 0.151923 0.0808081 0.632692
174 0.398268 0.157692 0.0808081 0.632692
175 0.402597 0.159615 0.0779221 0.634615
176 0.406926 0.163462 0.0735931 0.634615
177 0.406926 0.167308 0.0735931 0.632692
178 0.406926 0.171154 0.0735931 0.632692
179 0.406926 0.176923 0.0721501 0.630769
180 0.406926 0.176923 0.0692641 0.634615
181 0.402597 0.182692 0.0735931 0.632692
182 0.402597 0.186538 0.0735931 0.634615
183 0.402597 0.186538 0.0692641 0.634615
184 0.399711 0.186538 0.0721501 0.634615
185 0.399711 0.186538 0.0721501 0.634615
186 0.399711 0.186538 0.0721501 0.634615
187 0.399711 0.186538 0.0735931 0.634615
188 0.399711 0.186538 0.0735931 0.634615
189 0.399711 0.190385 0.0735931 0.630769
190 0.399711 0.190385 0.0750361 0.632692
191 0.399711 0.190385 0.0808081 0.632692
192 0.399711 0.190385 0.0808081 0.634615
193 0.399711 0.190385 0.0822511 0.634615
194 0.399711 0.194231 0.0822511 0.630769
195 0.399711 0.194231 0.0822511 0.630769
196 0.396825 0.194231 0.0851371 0.630769
197 0.392496 0.194231 0.0909091 0.630769
198 0.392496 0.194231 0.0909091 0.630769
199 0.38961 0.194231 0.0966811 0.630769
200 0.38961 0.194231 0.0995671 0.630769
201 0.38961 0.194231 0.105339 0.630769
202 0.38961 0.194231 0.106782 0.630769
203 0.38961 0.194231 0.106782 0.630769
204 0.385281 0.194231 0.112554 0.630769
205 0.383838 0.192308 0.112554 0.632692
206 0.379509 0.188462 0.116883 0.636538
207 0.376623 0.182692 0.119769 0.642308
208 0.373737 0.176923 0.122655 0.648077
209 0.369408 0.171154 0.126984 0.653846
210 0.365079 0.169231 0.134199 0.655769
211 0.36075 0.165385 0.138528 0.659615
212 0.357864 0.161538 0.139971 0.663462
213 0.354978 0.159615 0.142857 0.657692
214 0.347763 0.159615 0.150072 0.657692
215 0.347763 0.159615 0.151515 0.657692
216 0.347763 0.159615 0.152958 0.657692
217 0.350649 0.159615 0.152958 0.659615
218 0.350649 0.159615 0.157287 0.661538
219 0.350649 0.159615 0.157287 0.663462
220 0.353535 0.159615 0.157287 0.663462
221 0.359307 0.159615 0.155844 0.663462
222 0.359307 0.159615 0.15873 0.667308
223 0.363636 0.163462 0.15873 0.669231
224 0.367965 0.169231 0.15873 0.669231
225 0.369408 0.169231 0.15873 0.675
226 0.370851 0.169231 0.160173 0.675
227 0.37518 0.169231 0.157287 0.675
228 0.37518 0.169231 0.157287 0.675
229 0.37518 0.169231 0.157287 0.675
230 0.37518 0.169231 0.157287 0.675
231 0.378066 0.169231 0.15873 0.675
232 0.380952 0.169231 0.160173 0.675
233 0.380952 0.167308 0.160173 0.676923
234 0.386724 0.167308 0.160173 0.676923
235 0.395382 0.167308 0.160173 0.676923
236 0.408369 0.167308 0.160173 0.676923
237 0.424242 0.167308 0.163059 0.676923
238 0.438672 0.167308 0.160173 0.676923
239 0.451659 0.167308 0.15873 0.676923
240 0.458874 0.167308 0.161616 0.676923
241 0.470418 0.167308 0.15873 0.676923
242 0.47619 0.167308 0.160173 0.675
243 0.477633 0.167308 0.161616 0.675
244 0.480519 0.167308 0.15873 0.675
245 0.481962 0.167308 0.161616 0.675
246 0.486291 0.167308 0.15873 0.676923
247 0.487734 0.167308 0.164502 0.676923
248 0.492063 0.167308 0.161616 0.676923
249 0.492063 0.167308 0.163059 0.680769
250 0.492063 0.167308 0.163059 0.680769
251 0.492063 0.167308 0.163059 0.676923
252 0.492063 0.163462 0.163059 0.680769
253 0.487734 0.161538 0.164502 0.682692
254 0.487734 0.159615 0.161616 0.684615
255 0.486291 0.153846 0.163059 0.684615
256 0.486291 0.153846 0.160173 0.684615
257 0.486291 0.15 0.161616 0.688462
258 0.486291 0.15 0.161616 0.686538
259 0.486291 0.15 0.161616 0.686538
260 0.486291 0.15 0.161616 0.692308
261 0.486291 0.15 0.164502 0.696154
262 0.486291 0.15 0.164502 0.696154
263 0.486291 0.15 0.164502 0.696154
264 0.486291 0.15 0.164502 0.696154
265 0.481962 0.146154 0.168831 0.7
266 0.481962 0.142308 0.168831 0.696154
267 0.481962 0.132692 0.168831 0.705769
268 0.479076 0.132692 0.170274 0.705769
269 0.47619 0.138462 0.167388 0.7
270 0.467532 0.140385 0.171717 0.703846
271 0.463203 0.140385 0.171717 0.707692
272 0.463203 0.140385 0.171717 0.707692
273 0.46176 0.146154 0.171717 0.705769
274 0.46176 0.148077 0.170274 0.705769
275 0.455988 0.148077 0.176046 0.709615
276 0.455988 0.148077 0.176046 0.709615
277 0.455988 0.148077 0.176046 0.709615
278 0.460317 0.148077 0.171717 0.711538
279 0.463203 0.148077 0.174603 0.711538
280 0.468975 0.148077 0.17316 0.711538
281 0.481962 0.148077 0.171717 0.711538
282 0.496392 0.148077 0.17316 0.707692
283 0.516595 0.144231 0.171717 0.707692
284 0.53824 0.140385 0.174603 0.707692
285 0.546898 0.134615 0.177489 0.709615
286 0.559885 0.136538 0.176046 0.707692
287 0.565657 0.136538 0.181818 0.707692
288 0.575758 0.136538 0.181818 0.707692
289 0.582973 0.136538 0.178932 0.707692
290 0.587302 0.136538 0.183261 0.707692
291 0.593074 0.130769 0.180375 0.707692
292 0.593074 0.128846 0.183261 0.709615
293 0.593074 0.128846 0.183261 0.703846
294 0.593074 0.125 0.183261 0.707692
295 0.593074 0.123077 0.183261 0.709615
296 0.598846 0.121154 0.17316 0.711538
297 0.598846 0.121154 0.17316 0.711538
298 0.598846 0.121154 0.17316 0.711538
299 0.598846 0.123077 0.176046 0.709615
300 0.598846 0.125 0.176046 0.709615
301 0.598846 0.128846 0.176046 0.711538
302 0.603175 0.134615 0.171717 0.709615
303 0.603175 0.136538 0.171717 0.709615
304 0.603175 0.138462 0.171717 0.707692
