./Vid_B_cup.avi
0 0.389601 0.384615 0.146011 0.244065
1 0.388177 0.383666 0.146011 0.246914
2 0.386752 0.383666 0.146011 0.246914
3 0.387464 0.384615 0.145299 0.245964
4 0.386752 0.383666 0.145299 0.247863
5 0.387464 0.384615 0.143875 0.246914
6 0.386752 0.386515 0.145299 0.244065
7 0.38604 0.389364 0.145299 0.241216
8 0.385328 0.391263 0.144587 0.241216
9 0.383903 0.393162 0.146011 0.241216
10 0.382479 0.39886 0.143875 0.244065
11 0.381766 0.401709 0.144587 0.245014
12 0.37963 0.407407 0.143162 0.239316
13 0.376068 0.406458 0.146011 0.242165
14 0.373932 0.406458 0.145299 0.240266
15 0.373219 0.407407 0.143162 0.245014
16 0.368234 0.410256 0.146724 0.242165
17 0.366097 0.409307 0.145299 0.244065
18 0.363248 0.409307 0.143875 0.244065
19 0.363248 0.409307 0.143875 0.241216
20 0.365385 0.408357 0.143162 0.236467
21 0.368234 0.404558 0.14245 0.236467
22 0.369658 0.39981 0.144587 0.239316
23 0.372507 0.394112 0.144587 0.240266
24 0.378205 0.392213 0.14245 0.238367
25 0.383191 0.392213 0.143875 0.235518
26 0.386752 0.387464 0.145299 0.238367
27 0.393875 0.386515 0.14245 0.233618
28 0.39886 0.383666 0.141738 0.234568
29 0.402422 0.380817 0.140313 0.232669
30 0.402422 0.377968 0.140313 0.231719
31 0.401709 0.37037 0.140313 0.233618
32 0.400285 0.364672 0.139601 0.233618
33 0.395299 0.358025 0.140313 0.233618
34 0.390313 0.354226 0.138889 0.230769
35 0.385328 0.350427 0.138177 0.22982
36 0.382479 0.34378 0.138177 0.231719
37 0.376781 0.345679 0.140313 0.225071
38 0.375356 0.345679 0.137464 0.22792
39 0.371795 0.349478 0.136752 0.22887
40 0.368946 0.354226 0.137464 0.231719
41 0.367521 0.364672 0.13604 0.22982
42 0.368946 0.374169 0.134615 0.232669
43 0.368946 0.386515 0.133191 0.22887
44 0.368946 0.396011 0.131054 0.22792
45 0.369658 0.401709 0.132479 0.230769
46 0.373219 0.404558 0.132479 0.22887
47 0.375356 0.407407 0.132479 0.226971
48 0.376068 0.408357 0.132479 0.225071
49 0.381054 0.407407 0.131054 0.223172
50 0.383903 0.405508 0.131054 0.221273
51 0.384615 0.40076 0.131054 0.221273
52 0.385328 0.39886 0.132479 0.224122
53 0.391026 0.39981 0.132479 0.222222
54 0.391026 0.39886 0.135328 0.222222
55 0.388177 0.396961 0.136752 0.224122
56 0.387464 0.397911 0.135328 0.223172
57 0.388177 0.394112 0.136752 0.226021
58 0.386752 0.396011 0.136752 0.222222
59 0.386752 0.396011 0.135328 0.218424
60 0.385328 0.39886 0.136752 0.219373
61 0.383903 0.406458 0.135328 0.217474
62 0.384615 0.417854 0.132479 0.216524
63 0.382479 0.42735 0.131054 0.213675
64 0.382479 0.433998 0.128205 0.210826
65 0.382479 0.436847 0.12963 0.210826
66 0.38604 0.445394 0.125356 0.210826
67 0.389601 0.450142 0.125356 0.207028
68 0.393875 0.452042 0.123219 0.207028
69 0.393875 0.448243 0.122507 0.207977
70 0.393875 0.440646 0.121795 0.204179
71 0.397436 0.434948 0.116809 0.197531
72 0.396011 0.422602 0.116097 0.198481
73 0.396011 0.415005 0.116097 0.191833
74 0.397436 0.40076 0.114672 0.190883
75 0.396724 0.387464 0.117521 0.189934
76 0.396724 0.375119 0.118234 0.188984
77 0.394587 0.366572 0.12037 0.188984
78 0.394587 0.358025 0.121083 0.186135
79 0.393162 0.351377 0.12037 0.191833
80 0.39245 0.349478 0.118946 0.194682
81 0.388889 0.352327 0.122507 0.194682
82 0.386752 0.357075 0.121795 0.191833
83 0.386752 0.361823 0.121795 0.191833
84 0.384615 0.369421 0.122507 0.192783
85 0.382479 0.377968 0.121083 0.190883
86 0.378205 0.384615 0.122507 0.188984
87 0.376068 0.390313 0.121083 0.189934
88 0.369658 0.396961 0.118234 0.191833
89 0.365385 0.401709 0.118946 0.191833
90 0.358974 0.408357 0.122507 0.188984
91 0.356125 0.410256 0.118946 0.191833
92 0.351852 0.413105 0.119658 0.194682
93 0.347578 0.415954 0.118946 0.193732
94 0.343305 0.421652 0.118234 0.195632
95 0.336895 0.432099 0.116809 0.191833
96 0.331197 0.438746 0.117521 0.190883
97 0.326923 0.441595 0.117521 0.196581
98 0.324786 0.446344 0.119658 0.197531
99 0.324074 0.454891 0.121083 0.196581
100 0.324074 0.45584 0.12037 0.196581
101 0.328348 0.452991 0.121083 0.198481
102 0.331909 0.449193 0.123932 0.198481
103 0.336895 0.447293 0.126781 0.195632
104 0.341168 0.445394 0.128917 0.197531
105 0.350427 0.445394 0.128917 0.197531
106 0.359687 0.441595 0.131766 0.20038
107 0.373219 0.441595 0.128917 0.197531
108 0.381766 0.438746 0.131766 0.202279
109 0.390313 0.438746 0.131766 0.204179
110 0.399573 0.439696 0.131766 0.20038
111 0.406695 0.433998 0.133903 0.202279
112 0.415954 0.431149 0.130342 0.203229
113 0.420228 0.42925 0.131054 0.202279
114 0.424501 0.42735 0.131054 0.202279
115 0.42735 0.42925 0.12963 0.204179
116 0.429487 0.432099 0.128917 0.203229
117 0.428775 0.438746 0.127493 0.204179
118 0.425214 0.445394 0.126068 0.20133
119 0.419516 0.447293 0.12963 0.203229
120 0.411681 0.447293 0.12963 0.205128
121 0.403134 0.445394 0.131766 0.207977
122 0.396724 0.442545 0.128917 0.206078
123 0.39245 0.437797 0.130342 0.205128
124 0.387464 0.425451 0.131054 0.207028
125 0.378205 0.413105 0.133903 0.208927
126 0.371795 0.401709 0.133191 0.212726
127 0.366097 0.396011 0.131766 0.210826
128 0.360399 0.393162 0.134615 0.210826
129 0.356838 0.392213 0.137464 0.207977
130 0.352564 0.393162 0.132479 0.210826
131 0.346866 0.397911 0.131766 0.210826
132 0.343305 0.403609 0.128205 0.209877
133 0.337607 0.412156 0.130342 0.210826
134 0.334758 0.424501 0.131054 0.209877
135 0.338319 0.431149 0.127493 0.212726
136 0.337607 0.442545 0.128205 0.210826
137 0.34188 0.451092 0.126781 0.207977
138 0.344729 0.454891 0.128917 0.209877
139 0.348291 0.452991 0.131054 0.210826
140 0.349715 0.45584 0.132479 0.207977
141 0.353989 0.458689 0.130342 0.207977
142 0.353989 0.45774 0.131054 0.209877
143 0.353989 0.452991 0.131054 0.209877
144 0.353276 0.449193 0.131766 0.207028
145 0.349715 0.441595 0.132479 0.209877
146 0.344729 0.433998 0.132479 0.208927
147 0.339031 0.430199 0.131054 0.210826
148 0.326923 0.4283 0.131766 0.208927
149 0.319088 0.425451 0.131054 0.207028
150 0.309829 0.420703 0.132479 0.207977
151 0.301282 0.420703 0.131766 0.207028
152 0.291311 0.419753 0.131766 0.210826
153 0.285613 0.423552 0.130342 0.208927
154 0.279915 0.423552 0.12963 0.209877
155 0.279202 0.423552 0.127493 0.212726
156 0.277066 0.421652 0.128205 0.212726
157 0.273504 0.421652 0.12963 0.209877
158 0.273504 0.421652 0.12963 0.209877
159 0.272792 0.422602 0.132479 0.210826
160 0.275641 0.432099 0.127493 0.207977
161 0.277066 0.437797 0.126068 0.207977
162 0.27849 0.439696 0.126068 0.207977
163 0.279202 0.439696 0.127493 0.209877
164 0.277066 0.449193 0.12963 0.207977
165 0.277778 0.452042 0.127493 0.211776
166 0.275641 0.461538 0.125356 0.207977
167 0.273504 0.464387 0.127493 0.204179
168 0.27208 0.463438 0.126781 0.204179
169 0.269943 0.465337 0.126068 0.202279
170 0.267806 0.466287 0.125356 0.20133
171 0.266382 0.460589 0.123219 0.20133
172 0.263533 0.45584 0.122507 0.202279
173 0.259972 0.449193 0.123219 0.203229
174 0.25641 0.445394 0.122507 0.20133
175 0.254274 0.442545 0.121083 0.197531
176 0.251425 0.439696 0.12037 0.19943
177 0.246439 0.433998 0.121795 0.198481
178 0.241453 0.42925 0.122507 0.202279
179 0.237179 0.42925 0.121795 0.20133
180 0.232194 0.432099 0.12037 0.20038
181 0.224359 0.432099 0.12037 0.202279
182 0.217949 0.434948 0.12037 0.19943
183 0.214387 0.434948 0.12037 0.197531
184 0.209402 0.434948 0.12037 0.196581
185 0.203704 0.434948 0.121083 0.190883
186 0.200142 0.434948 0.12037 0.191833
187 0.197293 0.434948 0.119658 0.193732
188 0.196581 0.434948 0.119658 0.193732
189 0.19943 0.434948 0.116809 0.193732
190 0.202279 0.433998 0.116097 0.196581
191 0.205128 0.441595 0.115385 0.193732
192 0.207977 0.449193 0.117521 0.193732
193 0.210826 0.451092 0.118234 0.194682
194 0.213675 0.452991 0.117521 0.193732
195 0.213675 0.452991 0.118234 0.194682
196 0.216524 0.452991 0.117521 0.194682
197 0.213675 0.452991 0.118234 0.194682
198 0.212963 0.451092 0.118234 0.191833
199 0.208689 0.449193 0.12037 0.188984
200 0.206553 0.445394 0.119658 0.190883
201 0.203704 0.438746 0.122507 0.193732
202 0.200142 0.434948 0.122507 0.193732
203 0.197293 0.4283 0.123219 0.194682
204 0.196581 0.423552 0.121795 0.196581
205 0.195157 0.417854 0.121795 0.197531
206 0.193732 0.414055 0.123219 0.19943
207 0.193732 0.414055 0.123219 0.19943
208 0.19943 0.414055 0.122507 0.19943
209 0.20584 0.408357 0.123219 0.202279
210 0.2151 0.405508 0.121083 0.202279
211 0.219373 0.403609 0.122507 0.19943
212 0.224359 0.39981 0.122507 0.198481
213 0.230769 0.394112 0.119658 0.204179
214 0.235043 0.392213 0.118234 0.20133
215 0.235043 0.388414 0.121795 0.20133
216 0.236467 0.387464 0.121083 0.202279
217 0.238604 0.387464 0.118946 0.202279
218 0.240028 0.385565 0.121083 0.203229
219 0.246439 0.382716 0.118946 0.204179
220 0.249288 0.378917 0.12037 0.20133
221 0.25641 0.375119 0.119658 0.206078
222 0.262821 0.37132 0.121083 0.208927
223 0.269943 0.373219 0.121083 0.207028
224 0.277066 0.374169 0.121083 0.210826
225 0.282051 0.374169 0.121795 0.211776
226 0.286325 0.381766 0.123219 0.212726
227 0.297009 0.389364 0.121795 0.217474
228 0.302707 0.39981 0.123219 0.213675
229 0.310541 0.408357 0.124644 0.219373
230 0.318376 0.417854 0.121795 0.216524
231 0.325499 0.423552 0.121795 0.219373
232 0.331197 0.42925 0.124644 0.217474
233 0.338319 0.434948 0.124644 0.221273
234 0.347578 0.451092 0.12963 0.225071
235 0.356125 0.471985 0.128917 0.224122
236 0.365385 0.479582 0.125356 0.226021
237 0.362536 0.475783 0.133191 0.226971
238 0.366097 0.470085 0.128205 0.231719
239 0.362536 0.464387 0.128205 0.230769
240 0.354701 0.452991 0.132479 0.235518
241 0.346154 0.439696 0.134615 0.237417
242 0.340456 0.424501 0.137464 0.244065
243 0.330484 0.418803 0.138177 0.244065
244 0.316239 0.415954 0.138889 0.244065
245 0.301282 0.412156 0.141026 0.244065
246 0.288462 0.401709 0.137464 0.247863
247 0.274217 0.396011 0.136752 0.245014
248 0.259972 0.385565 0.139601 0.247863
249 0.247151 0.382716 0.141026 0.247863
250 0.233618 0.377968 0.138177 0.249763
251 0.225783 0.376068 0.13604 0.250712
252 0.224359 0.376068 0.135328 0.246914
253 0.231481 0.376068 0.133191 0.246914
254 0.240741 0.381766 0.132479 0.246914
255 0.254986 0.387464 0.133903 0.249763
256 0.267806 0.395062 0.136752 0.248813
257 0.279202 0.397911 0.13604 0.248813
258 0.289174 0.407407 0.135328 0.245014
259 0.296296 0.415954 0.133191 0.245964
260 0.301282 0.430199 0.132479 0.247863
261 0.307692 0.442545 0.131766 0.245014
262 0.31339 0.452991 0.128205 0.241216
263 0.319801 0.462488 0.130342 0.241216
264 0.325499 0.466287 0.131054 0.243115
265 0.334046 0.468186 0.12963 0.236467
266 0.339031 0.466287 0.128917 0.236467
267 0.346154 0.462488 0.12963 0.233618
268 0.35114 0.45774 0.131054 0.22887
269 0.360399 0.444444 0.128205 0.22982
270 0.367521 0.42735 0.131054 0.230769
271 0.374644 0.412156 0.126781 0.22792
272 0.378205 0.39886 0.127493 0.225071
273 0.377493 0.381766 0.128917 0.226971
274 0.374644 0.369421 0.128917 0.223172
275 0.37037 0.355176 0.133191 0.225071
276 0.36396 0.345679 0.133191 0.224122
277 0.354701 0.333333 0.133903 0.223172
278 0.344729 0.316239 0.134615 0.22792
279 0.334046 0.301045 0.138177 0.225071
280 0.324786 0.290598 0.134615 0.224122
281 0.316239 0.279202 0.135328 0.225071
282 0.305556 0.267806 0.137464 0.225071
283 0.297009 0.260209 0.134615 0.22792
284 0.287749 0.253561 0.138889 0.22887
285 0.281339 0.248813 0.14245 0.232669
286 0.276353 0.250712 0.14245 0.232669
287 0.27208 0.25641 0.146724 0.233618
288 0.268519 0.260209 0.145299 0.236467
289 0.264957 0.265907 0.146011 0.237417
290 0.262821 0.276353 0.146724 0.235518
291 0.258547 0.281102 0.148148 0.239316
292 0.253561 0.288699 0.150285 0.241216
293 0.250712 0.293447 0.149573 0.243115
294 0.245726 0.305793 0.149573 0.240266
295 0.241453 0.316239 0.149573 0.239316
296 0.239316 0.324786 0.151709 0.244065
297 0.240741 0.336182 0.150285 0.242165
298 0.240741 0.34378 0.151709 0.247863
299 0.246439 0.352327 0.151709 0.246914
300 0.252137 0.357075 0.152422 0.251662
301 0.259259 0.359924 0.155271 0.253561
302 0.267806 0.363723 0.156695 0.254511
303 0.275641 0.367521 0.157407 0.255461
304 0.2849 0.37132 0.157407 0.252612
305 0.292735 0.37132 0.155983 0.25736
306 0.299858 0.37132 0.153846 0.25736
307 0.309117 0.37132 0.150997 0.254511
308 0.316952 0.37227 0.146724 0.253561
309 0.331197 0.378917 0.145299 0.248813
310 0.340456 0.376068 0.14245 0.245964
311 0.344729 0.37132 0.148148 0.246914
312 0.352564 0.37037 0.146724 0.243115
313 0.358974 0.37132 0.14245 0.242165
314 0.362536 0.369421 0.141738 0.236467
315 0.363248 0.360874 0.143162 0.235518
316 0.361823 0.349478 0.143162 0.239316
317 0.361823 0.348528 0.141738 0.232669
318 0.36396 0.344729 0.137464 0.234568
319 0.367521 0.34378 0.13604 0.226971
320 0.371083 0.331434 0.133191 0.226971
321 0.376068 0.324786 0.131054 0.224122
322 0.378917 0.316239 0.131054 0.221273
323 0.382479 0.307692 0.131054 0.222222
324 0.385328 0.301994 0.132479 0.221273
325 0.388177 0.299145 0.131766 0.218424
326 0.387464 0.292498 0.132479 0.225071
327 0.391026 0.292498 0.128917 0.225071
328 0.388177 0.294397 0.131766 0.220323
329 0.382479 0.297246 0.131054 0.219373
330 0.378917 0.301994 0.132479 0.220323
331 0.375356 0.301045 0.131054 0.223172
332 0.37037 0.309592 0.12963 0.221273
333 0.366097 0.318139 0.128205 0.214625
334 0.359687 0.318139 0.130342 0.221273
335 0.356125 0.317189 0.128917 0.222222
336 0.350427 0.320988 0.128205 0.219373
337 0.344017 0.320988 0.128205 0.219373
338 0.342593 0.320988 0.126068 0.217474
339 0.33547 0.320988 0.128917 0.217474
340 0.329772 0.320988 0.12963 0.213675
341 0.326923 0.31434 0.128205 0.216524
342 0.319801 0.310541 0.130342 0.215575
343 0.314815 0.307692 0.12963 0.218424
344 0.301282 0.307692 0.130342 0.216524
345 0.290598 0.307692 0.132479 0.219373
346 0.281339 0.311491 0.130342 0.220323
347 0.270655 0.311491 0.131054 0.218424
348 0.264957 0.311491 0.131054 0.220323
349 0.262821 0.312441 0.130342 0.216524
350 0.262108 0.312441 0.131054 0.216524
351 0.262821 0.312441 0.130342 0.218424
352 0.262821 0.316239 0.130342 0.216524
353 0.264957 0.320988 0.128205 0.213675
354 0.26567 0.321937 0.127493 0.216524
355 0.269943 0.329535 0.123219 0.211776
356 0.27208 0.333333 0.124644 0.213675
357 0.274929 0.339981 0.124644 0.210826
358 0.280627 0.345679 0.123932 0.211776
359 0.287749 0.351377 0.127493 0.211776
360 0.294872 0.358974 0.127493 0.208927
361 0.302707 0.364672 0.126781 0.207977
362 0.31339 0.374169 0.125356 0.206078
363 0.321225 0.384615 0.123932 0.207028
364 0.330484 0.394112 0.121083 0.205128
365 0.339744 0.39981 0.123219 0.204179
366 0.346866 0.405508 0.124644 0.202279
367 0.356838 0.416904 0.123932 0.20133
368 0.366097 0.4283 0.122507 0.20038
369 0.375356 0.435897 0.12037 0.20133
370 0.386752 0.443495 0.118946 0.19943
371 0.400285 0.450142 0.118234 0.193732
372 0.411681 0.452042 0.122507 0.193732
373 0.426638 0.452991 0.118946 0.196581
374 0.44302 0.453941 0.115385 0.195632
375 0.453704 0.453941 0.121083 0.193732
376 0.467949 0.451092 0.12037 0.194682
377 0.477208 0.452042 0.123932 0.195632
378 0.485755 0.45584 0.122507 0.196581
379 0.497151 0.45584 0.121795 0.20133
380 0.504274 0.464387 0.12037 0.197531
381 0.510684 0.468186 0.122507 0.196581
382 0.514245 0.468186 0.122507 0.20038
383 0.512821 0.472934 0.123219 0.19943
384 0.503561 0.483381 0.126781 0.198481
385 0.497151 0.491928 0.126781 0.20133
386 0.482194 0.503324 0.126781 0.204179
387 0.470085 0.520418 0.123932 0.202279
388 0.460114 0.527066 0.128205 0.208927
389 0.451567 0.54416 0.126068 0.207977
390 0.443732 0.563153 0.128205 0.205128
391 0.441595 0.567901 0.126781 0.208927
392 0.438746 0.5717 0.128205 0.210826
393 0.439459 0.573599 0.126781 0.210826
394 0.439459 0.577398 0.128205 0.214625
395 0.440883 0.577398 0.128917 0.218424
396 0.444444 0.577398 0.130342 0.218424
397 0.444444 0.577398 0.130342 0.218424
398 0.440883 0.574549 0.131766 0.218424
399 0.439459 0.5717 0.133191 0.217474
400 0.432336 0.569801 0.131054 0.218424
401 0.420228 0.566002 0.131766 0.218424
402 0.407407 0.558405 0.133191 0.224122
403 0.39245 0.554606 0.134615 0.223172
404 0.378917 0.550807 0.135328 0.221273
405 0.369658 0.54321 0.134615 0.219373
406 0.363248 0.530864 0.13604 0.223172
407 0.358974 0.523267 0.136752 0.224122
408 0.358974 0.521368 0.136752 0.221273
409 0.36396 0.51567 0.133903 0.222222
410 0.371795 0.509022 0.137464 0.22887
411 0.384615 0.509022 0.136752 0.22887
412 0.394587 0.511871 0.140313 0.236467
413 0.407407 0.518519 0.139601 0.239316
414 0.416667 0.523267 0.145299 0.240266
415 0.419516 0.523267 0.147436 0.245964
416 0.421652 0.528015 0.14886 0.247863
417 0.420228 0.528015 0.151709 0.252612
418 0.417379 0.529915 0.153134 0.255461
419 0.412393 0.527066 0.153134 0.259259
420 0.408832 0.524217 0.153846 0.260209
421 0.39245 0.522317 0.152422 0.260209
422 0.376068 0.522317 0.153846 0.259259
423 0.373219 0.521368 0.155271 0.260209
424 0.372507 0.523267 0.153134 0.261159
425 0.362536 0.524217 0.153134 0.262108
426 0.359687 0.524217 0.155983 0.262108
427 0.366097 0.524217 0.153134 0.261159
428 0.371795 0.526116 0.153846 0.260209
429 0.366809 0.530864 0.153846 0.259259
430 0.362536 0.534663 0.152422 0.263058
431 0.362536 0.538462 0.14886 0.263058
432 0.353989 0.540361 0.147436 0.261159
433 0.346866 0.540361 0.14886 0.261159
434 0.343305 0.540361 0.146724 0.261159
435 0.342593 0.536562 0.143162 0.261159
436 0.333333 0.536562 0.146724 0.255461
437 0.327635 0.531814 0.146724 0.25641
438 0.321937 0.528965 0.145299 0.254511
439 0.314815 0.523267 0.145299 0.254511
440 0.309829 0.51472 0.143875 0.252612
441 0.303419 0.502374 0.145299 0.253561
442 0.299145 0.492877 0.146011 0.253561
443 0.299145 0.48623 0.143875 0.252612
444 0.301282 0.481481 0.144587 0.254511
445 0.303419 0.475783 0.146724 0.251662
446 0.304843 0.474834 0.146724 0.250712
447 0.309829 0.479582 0.145299 0.247863
448 0.310541 0.481481 0.145299 0.245964
449 0.310541 0.48433 0.145299 0.243115
450 0.310541 0.483381 0.143162 0.245014
451 0.307692 0.478632 0.143162 0.248813
452 0.299858 0.475783 0.145299 0.246914
453 0.297009 0.469136 0.14245 0.248813
454 0.289174 0.467236 0.145299 0.245964
455 0.283476 0.465337 0.144587 0.246914
456 0.277066 0.454891 0.146724 0.251662
457 0.274929 0.449193 0.14886 0.253561
458 0.274217 0.448243 0.14886 0.255461
459 0.274929 0.446344 0.146011 0.252612
460 0.277778 0.441595 0.147436 0.25641
461 0.279915 0.440646 0.146724 0.25641
462 0.280627 0.445394 0.145299 0.25641
463 0.285613 0.449193 0.143162 0.260209
464 0.289174 0.45774 0.143162 0.255461
465 0.289886 0.461538 0.143875 0.25831
466 0.289174 0.471035 0.14245 0.260209
467 0.287037 0.489079 0.143162 0.253561
468 0.2849 0.496676 0.143875 0.255461
469 0.283476 0.505223 0.144587 0.25641
470 0.282051 0.510921 0.14245 0.25736
471 0.279915 0.522317 0.140313 0.252612
472 0.276353 0.522317 0.141738 0.254511
473 0.274217 0.522317 0.139601 0.247863
474 0.276353 0.51567 0.139601 0.245014
475 0.280627 0.507123 0.139601 0.245014
476 0.285613 0.505223 0.136752 0.238367
477 0.291311 0.492877 0.138177 0.240266
478 0.292023 0.487179 0.140313 0.235518
479 0.29416 0.481481 0.138889 0.233618
480 0.297009 0.474834 0.138889 0.233618
481 0.301994 0.472934 0.140313 0.233618
482 0.302707 0.471035 0.14245 0.230769
483 0.30698 0.470085 0.140313 0.22982
484 0.311966 0.469136 0.139601 0.226021
485 0.321225 0.466287 0.141026 0.22792
486 0.326211 0.466287 0.138889 0.22792
487 0.331909 0.467236 0.141026 0.226021
488 0.339744 0.471985 0.141738 0.226021
489 0.344729 0.473884 0.137464 0.22792
490 0.350427 0.476733 0.134615 0.225071
491 0.353989 0.475783 0.135328 0.226971
492 0.356838 0.478632 0.135328 0.224122
493 0.360399 0.481481 0.13604 0.222222
494 0.365385 0.480532 0.135328 0.224122
495 0.368946 0.480532 0.135328 0.226021
496 0.376068 0.480532 0.13604 0.226021
497 0.382479 0.48623 0.134615 0.223172
498 0.391026 0.489079 0.137464 0.225071
499 0.399573 0.490978 0.136752 0.226971
500 0.412393 0.493827 0.137464 0.226971
501 0.428063 0.496676 0.138889 0.226971
502 0.440171 0.500475 0.138889 0.22982
503 0.452991 0.509972 0.138177 0.22887
504 0.4651 0.51472 0.138177 0.231719
505 0.477208 0.518519 0.140313 0.231719
506 0.485755 0.518519 0.140313 0.232669
507 0.496439 0.521368 0.139601 0.234568
508 0.505698 0.527066 0.138177 0.233618
509 0.511396 0.531814 0.141026 0.239316
510 0.519943 0.540361 0.141026 0.236467
511 0.526353 0.546059 0.141738 0.236467
512 0.527778 0.552707 0.143162 0.239316
513 0.531339 0.555556 0.143162 0.242165
514 0.533476 0.560304 0.143162 0.242165
515 0.533476 0.560304 0.14245 0.242165
516 0.533476 0.561254 0.14245 0.243115
517 0.532051 0.562203 0.143875 0.243115
518 0.532051 0.564103 0.144587 0.238367
519 0.5349 0.563153 0.145299 0.238367
520 0.537037 0.558405 0.143875 0.243115
521 0.539886 0.558405 0.143162 0.239316
522 0.547009 0.549858 0.143162 0.241216
523 0.547009 0.545109 0.14245 0.240266
524 0.547009 0.539411 0.14245 0.242165
525 0.549858 0.537512 0.14245 0.243115
526 0.546296 0.534663 0.143875 0.243115
527 0.546296 0.534663 0.140313 0.242165
528 0.54416 0.531814 0.141738 0.241216
529 0.542735 0.531814 0.141026 0.239316
530 0.539174 0.529915 0.141738 0.239316
531 0.54416 0.526116 0.138177 0.238367
532 0.547009 0.522317 0.138177 0.238367
533 0.548433 0.520418 0.13604 0.241216
534 0.551994 0.520418 0.133903 0.236467
535 0.554131 0.517569 0.134615 0.233618
536 0.554131 0.51567 0.132479 0.231719
537 0.556268 0.511871 0.131766 0.230769
538 0.556268 0.507123 0.133191 0.230769
539 0.554131 0.500475 0.134615 0.231719
540 0.560541 0.495726 0.128917 0.226021
541 0.56339 0.488129 0.128205 0.225071
542 0.571225 0.479582 0.128205 0.225071
543 0.576211 0.473884 0.126068 0.220323
544 0.576211 0.468186 0.127493 0.223172
545 0.576211 0.463438 0.128205 0.225071
546 0.577635 0.461538 0.128917 0.220323
547 0.582621 0.458689 0.125356 0.218424
548 0.587607 0.449193 0.126781 0.221273
549 0.598291 0.447293 0.128205 0.216524
550 0.615385 0.442545 0.126068 0.218424
551 0.627493 0.437797 0.127493 0.217474
552 0.638177 0.434948 0.128917 0.217474
553 0.653134 0.42925 0.12963 0.217474
554 0.655983 0.42735 0.128205 0.215575
555 0.655983 0.424501 0.128917 0.214625
556 0.656695 0.422602 0.126781 0.217474
557 0.649573 0.422602 0.127493 0.216524
558 0.644587 0.425451 0.126068 0.213675
559 0.634615 0.426401 0.126781 0.214625
560 0.627493 0.426401 0.127493 0.211776
561 0.619658 0.423552 0.125356 0.210826
562 0.611823 0.418803 0.124644 0.210826
563 0.604701 0.413105 0.125356 0.209877
564 0.60114 0.409307 0.121795 0.208927
565 0.599003 0.407407 0.121083 0.202279
566 0.594017 0.404558 0.12037 0.203229
567 0.59188 0.402659 0.12037 0.202279
568 0.59188 0.39886 0.12037 0.202279
569 0.595442 0.395062 0.118946 0.198481
570 0.600427 0.388414 0.118946 0.20038
571 0.605413 0.383666 0.118234 0.197531
572 0.612536 0.379867 0.116809 0.192783
573 0.618946 0.369421 0.12037 0.195632
574 0.625356 0.366572 0.118946 0.190883
575 0.631054 0.364672 0.117521 0.191833
576 0.636752 0.362773 0.116097 0.192783
577 0.641738 0.366572 0.114672 0.190883
578 0.644587 0.375119 0.116097 0.191833
579 0.648148 0.381766 0.11396 0.190883
580 0.647436 0.396011 0.115385 0.192783
581 0.643162 0.412156 0.118234 0.190883
582 0.644587 0.426401 0.12037 0.191833
583 0.643162 0.433998 0.12037 0.194682
584 0.643875 0.446344 0.117521 0.189934
585 0.643162 0.449193 0.121083 0.194682
586 0.643875 0.453941 0.12037 0.192783
587 0.641738 0.45774 0.12037 0.190883
588 0.641026 0.460589 0.121795 0.190883
589 0.639601 0.461538 0.123219 0.190883
590 0.643162 0.460589 0.118234 0.192783
591 0.643875 0.461538 0.117521 0.189934
592 0.645299 0.45584 0.118234 0.188034
593 0.649573 0.445394 0.114672 0.186135
594 0.652422 0.434948 0.114672 0.191833
595 0.652422 0.436847 0.114672 0.186135
596 0.649573 0.438746 0.114672 0.188034
597 0.643162 0.445394 0.112536 0.185185
598 0.63604 0.454891 0.109687 0.183286
599 0.631054 0.464387 0.109687 0.180437
600 0.627493 0.468186 0.113248 0.184236
601 0.623219 0.479582 0.10755 0.186135
602 0.617521 0.487179 0.109687 0.181387
603 0.61396 0.495726 0.109687 0.181387
604 0.602564 0.509022 0.111823 0.184236
605 0.597578 0.520418 0.109687 0.181387
606 0.593305 0.531814 0.108262 0.179487
607 0.593305 0.54416 0.108262 0.177588
608 0.594729 0.552707 0.108262 0.174739
609 0.593305 0.556505 0.108262 0.180437
610 0.591168 0.564103 0.111111 0.181387
611 0.588319 0.567901 0.113248 0.180437
612 0.587607 0.569801 0.113248 0.179487
613 0.584758 0.568851 0.114672 0.182336
614 0.584758 0.568851 0.11396 0.177588
615 0.580484 0.566002 0.116097 0.178538
616 0.575499 0.565052 0.116809 0.176638
617 0.57265 0.566002 0.113248 0.174739
618 0.569088 0.568851 0.114672 0.177588
619 0.567664 0.576448 0.115385 0.176638
620 0.566952 0.591643 0.114672 0.17284
621 0.566239 0.598291 0.115385 0.174739
622 0.567664 0.606838 0.114672 0.174739
623 0.570513 0.613485 0.112536 0.17189
624 0.571937 0.614435 0.111823 0.174739
625 0.575499 0.614435 0.108262 0.17189
626 0.576211 0.607787 0.108974 0.169041
627 0.57906 0.593542 0.106838 0.17094
628 0.577635 0.583096 0.108974 0.169041
