./Vid_G_rubikscube.avi
0 0.441495 0.422018 0.110128 0.175623
1 0.441495 0.422018 0.110128 0.178244
2 0.443461 0.422018 0.110128 0.178244
3 0.445428 0.422018 0.108161 0.178244
4 0.445428 0.422018 0.110128 0.178244
5 0.445428 0.422018 0.109145 0.178244
6 0.447394 0.422018 0.108161 0.178244
7 0.448378 0.422018 0.108161 0.178244
8 0.448378 0.422018 0.108161 0.178244
9 0.448378 0.42464 0.108161 0.176933
10 0.448378 0.42464 0.108161 0.178244
11 0.448378 0.42464 0.108161 0.178244
12 0.448378 0.42464 0.110128 0.178244
13 0.448378 0.428571 0.110128 0.174312
14 0.448378 0.428571 0.110128 0.174312
15 0.449361 0.428571 0.109145 0.174312
16 0.449361 0.428571 0.109145 0.174312
17 0.449361 0.428571 0.109145 0.174312
18 0.449361 0.428571 0.109145 0.174312
19 0.449361 0.428571 0.109145 0.174312
20 0.449361 0.428571 0.109145 0.174312
21 0.449361 0.428571 0.109145 0.174312
22 0.449361 0.428571 0.109145 0.174312
23 0.450344 0.428571 0.110128 0.174312
24 0.450344 0.428571 0.110128 0.174312
25 0.453294 0.428571 0.109145 0.174312
26 0.453294 0.428571 0.109145 0.174312
27 0.453294 0.428571 0.109145 0.174312
28 0.453294 0.428571 0.108161 0.174312
29 0.453294 0.428571 0.109145 0.174312
30 0.453294 0.428571 0.109145 0.174312
31 0.454277 0.428571 0.108161 0.174312
32 0.454277 0.428571 0.108161 0.174312
33 0.454277 0.428571 0.108161 0.174312
34 0.454277 0.428571 0.108161 0.174312
35 0.454277 0.428571 0.108161 0.174312
36 0.454277 0.428571 0.108161 0.174312
37 0.454277 0.428571 0.108161 0.174312
38 0.454277 0.428571 0.108161 0.174312
39 0.453294 0.428571 0.109145 0.174312
40 0.453294 0.428571 0.109145 0.174312
41 0.453294 0.428571 0.109145 0.174312
42 0.453294 0.428571 0.109145 0.174312
43 0.453294 0.428571 0.108161 0.174312
44 0.453294 0.428571 0.107178 0.174312
45 0.450344 0.428571 0.110128 0.174312
46 0.451327 0.428571 0.109145 0.174312
47 0.451327 0.428571 0.109145 0.174312
48 0.449361 0.428571 0.111111 0.174312
49 0.449361 0.428571 0.111111 0.174312
50 0.449361 0.428571 0.111111 0.174312
51 0.449361 0.428571 0.111111 0.174312
52 0.449361 0.428571 0.111111 0.174312
53 0.449361 0.428571 0.111111 0.174312
54 0.449361 0.428571 0.111111 0.174312
55 0.449361 0.429882 0.111111 0.173001
56 0.449361 0.429882 0.111111 0.173001
57 0.450344 0.429882 0.110128 0.175623
58 0.450344 0.429882 0.110128 0.175623
59 0.450344 0.429882 0.110128 0.175623
60 0.450344 0.429882 0.110128 0.175623
61 0.450344 0.429882 0.110128 0.175623
62 0.450344 0.429882 0.110128 0.175623
63 0.450344 0.429882 0.110128 0.175623
64 0.450344 0.429882 0.110128 0.175623
65 0.450344 0.429882 0.110128 0.178244
66 0.450344 0.429882 0.110128 0.178244
67 0.450344 0.429882 0.110128 0.178244
68 0.450344 0.429882 0.110128 0.178244
69 0.450344 0.433814 0.110128 0.174312
70 0.450344 0.433814 0.110128 0.174312
71 0.450344 0.435125 0.110128 0.173001
72 0.449361 0.435125 0.111111 0.173001
73 0.449361 0.435125 0.108161 0.173001
74 0.447394 0.435125 0.111111 0.173001
75 0.447394 0.435125 0.111111 0.173001
76 0.447394 0.436435 0.111111 0.176933
77 0.447394 0.436435 0.111111 0.176933
78 0.447394 0.439056 0.109145 0.178244
79 0.447394 0.439056 0.109145 0.178244
80 0.447394 0.440367 0.109145 0.176933
81 0.447394 0.440367 0.109145 0.176933
82 0.447394 0.440367 0.109145 0.176933
83 0.447394 0.440367 0.109145 0.176933
84 0.445428 0.439056 0.109145 0.178244
85 0.443461 0.439056 0.111111 0.178244
86 0.438545 0.436435 0.112094 0.176933
87 0.436578 0.436435 0.110128 0.178244
88 0.434612 0.439056 0.110128 0.179554
89 0.431662 0.440367 0.111111 0.180865
90 0.428712 0.442988 0.112094 0.180865
91 0.425762 0.44692 0.112094 0.180865
92 0.421829 0.44692 0.113078 0.180865
93 0.419862 0.449541 0.111111 0.179554
94 0.419862 0.449541 0.108161 0.180865
95 0.413963 0.456094 0.110128 0.175623
96 0.413963 0.456094 0.110128 0.176933
97 0.411996 0.460026 0.109145 0.176933
98 0.411013 0.461337 0.110128 0.178244
99 0.413963 0.465269 0.110128 0.176933
100 0.418879 0.466579 0.107178 0.175623
101 0.422812 0.466579 0.107178 0.178244
102 0.428712 0.471822 0.107178 0.173001
103 0.432645 0.471822 0.107178 0.173001
104 0.436578 0.46789 0.110128 0.176933
105 0.440511 0.46789 0.108161 0.176933
106 0.444444 0.46789 0.107178 0.174312
107 0.448378 0.46789 0.105211 0.173001
108 0.449361 0.465269 0.107178 0.175623
109 0.453294 0.465269 0.104228 0.17038
110 0.454277 0.461337 0.106195 0.17038
111 0.454277 0.460026 0.106195 0.171691
112 0.456244 0.454784 0.106195 0.173001
113 0.459194 0.454784 0.103245 0.173001
114 0.459194 0.449541 0.104228 0.173001
115 0.463127 0.450852 0.104228 0.171691
116 0.465093 0.445609 0.105211 0.176933
117 0.466077 0.445609 0.105211 0.174312
118 0.47001 0.442988 0.101278 0.17038
119 0.470993 0.442988 0.105211 0.17038
120 0.470993 0.442988 0.105211 0.17038
121 0.474926 0.441678 0.104228 0.167759
122 0.478859 0.439056 0.103245 0.17038
123 0.481809 0.439056 0.103245 0.17038
124 0.481809 0.439056 0.103245 0.17038
125 0.483776 0.440367 0.101278 0.169069
126 0.483776 0.445609 0.103245 0.169069
127 0.483776 0.448231 0.103245 0.171691
128 0.483776 0.456094 0.103245 0.165138
129 0.484759 0.456094 0.104228 0.167759
130 0.486726 0.456094 0.102262 0.167759
131 0.487709 0.458716 0.104228 0.17038
132 0.487709 0.462647 0.104228 0.169069
133 0.489676 0.465269 0.102262 0.166448
134 0.492625 0.466579 0.102262 0.169069
135 0.492625 0.466579 0.102262 0.169069
136 0.491642 0.466579 0.103245 0.169069
137 0.490659 0.46789 0.101278 0.166448
138 0.487709 0.46789 0.102262 0.166448
139 0.484759 0.46789 0.102262 0.166448
140 0.481809 0.463958 0.102262 0.17038
141 0.479843 0.462647 0.101278 0.167759
142 0.473943 0.462647 0.103245 0.167759
143 0.471976 0.463958 0.102262 0.167759
144 0.468043 0.463958 0.102262 0.167759
145 0.465093 0.469201 0.103245 0.165138
146 0.465093 0.469201 0.100295 0.165138
147 0.465093 0.469201 0.100295 0.165138
148 0.465093 0.469201 0.101278 0.167759
149 0.466077 0.469201 0.104228 0.167759
150 0.47001 0.469201 0.103245 0.167759
151 0.47296 0.469201 0.103245 0.167759
152 0.47591 0.466579 0.104228 0.169069
153 0.479843 0.463958 0.103245 0.171691
154 0.481809 0.463958 0.102262 0.171691
155 0.481809 0.462647 0.103245 0.167759
156 0.479843 0.462647 0.105211 0.169069
157 0.478859 0.462647 0.101278 0.169069
158 0.474926 0.465269 0.102262 0.166448
159 0.47001 0.466579 0.103245 0.169069
160 0.46706 0.466579 0.101278 0.171691
161 0.46411 0.471822 0.101278 0.166448
162 0.46411 0.475754 0.101278 0.166448
163 0.46411 0.478375 0.101278 0.167759
164 0.468043 0.480996 0.100295 0.165138
165 0.470993 0.480996 0.100295 0.165138
166 0.470993 0.480996 0.101278 0.165138
167 0.47296 0.480996 0.0993117 0.165138
168 0.471976 0.480996 0.0993117 0.165138
169 0.469027 0.482307 0.0993117 0.163827
170 0.466077 0.483617 0.0983284 0.162516
171 0.46706 0.483617 0.0953786 0.162516
172 0.46706 0.483617 0.0953786 0.162516
173 0.47001 0.479685 0.0953786 0.161206
174 0.47296 0.480996 0.0953786 0.159895
175 0.474926 0.480996 0.0963618 0.159895
176 0.481809 0.480996 0.0953786 0.159895
177 0.485742 0.480996 0.0943953 0.159895
178 0.487709 0.482307 0.0963618 0.159895
179 0.490659 0.482307 0.0973451 0.161206
180 0.495575 0.484928 0.0943953 0.158585
181 0.497542 0.484928 0.0953786 0.158585
182 0.499508 0.484928 0.093412 0.158585
183 0.499508 0.486239 0.0943953 0.157274
184 0.496559 0.486239 0.0953786 0.157274
185 0.494592 0.486239 0.0953786 0.159895
186 0.494592 0.486239 0.0943953 0.159895
187 0.492625 0.486239 0.0963618 0.159895
188 0.491642 0.48886 0.0943953 0.157274
189 0.491642 0.48886 0.0943953 0.157274
190 0.491642 0.486239 0.0943953 0.158585
191 0.491642 0.482307 0.0943953 0.158585
192 0.492625 0.480996 0.0953786 0.157274
193 0.492625 0.480996 0.0963618 0.155963
194 0.492625 0.480996 0.0963618 0.153342
195 0.492625 0.475754 0.0953786 0.158585
196 0.489676 0.474443 0.0943953 0.157274
197 0.489676 0.470511 0.0943953 0.158585
198 0.486726 0.469201 0.093412 0.159895
199 0.480826 0.471822 0.0963618 0.158585
200 0.478859 0.475754 0.0953786 0.155963
201 0.478859 0.478375 0.0953786 0.155963
202 0.47591 0.479685 0.0953786 0.161206
203 0.47591 0.486239 0.0953786 0.159895
204 0.47591 0.491481 0.0973451 0.158585
205 0.478859 0.494102 0.0973451 0.157274
206 0.483776 0.494102 0.093412 0.159895
207 0.483776 0.498034 0.0943953 0.155963
208 0.482793 0.498034 0.0953786 0.159895
209 0.482793 0.500655 0.0943953 0.157274
210 0.479843 0.500655 0.0963618 0.157274
211 0.476893 0.500655 0.0963618 0.159895
212 0.473943 0.501966 0.0973451 0.158585
213 0.470993 0.504587 0.0973451 0.159895
214 0.469027 0.504587 0.0953786 0.159895
215 0.46706 0.504587 0.0943953 0.159895
216 0.465093 0.504587 0.0943953 0.159895
217 0.462144 0.504587 0.0943953 0.159895
218 0.460177 0.504587 0.0924287 0.159895
219 0.454277 0.503277 0.0953786 0.155963
220 0.450344 0.503277 0.0924287 0.155963
221 0.448378 0.503277 0.0924287 0.155963
222 0.444444 0.505898 0.0924287 0.154653
223 0.440511 0.505898 0.0943953 0.154653
224 0.440511 0.501966 0.0943953 0.158585
225 0.442478 0.501966 0.093412 0.155963
226 0.445428 0.500655 0.0904621 0.155963
227 0.445428 0.500655 0.0924287 0.155963
228 0.449361 0.500655 0.0914454 0.155963
229 0.453294 0.500655 0.0914454 0.155963
230 0.457227 0.500655 0.0904621 0.155963
231 0.460177 0.503277 0.0914454 0.153342
232 0.46116 0.504587 0.0904621 0.155963
233 0.46116 0.504587 0.0924287 0.155963
234 0.46116 0.504587 0.0904621 0.155963
235 0.459194 0.504587 0.0914454 0.155963
236 0.457227 0.504587 0.0904621 0.155963
237 0.454277 0.504587 0.0904621 0.155963
238 0.451327 0.504587 0.0904621 0.153342
239 0.449361 0.501966 0.0894789 0.153342
240 0.447394 0.500655 0.0894789 0.150721
241 0.447394 0.495413 0.086529 0.155963
242 0.445428 0.491481 0.0884956 0.155963
243 0.444444 0.48886 0.0884956 0.153342
244 0.446411 0.48886 0.086529 0.152031
245 0.448378 0.484928 0.086529 0.154653
246 0.448378 0.483617 0.0894789 0.153342
247 0.449361 0.483617 0.0884956 0.153342
248 0.453294 0.484928 0.0884956 0.1481
249 0.45821 0.483617 0.086529 0.14941
250 0.459194 0.479685 0.086529 0.152031
251 0.463127 0.479685 0.0845624 0.153342
252 0.463127 0.479685 0.0845624 0.150721
253 0.466077 0.479685 0.0845624 0.150721
254 0.466077 0.477064 0.0855457 0.153342
255 0.47001 0.477064 0.0816126 0.152031
256 0.47001 0.475754 0.0835792 0.150721
257 0.47001 0.475754 0.0835792 0.150721
258 0.47001 0.475754 0.0816126 0.150721
259 0.466077 0.475754 0.0835792 0.150721
260 0.466077 0.475754 0.0835792 0.150721
261 0.466077 0.475754 0.0835792 0.150721
262 0.466077 0.475754 0.0855457 0.150721
263 0.466077 0.475754 0.0855457 0.150721
264 0.466077 0.477064 0.0845624 0.152031
265 0.466077 0.477064 0.0845624 0.152031
266 0.466077 0.477064 0.0845624 0.152031
267 0.466077 0.477064 0.0845624 0.152031
268 0.466077 0.477064 0.0816126 0.14941
269 0.46411 0.477064 0.0806293 0.146789
270 0.46116 0.473132 0.0835792 0.150721
271 0.46116 0.473132 0.0835792 0.150721
272 0.46411 0.473132 0.0816126 0.150721
273 0.46706 0.471822 0.0825959 0.152031
274 0.469027 0.471822 0.0825959 0.152031
275 0.469027 0.474443 0.0845624 0.14941
276 0.469027 0.474443 0.0845624 0.153342
277 0.469027 0.474443 0.0845624 0.153342
278 0.466077 0.474443 0.0855457 0.153342
279 0.462144 0.474443 0.0845624 0.14941
280 0.462144 0.471822 0.0835792 0.150721
281 0.459194 0.46789 0.086529 0.154653
282 0.459194 0.46789 0.086529 0.154653
283 0.459194 0.465269 0.086529 0.155963
284 0.463127 0.465269 0.0835792 0.152031
285 0.462144 0.458716 0.0855457 0.154653
286 0.460177 0.457405 0.086529 0.153342
287 0.462144 0.453473 0.0845624 0.154653
288 0.465093 0.450852 0.0855457 0.153342
289 0.466077 0.445609 0.0855457 0.154653
290 0.468043 0.441678 0.0875123 0.153342
291 0.469027 0.439056 0.086529 0.153342
292 0.466077 0.433814 0.0875123 0.157274
293 0.465093 0.433814 0.0884956 0.153342
294 0.463127 0.433814 0.0845624 0.153342
295 0.460177 0.433814 0.0825959 0.153342
296 0.45821 0.439056 0.0845624 0.153342
297 0.452311 0.44692 0.0855457 0.155963
298 0.450344 0.452163 0.0875123 0.152031
299 0.450344 0.460026 0.0845624 0.150721
300 0.449361 0.462647 0.0825959 0.150721
301 0.446411 0.462647 0.0825959 0.150721
302 0.443461 0.462647 0.0825959 0.150721
303 0.437561 0.462647 0.0825959 0.150721
304 0.433628 0.462647 0.0835792 0.150721
305 0.428712 0.462647 0.0825959 0.150721
306 0.424779 0.462647 0.0845624 0.14941
307 0.424779 0.460026 0.0825959 0.152031
308 0.424779 0.457405 0.0825959 0.153342
309 0.424779 0.457405 0.0845624 0.153342
310 0.424779 0.456094 0.0845624 0.153342
311 0.424779 0.456094 0.0855457 0.153342
312 0.424779 0.456094 0.086529 0.153342
313 0.422812 0.456094 0.0884956 0.153342
314 0.420846 0.456094 0.0875123 0.153342
315 0.419862 0.456094 0.0875123 0.153342
316 0.419862 0.456094 0.0875123 0.153342
317 0.419862 0.456094 0.0875123 0.153342
318 0.419862 0.456094 0.0875123 0.153342
319 0.419862 0.456094 0.0875123 0.153342
320 0.419862 0.456094 0.0875123 0.153342
321 0.419862 0.460026 0.0894789 0.153342
322 0.421829 0.465269 0.0884956 0.152031
323 0.421829 0.465269 0.0894789 0.155963
324 0.424779 0.469201 0.0884956 0.152031
325 0.427729 0.469201 0.0894789 0.152031
326 0.429695 0.469201 0.0894789 0.152031
327 0.432645 0.469201 0.0884956 0.152031
328 0.435595 0.469201 0.0894789 0.152031
329 0.437561 0.469201 0.0914454 0.152031
330 0.442478 0.463958 0.0904621 0.157274
331 0.446411 0.463958 0.0894789 0.157274
332 0.451327 0.463958 0.0894789 0.157274
333 0.452311 0.463958 0.0924287 0.159895
334 0.457227 0.469201 0.0924287 0.154653
335 0.46116 0.470511 0.0894789 0.154653
336 0.462144 0.470511 0.0914454 0.158585
337 0.46411 0.470511 0.0904621 0.158585
338 0.46411 0.463958 0.0904621 0.158585
339 0.462144 0.460026 0.0924287 0.154653
340 0.459194 0.453473 0.0924287 0.158585
341 0.453294 0.453473 0.0904621 0.154653
342 0.444444 0.449541 0.0914454 0.158585
343 0.435595 0.453473 0.0914454 0.158585
344 0.430678 0.457405 0.093412 0.157274
345 0.424779 0.457405 0.0904621 0.158585
346 0.421829 0.463958 0.093412 0.157274
347 0.421829 0.463958 0.093412 0.161206
348 0.421829 0.46789 0.0943953 0.161206
349 0.421829 0.470511 0.0953786 0.158585
350 0.423795 0.470511 0.093412 0.158585
351 0.422812 0.470511 0.0943953 0.158585
352 0.422812 0.470511 0.0943953 0.158585
353 0.421829 0.46789 0.093412 0.161206
354 0.417896 0.46789 0.093412 0.161206
355 0.412979 0.46789 0.0943953 0.161206
356 0.409046 0.463958 0.093412 0.158585
357 0.40413 0.462647 0.0953786 0.159895
358 0.400197 0.462647 0.0983284 0.159895
359 0.399213 0.462647 0.0963618 0.159895
360 0.396264 0.462647 0.0953786 0.159895
361 0.396264 0.462647 0.0963618 0.159895
362 0.396264 0.457405 0.0963618 0.163827
363 0.396264 0.457405 0.0973451 0.163827
364 0.399213 0.454784 0.100295 0.166448
365 0.405113 0.452163 0.100295 0.166448
366 0.413963 0.450852 0.0993117 0.167759
367 0.418879 0.450852 0.101278 0.165138
368 0.421829 0.448231 0.104228 0.167759
369 0.428712 0.44692 0.104228 0.169069
370 0.439528 0.441678 0.101278 0.17038
371 0.444444 0.439056 0.101278 0.169069
372 0.449361 0.437746 0.101278 0.167759
373 0.452311 0.433814 0.104228 0.169069
374 0.457227 0.429882 0.102262 0.17038
375 0.460177 0.42464 0.103245 0.17038
376 0.46116 0.423329 0.103245 0.167759
377 0.46116 0.420708 0.106195 0.17038
378 0.462144 0.418087 0.103245 0.166448
379 0.463127 0.415465 0.101278 0.169069
380 0.459194 0.415465 0.105211 0.169069
381 0.457227 0.415465 0.103245 0.166448
382 0.454277 0.415465 0.102262 0.166448
383 0.450344 0.415465 0.104228 0.167759
384 0.447394 0.415465 0.105211 0.169069
385 0.442478 0.415465 0.103245 0.169069
386 0.437561 0.415465 0.103245 0.169069
387 0.435595 0.415465 0.106195 0.169069
388 0.434612 0.420708 0.104228 0.167759
389 0.431662 0.422018 0.105211 0.167759
390 0.431662 0.42595 0.105211 0.166448
391 0.432645 0.42595 0.106195 0.167759
392 0.434612 0.428571 0.105211 0.166448
393 0.438545 0.42595 0.107178 0.169069
394 0.445428 0.415465 0.105211 0.173001
395 0.448378 0.410223 0.106195 0.17038
396 0.445428 0.407602 0.107178 0.17038
397 0.443461 0.407602 0.107178 0.171691
398 0.440511 0.408912 0.107178 0.173001
399 0.437561 0.414155 0.107178 0.17038
400 0.435595 0.414155 0.106195 0.174312
401 0.432645 0.414155 0.109145 0.174312
402 0.432645 0.415465 0.106195 0.173001
403 0.428712 0.415465 0.109145 0.179554
404 0.424779 0.42464 0.111111 0.175623
405 0.421829 0.428571 0.109145 0.175623
406 0.418879 0.433814 0.110128 0.173001
407 0.421829 0.433814 0.108161 0.173001
408 0.424779 0.436435 0.110128 0.175623
409 0.424779 0.440367 0.110128 0.174312
410 0.424779 0.444299 0.110128 0.176933
411 0.424779 0.444299 0.111111 0.176933
412 0.424779 0.444299 0.111111 0.176933
413 0.424779 0.444299 0.111111 0.176933
414 0.424779 0.444299 0.111111 0.176933
415 0.424779 0.444299 0.111111 0.176933
416 0.424779 0.442988 0.111111 0.178244
417 0.429695 0.442988 0.109145 0.178244
418 0.429695 0.442988 0.111111 0.178244
419 0.431662 0.442988 0.109145 0.178244
420 0.428712 0.440367 0.112094 0.180865
421 0.430678 0.439056 0.110128 0.178244
422 0.430678 0.437746 0.111111 0.179554
423 0.430678 0.437746 0.111111 0.179554
424 0.430678 0.437746 0.112094 0.176933
425 0.430678 0.437746 0.112094 0.176933
426 0.429695 0.437746 0.110128 0.176933
427 0.429695 0.437746 0.110128 0.176933
428 0.428712 0.437746 0.111111 0.176933
429 0.426745 0.437746 0.111111 0.175623
430 0.426745 0.437746 0.111111 0.175623
431 0.426745 0.437746 0.112094 0.175623
432 0.426745 0.437746 0.112094 0.175623
433 0.426745 0.437746 0.112094 0.178244
434 0.426745 0.437746 0.112094 0.178244
435 0.426745 0.437746 0.112094 0.183486
436 0.426745 0.437746 0.113078 0.183486
437 0.426745 0.437746 0.113078 0.183486
438 0.426745 0.437746 0.113078 0.183486
439 0.426745 0.437746 0.113078 0.183486
440 0.428712 0.437746 0.111111 0.183486
441 0.428712 0.437746 0.112094 0.183486
442 0.430678 0.437746 0.111111 0.183486
443 0.430678 0.437746 0.114061 0.183486
444 0.430678 0.437746 0.114061 0.183486
445 0.432645 0.437746 0.112094 0.183486
446 0.433628 0.437746 0.113078 0.183486
447 0.433628 0.437746 0.114061 0.180865
448 0.433628 0.437746 0.114061 0.180865
449 0.435595 0.433814 0.114061 0.179554
450 0.437561 0.433814 0.112094 0.178244
451 0.437561 0.428571 0.112094 0.183486
452 0.437561 0.428571 0.112094 0.178244
453 0.435595 0.42595 0.112094 0.176933
454 0.433628 0.422018 0.112094 0.180865
455 0.430678 0.418087 0.114061 0.182176
456 0.428712 0.414155 0.113078 0.180865
457 0.425762 0.411533 0.113078 0.179554
458 0.425762 0.407602 0.113078 0.179554
459 0.423795 0.40498 0.113078 0.180865
460 0.423795 0.402359 0.113078 0.180865
461 0.421829 0.402359 0.115044 0.180865
462 0.421829 0.397117 0.115044 0.180865
463 0.424779 0.394495 0.112094 0.183486
464 0.424779 0.394495 0.112094 0.179554
465 0.424779 0.394495 0.112094 0.179554
466 0.424779 0.390564 0.114061 0.179554
467 0.424779 0.387942 0.114061 0.182176
468 0.426745 0.387942 0.112094 0.182176
469 0.428712 0.387942 0.110128 0.182176
470 0.428712 0.387942 0.110128 0.182176
471 0.425762 0.387942 0.113078 0.182176
472 0.425762 0.387942 0.113078 0.182176
473 0.425762 0.387942 0.113078 0.182176
474 0.425762 0.387942 0.111111 0.182176
475 0.425762 0.387942 0.111111 0.182176
476 0.425762 0.387942 0.111111 0.182176
477 0.421829 0.387942 0.115044 0.182176
478 0.421829 0.387942 0.113078 0.182176
479 0.421829 0.387942 0.110128 0.182176
480 0.421829 0.387942 0.110128 0.182176
481 0.420846 0.387942 0.111111 0.182176
482 0.420846 0.387942 0.111111 0.182176
483 0.420846 0.387942 0.111111 0.182176
484 0.420846 0.391874 0.111111 0.178244
485 0.418879 0.391874 0.113078 0.178244
486 0.418879 0.391874 0.111111 0.178244
487 0.418879 0.391874 0.111111 0.178244
488 0.417896 0.391874 0.112094 0.179554
489 0.417896 0.395806 0.109145 0.178244
490 0.417896 0.395806 0.109145 0.178244
491 0.413963 0.395806 0.112094 0.178244
492 0.413963 0.395806 0.112094 0.178244
493 0.415929 0.395806 0.110128 0.178244
494 0.415929 0.395806 0.110128 0.178244
495 0.415929 0.395806 0.110128 0.179554
496 0.415929 0.395806 0.110128 0.179554
497 0.415929 0.395806 0.110128 0.179554
498 0.415929 0.395806 0.110128 0.180865
499 0.415929 0.395806 0.110128 0.180865
500 0.415929 0.395806 0.110128 0.180865
501 0.411996 0.395806 0.112094 0.180865
502 0.411996 0.395806 0.112094 0.179554
503 0.411996 0.395806 0.112094 0.179554
504 0.411996 0.395806 0.112094 0.179554
505 0.411996 0.395806 0.112094 0.178244
506 0.411996 0.391874 0.110128 0.182176
507 0.411996 0.390564 0.113078 0.180865
508 0.414946 0.385321 0.111111 0.186107
509 0.417896 0.381389 0.112094 0.183486
510 0.418879 0.381389 0.114061 0.180865
511 0.421829 0.374836 0.113078 0.184797
512 0.423795 0.373526 0.113078 0.182176
513 0.427729 0.369594 0.113078 0.186107
514 0.427729 0.365662 0.115044 0.183486
515 0.429695 0.365662 0.113078 0.183486
516 0.431662 0.363041 0.113078 0.183486
517 0.431662 0.360419 0.113078 0.186107
518 0.433628 0.360419 0.116028 0.184797
519 0.435595 0.360419 0.116028 0.184797
520 0.440511 0.360419 0.114061 0.184797
521 0.444444 0.360419 0.114061 0.184797
522 0.448378 0.360419 0.115044 0.184797
523 0.453294 0.360419 0.116028 0.184797
524 0.459194 0.360419 0.117011 0.184797
525 0.46411 0.360419 0.115044 0.184797
526 0.469027 0.364351 0.116028 0.182176
527 0.47296 0.364351 0.114061 0.184797
528 0.47591 0.364351 0.116028 0.184797
529 0.477876 0.368283 0.117011 0.182176
530 0.477876 0.368283 0.117011 0.182176
531 0.480826 0.368283 0.116028 0.182176
532 0.480826 0.368283 0.116028 0.186107
533 0.480826 0.368283 0.116028 0.186107
534 0.478859 0.368283 0.115044 0.187418
535 0.478859 0.368283 0.115044 0.187418
536 0.473943 0.368283 0.117994 0.187418
537 0.474926 0.368283 0.117011 0.187418
538 0.47296 0.368283 0.117994 0.187418
539 0.471976 0.363041 0.117011 0.192661
540 0.470993 0.363041 0.117994 0.192661
541 0.469027 0.363041 0.119961 0.192661
542 0.469027 0.36173 0.119961 0.19135
543 0.469027 0.36173 0.119961 0.19135
544 0.47001 0.357798 0.117994 0.190039
545 0.468043 0.357798 0.119961 0.190039
546 0.465093 0.351245 0.120944 0.196592
547 0.465093 0.351245 0.120944 0.193971
548 0.465093 0.349934 0.120944 0.190039
549 0.465093 0.344692 0.120944 0.195282
550 0.465093 0.344692 0.120944 0.192661
551 0.465093 0.344692 0.120944 0.192661
552 0.465093 0.33945 0.120944 0.197903
553 0.465093 0.338139 0.122911 0.196592
554 0.463127 0.334207 0.122911 0.199214
555 0.459194 0.330275 0.123894 0.200524
556 0.457227 0.326343 0.121927 0.203145
557 0.452311 0.325033 0.123894 0.201835
558 0.448378 0.31979 0.123894 0.200524
559 0.443461 0.314548 0.124877 0.203145
560 0.439528 0.314548 0.122911 0.203145
561 0.432645 0.313237 0.124877 0.205767
562 0.428712 0.317169 0.124877 0.207077
563 0.425762 0.317169 0.127827 0.208388
564 0.425762 0.321101 0.129794 0.21232
565 0.424779 0.328965 0.130777 0.208388
566 0.421829 0.331586 0.13176 0.21363
567 0.418879 0.34076 0.13176 0.21363
568 0.418879 0.347313 0.13176 0.21363
569 0.422812 0.353866 0.132743 0.216252
570 0.419862 0.356488 0.135693 0.221494
571 0.419862 0.364351 0.135693 0.220183
572 0.419862 0.366972 0.135693 0.222805
573 0.414946 0.370904 0.136676 0.222805
574 0.411013 0.373526 0.135693 0.224115
575 0.402163 0.376147 0.139626 0.225426
576 0.396264 0.376147 0.14061 0.228047
577 0.390364 0.378768 0.141593 0.229358
578 0.386431 0.38401 0.143559 0.226737
579 0.384464 0.386632 0.142576 0.228047
580 0.382498 0.391874 0.142576 0.229358
581 0.382498 0.391874 0.143559 0.231979
582 0.382498 0.394495 0.144543 0.23329
583 0.382498 0.394495 0.144543 0.237221
584 0.381514 0.402359 0.145526 0.231979
585 0.378564 0.402359 0.147493 0.238532
586 0.377581 0.40367 0.146509 0.237221
587 0.377581 0.407602 0.146509 0.235911
588 0.377581 0.407602 0.146509 0.239843
589 0.377581 0.410223 0.146509 0.238532
590 0.379548 0.412844 0.146509 0.237221
591 0.379548 0.412844 0.146509 0.238532
592 0.379548 0.415465 0.146509 0.241153
593 0.378564 0.420708 0.148476 0.239843
594 0.378564 0.422018 0.148476 0.245085
595 0.378564 0.428571 0.151426 0.239843
596 0.378564 0.428571 0.151426 0.243775
597 0.376598 0.435125 0.149459 0.241153
598 0.375615 0.435125 0.150442 0.242464
599 0.372665 0.436435 0.151426 0.243775
600 0.369715 0.436435 0.152409 0.246396
601 0.369715 0.441678 0.152409 0.243775
602 0.369715 0.441678 0.152409 0.246396
603 0.368732 0.441678 0.153392 0.246396
604 0.368732 0.441678 0.153392 0.246396
605 0.368732 0.44692 0.153392 0.246396
606 0.368732 0.44692 0.153392 0.249017
607 0.368732 0.448231 0.153392 0.247706
608 0.370698 0.448231 0.154376 0.249017
609 0.369715 0.452163 0.156342 0.247706
610 0.371681 0.452163 0.154376 0.249017
611 0.371681 0.457405 0.158309 0.246396
612 0.373648 0.457405 0.156342 0.247706
613 0.373648 0.457405 0.156342 0.252949
614 0.373648 0.462647 0.155359 0.249017
615 0.373648 0.462647 0.155359 0.252949
616 0.373648 0.466579 0.155359 0.249017
617 0.373648 0.466579 0.155359 0.251638
618 0.370698 0.466579 0.158309 0.25557
619 0.370698 0.466579 0.158309 0.25557
620 0.370698 0.466579 0.158309 0.25557
621 0.372665 0.470511 0.156342 0.251638
622 0.372665 0.470511 0.156342 0.251638
623 0.370698 0.470511 0.158309 0.251638
624 0.370698 0.470511 0.158309 0.251638
625 0.370698 0.469201 0.158309 0.250328
626 0.370698 0.465269 0.158309 0.25426
627 0.370698 0.465269 0.158309 0.250328
628 0.370698 0.465269 0.158309 0.250328
629 0.370698 0.460026 0.158309 0.25426
630 0.372665 0.460026 0.156342 0.252949
631 0.371681 0.460026 0.157325 0.250328
632 0.371681 0.460026 0.160275 0.250328
633 0.371681 0.460026 0.160275 0.249017
634 0.371681 0.460026 0.161259 0.249017
635 0.371681 0.460026 0.161259 0.251638
636 0.371681 0.457405 0.161259 0.25426
637 0.371681 0.460026 0.162242 0.252949
638 0.371681 0.460026 0.162242 0.25426
639 0.371681 0.460026 0.162242 0.25426
640 0.373648 0.460026 0.159292 0.25426
641 0.369715 0.460026 0.163225 0.25426
642 0.369715 0.456094 0.163225 0.258191
643 0.368732 0.456094 0.164208 0.256881
644 0.368732 0.453473 0.164208 0.259502
645 0.368732 0.448231 0.167158 0.264744
646 0.368732 0.445609 0.167158 0.263434
647 0.368732 0.442988 0.168142 0.260813
648 0.369715 0.441678 0.169125 0.262123
649 0.369715 0.436435 0.169125 0.267366
650 0.369715 0.436435 0.170108 0.267366
651 0.369715 0.435125 0.172075 0.268676
652 0.371681 0.435125 0.170108 0.263434
653 0.371681 0.432503 0.171091 0.266055
654 0.371681 0.429882 0.171091 0.266055
655 0.369715 0.42595 0.171091 0.267366
656 0.367748 0.423329 0.173058 0.268676
657 0.367748 0.420708 0.173058 0.271298
658 0.364798 0.416776 0.176991 0.271298
659 0.364798 0.412844 0.176991 0.275229
660 0.364798 0.408912 0.177974 0.272608
661 0.364798 0.401048 0.180924 0.269987
662 0.364798 0.391874 0.179941 0.273919
663 0.364798 0.38401 0.179941 0.27654
664 0.364798 0.377457 0.179941 0.27654
665 0.362832 0.370904 0.181908 0.279161
666 0.362832 0.365662 0.181908 0.279161
667 0.362832 0.360419 0.181908 0.279161
668 0.361849 0.355177 0.182891 0.281782
669 0.359882 0.352556 0.184857 0.284404
670 0.357915 0.349934 0.184857 0.283093
671 0.355949 0.347313 0.185841 0.283093
672 0.354966 0.342071 0.186824 0.285714
673 0.353982 0.34076 0.187807 0.283093
674 0.353982 0.338139 0.187807 0.283093
675 0.353982 0.334207 0.189774 0.284404
676 0.354966 0.327654 0.188791 0.285714
677 0.354966 0.323722 0.190757 0.283093
678 0.362832 0.31848 0.187807 0.283093
679 0.366765 0.313237 0.190757 0.284404
680 0.370698 0.310616 0.192724 0.283093
681 0.377581 0.305374 0.189774 0.283093
682 0.378564 0.301442 0.193707 0.281782
683 0.378564 0.296199 0.195674 0.284404
684 0.378564 0.292267 0.195674 0.284404
685 0.382498 0.289646 0.19174 0.287025
686 0.382498 0.287025 0.19174 0.287025
687 0.382498 0.288336 0.192724 0.285714
688 0.380531 0.288336 0.195674 0.285714
689 0.380531 0.288336 0.195674 0.285714
690 0.378564 0.285714 0.196657 0.287025
691 0.379548 0.283093 0.195674 0.289646
692 0.379548 0.277851 0.195674 0.289646
693 0.381514 0.275229 0.19764 0.289646
694 0.384464 0.271298 0.19764 0.284404
695 0.384464 0.266055 0.199607 0.289646
696 0.387414 0.262123 0.198623 0.289646
697 0.389381 0.260813 0.196657 0.287025
698 0.390364 0.256881 0.198623 0.288336
699 0.390364 0.25557 0.198623 0.284404
700 0.390364 0.252949 0.199607 0.283093
701 0.39233 0.249017 0.198623 0.284404
702 0.394297 0.247706 0.196657 0.285714
703 0.394297 0.245085 0.19764 0.288336
704 0.394297 0.242464 0.19764 0.288336
705 0.396264 0.242464 0.19764 0.288336
706 0.39823 0.239843 0.196657 0.288336
707 0.399213 0.237221 0.198623 0.288336
708 0.399213 0.23329 0.198623 0.289646
709 0.399213 0.231979 0.199607 0.287025
710 0.399213 0.229358 0.20059 0.287025
711 0.40118 0.228047 0.198623 0.288336
712 0.40118 0.226737 0.198623 0.289646
713 0.40413 0.221494 0.199607 0.289646
714 0.40413 0.221494 0.199607 0.289646
715 0.40413 0.221494 0.199607 0.289646
