./Vid_J_person_floor.avi
0 0.243854 0.267366 0.164208 0.542595
1 0.243854 0.259502 0.166175 0.538663
2 0.245821 0.256881 0.164208 0.533421
3 0.245821 0.25426 0.165192 0.530799
4 0.245821 0.252949 0.163225 0.515072
5 0.241888 0.249017 0.162242 0.519004
6 0.237955 0.247706 0.163225 0.516383
7 0.237955 0.247706 0.160275 0.521625
8 0.235988 0.252949 0.160275 0.516383
9 0.232055 0.25557 0.159292 0.517693
10 0.232055 0.258191 0.156342 0.520315
11 0.230088 0.267366 0.154376 0.519004
12 0.231072 0.272608 0.153392 0.517693
13 0.235005 0.280472 0.150442 0.516383
14 0.235005 0.284404 0.148476 0.520315
15 0.235005 0.289646 0.150442 0.520315
16 0.238938 0.294889 0.150442 0.515072
17 0.238938 0.29751 0.149459 0.517693
18 0.229105 0.293578 0.154376 0.512451
19 0.222222 0.288336 0.151426 0.513761
20 0.226155 0.281782 0.152409 0.515072
21 0.235005 0.279161 0.149459 0.512451
22 0.235005 0.273919 0.149459 0.498034
23 0.235005 0.268676 0.149459 0.496723
24 0.236971 0.263434 0.151426 0.496723
25 0.236971 0.259502 0.148476 0.500655
26 0.234022 0.252949 0.148476 0.495413
27 0.236971 0.247706 0.147493 0.495413
28 0.236971 0.239843 0.147493 0.498034
29 0.235005 0.23329 0.146509 0.500655
30 0.235005 0.23329 0.146509 0.495413
31 0.235005 0.230668 0.146509 0.498034
32 0.235005 0.230668 0.145526 0.498034
33 0.236971 0.230668 0.143559 0.498034
34 0.241888 0.230668 0.142576 0.500655
35 0.241888 0.238532 0.142576 0.499345
36 0.236971 0.238532 0.141593 0.498034
37 0.236971 0.239843 0.142576 0.496723
38 0.242871 0.249017 0.142576 0.487549
39 0.242871 0.252949 0.142576 0.479685
40 0.242871 0.256881 0.146509 0.475754
41 0.248771 0.263434 0.147493 0.469201
42 0.254671 0.269987 0.147493 0.470511
43 0.26057 0.272608 0.147493 0.473132
44 0.265487 0.273919 0.149459 0.471822
45 0.27532 0.266055 0.145526 0.475754
46 0.273353 0.266055 0.147493 0.475754
47 0.271386 0.266055 0.148476 0.477064
48 0.273353 0.266055 0.146509 0.477064
49 0.27532 0.266055 0.148476 0.477064
50 0.283186 0.267366 0.146509 0.475754
51 0.290069 0.267366 0.143559 0.475754
52 0.290069 0.262123 0.143559 0.475754
53 0.287119 0.263434 0.139626 0.474443
54 0.285152 0.266055 0.13766 0.471822
55 0.291052 0.262123 0.13176 0.462647
56 0.294985 0.262123 0.130777 0.456094
57 0.294985 0.264744 0.130777 0.453473
58 0.294985 0.264744 0.126844 0.454784
59 0.294985 0.263434 0.123894 0.457405
60 0.294985 0.273919 0.123894 0.456094
61 0.294985 0.273919 0.12586 0.456094
62 0.293019 0.273919 0.126844 0.457405
63 0.290069 0.277851 0.122911 0.462647
64 0.290069 0.277851 0.122911 0.465269
65 0.290069 0.277851 0.124877 0.465269
66 0.294002 0.287025 0.12881 0.460026
67 0.301868 0.287025 0.127827 0.460026
68 0.307768 0.288336 0.12586 0.456094
69 0.308751 0.288336 0.12881 0.450852
70 0.313668 0.288336 0.130777 0.442988
71 0.318584 0.287025 0.13176 0.435125
72 0.322517 0.285714 0.132743 0.436435
73 0.32645 0.285714 0.13471 0.436435
74 0.32645 0.280472 0.133727 0.441678
75 0.322517 0.279161 0.132743 0.440367
76 0.315634 0.27654 0.13471 0.440367
77 0.319567 0.272608 0.13766 0.442988
78 0.319567 0.275229 0.135693 0.444299
79 0.310718 0.287025 0.138643 0.445609
80 0.308751 0.296199 0.139626 0.442988
81 0.320551 0.296199 0.136676 0.440367
82 0.324484 0.301442 0.136676 0.439056
83 0.312684 0.304063 0.13766 0.439056
84 0.306785 0.304063 0.13176 0.439056
85 0.312684 0.304063 0.12881 0.433814
86 0.325467 0.29882 0.12586 0.42595
87 0.331367 0.285714 0.122911 0.423329
88 0.3353 0.273919 0.118977 0.423329
89 0.3412 0.266055 0.117011 0.42595
90 0.352999 0.264744 0.116028 0.427261
91 0.361849 0.264744 0.116028 0.427261
92 0.365782 0.264744 0.116028 0.427261
93 0.369715 0.266055 0.115044 0.431193
94 0.372665 0.275229 0.117011 0.42595
95 0.380531 0.285714 0.115044 0.42464
96 0.380531 0.290957 0.118977 0.420708
97 0.381514 0.294889 0.116028 0.423329
98 0.383481 0.302752 0.117011 0.418087
99 0.391347 0.305374 0.116028 0.415465
100 0.391347 0.301442 0.117994 0.416776
101 0.391347 0.29751 0.117994 0.411533
102 0.391347 0.293578 0.117994 0.406291
103 0.391347 0.293578 0.123894 0.406291
104 0.397247 0.288336 0.124877 0.408912
105 0.40118 0.281782 0.126844 0.411533
106 0.408063 0.284404 0.122911 0.411533
107 0.408063 0.283093 0.124877 0.412844
108 0.408063 0.280472 0.124877 0.412844
109 0.408063 0.281782 0.124877 0.411533
110 0.40708 0.281782 0.12586 0.411533
111 0.410029 0.281782 0.122911 0.411533
112 0.410029 0.281782 0.122911 0.411533
113 0.410029 0.288336 0.122911 0.414155
114 0.417896 0.294889 0.115044 0.411533
115 0.418879 0.294889 0.114061 0.415465
116 0.420846 0.29751 0.112094 0.412844
117 0.421829 0.29751 0.111111 0.401048
118 0.434612 0.29751 0.110128 0.401048
119 0 0 0 0
120 0 0 0 0
121 0 0 0 0
122 0 0 0 0
123 0 0 0 0
124 0.492625 0.305374 0.113078 0.40498
125 0.503441 0.305374 0.109145 0.40367
126 0.512291 0.304063 0.114061 0.40498
127 0.512291 0.304063 0.119961 0.402359
128 0.520157 0.294889 0.121927 0.406291
129 0.520157 0.294889 0.123894 0.406291
130 0.520157 0.294889 0.123894 0.406291
131 0.520157 0.296199 0.124877 0.40498
132 0.519174 0.296199 0.12586 0.40498
133 0.526057 0.29882 0.122911 0.395806
134 0.534907 0.304063 0.118977 0.391874
135 0.531957 0.29882 0.119961 0.399738
136 0.52704 0.29882 0.117994 0.397117
137 0.526057 0.301442 0.116028 0.394495
138 0.526057 0.301442 0.116028 0.394495
139 0.530973 0.29751 0.113078 0.398427
140 0.528024 0.290957 0.113078 0.402359
141 0.52704 0.281782 0.108161 0.407602
142 0.516224 0.273919 0.110128 0.406291
143 0.507375 0.259502 0.110128 0.408912
144 0.503441 0.25557 0.111111 0.412844
145 0.503441 0.25557 0.111111 0.407602
146 0.502458 0.251638 0.111111 0.411533
147 0.499508 0.249017 0.110128 0.408912
148 0.492625 0.246396 0.111111 0.411533
149 0.485742 0.246396 0.115044 0.401048
150 0.487709 0.247706 0.117994 0.397117
151 0.493609 0.252949 0.118977 0.397117
152 0.493609 0.252949 0.121927 0.40367
153 0.501475 0.252949 0.124877 0.402359
154 0.513274 0.252949 0.121927 0.402359
155 0.503441 0.25557 0.123894 0.40498
156 0.499508 0.258191 0.124877 0.408912
157 0.503441 0.266055 0.124877 0.407602
158 0.514258 0.272608 0.129794 0.408912
159 0.525074 0.27654 0.124877 0.408912
160 0.52999 0.269987 0.122911 0.407602
161 0.53294 0.267366 0.119961 0.408912
162 0.542773 0.267366 0.117011 0.408912
163 0.547689 0.262123 0.117994 0.406291
164 0.556539 0.258191 0.115044 0.407602
165 0.562439 0.258191 0.112094 0.407602
166 0.565388 0.258191 0.108161 0.398427
167 0.567355 0.258191 0.106195 0.398427
168 0.563422 0.262123 0.102262 0.398427
169 0.557522 0.262123 0.105211 0.398427
170 0.557522 0.262123 0.105211 0.399738
171 0.559489 0.256881 0.103245 0.40367
172 0.559489 0.249017 0.103245 0.406291
173 0.558505 0.249017 0.104228 0.406291
174 0.553589 0.249017 0.105211 0.406291
175 0.551622 0.243775 0.107178 0.40498
176 0.551622 0.238532 0.102262 0.410223
177 0.547689 0.235911 0.101278 0.406291
178 0.547689 0.229358 0.0953786 0.407602
179 0.542773 0.229358 0.0983284 0.407602
180 0.534907 0.238532 0.102262 0.40498
181 0.526057 0.243775 0.105211 0.40498
182 0.522124 0.243775 0.111111 0.406291
183 0.517207 0.243775 0.119961 0.408912
184 0.517207 0.246396 0.119961 0.406291
185 0.514258 0.246396 0.124877 0.406291
186 0.518191 0.247706 0.124877 0.40498
187 0.528024 0.247706 0.12881 0.406291
188 0.53589 0.247706 0.129794 0.406291
189 0.539823 0.247706 0.132743 0.406291
190 0.546706 0.245085 0.13176 0.406291
191 0.549656 0.245085 0.132743 0.410223
192 0.549656 0.247706 0.132743 0.418087
193 0.549656 0.25557 0.13176 0.423329
194 0.553589 0.272608 0.13176 0.414155
195 0.569322 0.279161 0.12881 0.412844
196 0.577188 0.279161 0.129794 0.412844
197 0.577188 0.266055 0.126844 0.420708
198 0.579154 0.25426 0.120944 0.423329
199 0.586037 0.251638 0.117011 0.42464
200 0.60177 0.249017 0.109145 0.422018
201 0.612586 0.246396 0.111111 0.423329
202 0.621436 0.239843 0.106195 0.42595
203 0.621436 0.239843 0.106195 0.427261
204 0.619469 0.242464 0.104228 0.428571
205 0.615536 0.246396 0.105211 0.428571
206 0.610619 0.246396 0.107178 0.428571
207 0.606686 0.247706 0.106195 0.420708
208 0.602753 0.247706 0.107178 0.42464
209 0.59882 0.247706 0.102262 0.427261
210 0.59292 0.251638 0.102262 0.429882
211 0.588004 0.252949 0.106195 0.432503
212 0.584071 0.256881 0.108161 0.433814
213 0.587021 0.256881 0.105211 0.435125
214 0.587021 0.256881 0.105211 0.435125
215 0.593904 0.25557 0.107178 0.432503
216 0.593904 0.258191 0.111111 0.429882
217 0.591937 0.25426 0.113078 0.433814
218 0.588004 0.25426 0.112094 0.432503
219 0.582104 0.251638 0.114061 0.435125
220 0.580138 0.246396 0.117011 0.433814
221 0.577188 0.238532 0.118977 0.437746
222 0.567355 0.238532 0.119961 0.431193
223 0.551622 0.231979 0.12586 0.427261
224 0.551622 0.228047 0.12586 0.427261
225 0.548673 0.228047 0.12881 0.429882
226 0.551622 0.229358 0.129794 0.431193
227 0.555556 0.229358 0.136676 0.435125
228 0.560472 0.23329 0.132743 0.433814
229 0.556539 0.238532 0.13471 0.432503
230 0.553589 0.241153 0.13471 0.437746
231 0.557522 0.247706 0.135693 0.437746
232 0.562439 0.247706 0.132743 0.437746
233 0.562439 0.245085 0.13471 0.437746
234 0.562439 0.242464 0.13471 0.436435
235 0.564405 0.238532 0.132743 0.440367
236 0.570305 0.2346 0.133727 0.440367
237 0.582104 0.229358 0.132743 0.441678
238 0.588004 0.229358 0.126844 0.436435
239 0.588004 0.226737 0.126844 0.433814
240 0.588004 0.226737 0.121927 0.427261
241 0.584071 0.230668 0.121927 0.423329
242 0.587021 0.230668 0.114061 0.428571
243 0.587021 0.2346 0.112094 0.428571
244 0.591937 0.246396 0.109145 0.428571
245 0.591937 0.25426 0.115044 0.432503
246 0.591937 0.256881 0.111111 0.433814
247 0.591937 0.256881 0.111111 0.435125
248 0.597837 0.259502 0.108161 0.433814
249 0.599803 0.259502 0.107178 0.433814
250 0.59292 0.25557 0.107178 0.436435
251 0.59292 0.251638 0.107178 0.435125
252 0.591937 0.247706 0.109145 0.433814
253 0.588004 0.239843 0.107178 0.437746
254 0.581121 0.235911 0.107178 0.435125
255 0.569322 0.235911 0.114061 0.427261
256 0.557522 0.235911 0.122911 0.42464
257 0.557522 0.23329 0.122911 0.419397
258 0.553589 0.229358 0.122911 0.42464
259 0.550639 0.235911 0.119961 0.422018
260 0.548673 0.238532 0.120944 0.428571
261 0.540806 0.243775 0.123894 0.428571
262 0.53589 0.246396 0.126844 0.432503
263 0.533923 0.25557 0.127827 0.431193
264 0.529007 0.258191 0.13176 0.428571
265 0.530973 0.262123 0.13176 0.431193
266 0.534907 0.266055 0.13176 0.433814
267 0.534907 0.275229 0.13176 0.433814
268 0.530973 0.281782 0.13176 0.432503
269 0.52704 0.281782 0.133727 0.428571
270 0.52704 0.27654 0.130777 0.429882
271 0.52999 0.271298 0.119961 0.429882
272 0.53294 0.262123 0.112094 0.427261
273 0.53294 0.258191 0.103245 0.418087
274 0.53589 0.25426 0.104228 0.42464
275 0.53589 0.250328 0.104228 0.428571
276 0.534907 0.250328 0.0993117 0.428571
277 0.526057 0.247706 0.102262 0.429882
278 0.520157 0.25557 0.102262 0.42595
279 0.501475 0.258191 0.116028 0.431193
280 0.483776 0.262123 0.133727 0.432503
281 0.473943 0.275229 0.143559 0.427261
282 0.46706 0.289646 0.147493 0.42464
283 0.459194 0.296199 0.149459 0.42595
284 0.451327 0.300131 0.149459 0.422018
285 0.443461 0.309305 0.147493 0.42464
286 0.443461 0.314548 0.141593 0.422018
287 0.445428 0.314548 0.133727 0.415465
288 0.445428 0.314548 0.129794 0.415465
289 0.438545 0.306684 0.129794 0.418087
290 0.433628 0.301442 0.117994 0.423329
291 0.418879 0.301442 0.118977 0.418087
292 0.411996 0.293578 0.123894 0.42595
293 0.408063 0.288336 0.127827 0.431193
294 0.40413 0.289646 0.124877 0.429882
295 0.399213 0.289646 0.129794 0.433814
296 0.396264 0.289646 0.132743 0.437746
297 0.396264 0.302752 0.132743 0.431193
298 0.396264 0.302752 0.132743 0.435125
299 0.39823 0.302752 0.13471 0.439056
300 0.40118 0.313237 0.13176 0.432503
301 0.406096 0.313237 0.12881 0.433814
302 0.411996 0.315858 0.12586 0.432503
303 0.417896 0.317169 0.119961 0.431193
304 0.421829 0.317169 0.116028 0.435125
305 0.421829 0.321101 0.118977 0.422018
306 0.419862 0.31848 0.105211 0.419397
307 0.419862 0.310616 0.105211 0.423329
308 0.419862 0.306684 0.109145 0.427261
309 0.416912 0.301442 0.112094 0.432503
310 0.412979 0.29882 0.110128 0.428571
311 0.409046 0.296199 0.114061 0.428571
312 0.403147 0.294889 0.117994 0.428571
313 0.39528 0.294889 0.119961 0.42464
314 0.391347 0.292267 0.118977 0.427261
315 0.40118 0.292267 0.113078 0.432503
316 0.410029 0.296199 0.106195 0.432503
317 0.39823 0.296199 0.112094 0.431193
318 0.384464 0.292267 0.111111 0.429882
319 0.359882 0.292267 0.118977 0.432503
320 0.345133 0.287025 0.121927 0.431193
321 0.333333 0.27654 0.123894 0.42464
322 0.324484 0.271298 0.12881 0.419397
323 0.324484 0.267366 0.12881 0.423329
324 0.32645 0.267366 0.126844 0.420708
325 0.32645 0.267366 0.127827 0.42464
326 0.322517 0.273919 0.129794 0.420708
327 0.319567 0.271298 0.130777 0.42464
328 0.319567 0.271298 0.130777 0.42464
329 0.306785 0.271298 0.130777 0.422018
330 0.294002 0.271298 0.13471 0.422018
331 0.294002 0.271298 0.13176 0.422018
332 0.299902 0.272608 0.13176 0.42595
333 0.302852 0.272608 0.12881 0.427261
334 0.306785 0.27654 0.124877 0.427261
335 0.313668 0.277851 0.123894 0.431193
336 0.320551 0.281782 0.122911 0.423329
337 0.325467 0.279161 0.121927 0.412844
338 0.325467 0.269987 0.120944 0.408912
339 0.318584 0.263434 0.119961 0.415465
340 0.319567 0.266055 0.114061 0.415465
341 0.319567 0.269987 0.117994 0.415465
342 0.327434 0.271298 0.114061 0.419397
343 0.327434 0.268676 0.114061 0.422018
344 0.324484 0.262123 0.115044 0.419397
345 0.322517 0.25426 0.117011 0.420708
346 0.322517 0.25426 0.117011 0.420708
347 0.327434 0.258191 0.118977 0.416776
348 0.327434 0.258191 0.124877 0.419397
349 0.327434 0.258191 0.124877 0.419397
350 0.322517 0.262123 0.122911 0.420708
351 0.311701 0.266055 0.127827 0.416776
352 0.304818 0.271298 0.126844 0.411533
353 0.294985 0.271298 0.126844 0.40498
354 0.292035 0.271298 0.12586 0.40498
355 0.287119 0.27654 0.126844 0.401048
356 0.282203 0.27654 0.122911 0.408912
357 0.278269 0.283093 0.120944 0.410223
358 0.278269 0.283093 0.120944 0.410223
359 0.268437 0.283093 0.126844 0.410223
360 0.26352 0.277851 0.124877 0.411533
361 0.26352 0.269987 0.124877 0.412844
362 0.26352 0.269987 0.124877 0.407602
363 0.26352 0.266055 0.124877 0.411533
364 0.26352 0.260813 0.124877 0.415465
365 0.26647 0.260813 0.123894 0.415465
366 0.274336 0.259502 0.117994 0.415465
367 0.271386 0.25426 0.120944 0.415465
368 0.274336 0.256881 0.119961 0.414155
369 0.279253 0.266055 0.117994 0.408912
370 0.281219 0.268676 0.119961 0.402359
371 0.286136 0.27654 0.116028 0.395806
372 0.280236 0.27654 0.118977 0.40367
373 0.280236 0.285714 0.119961 0.402359
374 0.291052 0.285714 0.116028 0.402359
375 0.293019 0.285714 0.118977 0.407602
376 0.293019 0.29751 0.116028 0.40498
377 0.293019 0.305374 0.120944 0.411533
378 0.303835 0.325033 0.118977 0.401048
379 0.303835 0.328965 0.121927 0.406291
380 0.298918 0.335518 0.122911 0.406291
381 0.295969 0.33945 0.123894 0.40498
382 0.290069 0.33945 0.124877 0.40367
383 0.290069 0.334207 0.120944 0.402359
384 0.294002 0.328965 0.118977 0.402359
385 0.301868 0.31979 0.116028 0.401048
386 0.306785 0.314548 0.114061 0.402359
387 0.303835 0.310616 0.115044 0.390564
