./Vid_J_person_floor.avi
0 0.690265 0.23329 0.14061 0.629096
1 0.688299 0.229358 0.141593 0.625164
2 0.686332 0.229358 0.142576 0.625164
3 0.685349 0.228047 0.144543 0.6173
4 0.681416 0.224115 0.144543 0.602883
5 0.674533 0.221494 0.145526 0.591088
6 0.6706 0.218873 0.143559 0.584535
7 0.665683 0.221494 0.145526 0.584535
8 0.659784 0.228047 0.146509 0.581913
9 0.656834 0.229358 0.142576 0.585845
10 0.653884 0.229358 0.143559 0.585845
11 0.649951 0.2346 0.145526 0.585845
12 0.649951 0.239843 0.141593 0.588467
13 0.649951 0.247706 0.141593 0.584535
14 0.649951 0.25557 0.141593 0.583224
15 0.651917 0.260813 0.135693 0.580603
16 0.656834 0.262123 0.130777 0.579292
17 0.654867 0.266055 0.13176 0.576671
18 0.645034 0.264744 0.129794 0.577982
19 0.638151 0.258191 0.126844 0.568807
20 0.642085 0.251638 0.123894 0.568807
21 0.644051 0.246396 0.12586 0.566186
22 0.644051 0.238532 0.12586 0.563565
23 0.640118 0.2346 0.129794 0.542595
24 0.640118 0.226737 0.127827 0.537353
25 0.634218 0.221494 0.129794 0.541284
26 0.628319 0.216252 0.13176 0.545216
27 0.625369 0.208388 0.136676 0.546527
28 0.625369 0.208388 0.135693 0.542595
29 0.620452 0.201835 0.13471 0.545216
30 0.616519 0.200524 0.136676 0.543906
31 0.612586 0.200524 0.138643 0.543906
32 0.610619 0.200524 0.13766 0.543906
33 0.610619 0.200524 0.135693 0.543906
34 0.609636 0.201835 0.136676 0.542595
35 0.606686 0.208388 0.13471 0.542595
36 0.602753 0.211009 0.13176 0.541284
37 0.600787 0.21363 0.13176 0.539974
38 0.60177 0.225426 0.130777 0.537353
39 0.603736 0.229358 0.12881 0.538663
40 0.606686 0.235911 0.12586 0.536042
41 0.609636 0.237221 0.124877 0.536042
42 0.612586 0.241153 0.127827 0.525557
43 0.620452 0.246396 0.123894 0.516383
44 0.625369 0.246396 0.118977 0.516383
45 0.629302 0.238532 0.118977 0.524246
46 0.626352 0.238532 0.120944 0.524246
47 0.622419 0.238532 0.119961 0.524246
48 0.619469 0.238532 0.122911 0.524246
49 0.620452 0.238532 0.121927 0.524246
50 0.625369 0.238532 0.121927 0.524246
51 0.625369 0.238532 0.12586 0.528178
52 0.625369 0.239843 0.122911 0.526868
53 0.620452 0.246396 0.119961 0.524246
54 0.614553 0.246396 0.121927 0.524246
55 0.616519 0.246396 0.119961 0.524246
56 0.616519 0.246396 0.121927 0.524246
57 0.611603 0.249017 0.123894 0.517693
58 0.608653 0.249017 0.119961 0.50983
59 0.60177 0.249017 0.122911 0.503277
60 0.596853 0.252949 0.12586 0.503277
61 0.594887 0.247706 0.12586 0.505898
62 0.588987 0.242464 0.12586 0.51114
63 0.578171 0.250328 0.129794 0.50983
64 0.573255 0.250328 0.126844 0.50983
65 0.572271 0.247706 0.127827 0.512451
66 0.575221 0.250328 0.12881 0.51114
67 0.578171 0.250328 0.129794 0.513761
68 0.579154 0.250328 0.12586 0.513761
69 0.579154 0.250328 0.12586 0.513761
70 0.579154 0.250328 0.12586 0.513761
71 0.580138 0.250328 0.124877 0.50983
72 0.582104 0.250328 0.124877 0.508519
73 0.583088 0.247706 0.123894 0.50983
74 0.579154 0.246396 0.123894 0.505898
75 0.572271 0.243775 0.121927 0.500655
76 0.567355 0.237221 0.117011 0.491481
77 0.568338 0.229358 0.114061 0.499345
78 0.562439 0.2346 0.116028 0.494102
79 0.552606 0.247706 0.117011 0.495413
80 0.547689 0.252949 0.116028 0.494102
81 0.554572 0.251638 0.116028 0.494102
82 0.554572 0.252949 0.116028 0.496723
83 0.540806 0.260813 0.117994 0.496723
84 0.52704 0.264744 0.116028 0.499345
85 0.530973 0.266055 0.114061 0.499345
86 0.537856 0.263434 0.113078 0.501966
87 0.537856 0.252949 0.113078 0.503277
88 0.53589 0.241153 0.112094 0.504587
89 0.53589 0.238532 0.114061 0.498034
90 0.540806 0.23329 0.115044 0.498034
91 0.545723 0.230668 0.113078 0.500655
92 0.545723 0.230668 0.114061 0.494102
93 0.54179 0.2346 0.117994 0.49017
94 0.54179 0.238532 0.117994 0.492792
95 0.540806 0.241153 0.118977 0.496723
96 0.53589 0.246396 0.118977 0.495413
97 0.52999 0.249017 0.118977 0.498034
98 0.526057 0.25557 0.121927 0.500655
99 0.52409 0.256881 0.123894 0.504587
100 0.520157 0.25557 0.119961 0.501966
101 0.513274 0.250328 0.121927 0.507208
102 0.511308 0.250328 0.117011 0.503277
103 0.501475 0.250328 0.126844 0.503277
104 0.501475 0.250328 0.126844 0.503277
105 0.501475 0.247706 0.13471 0.499345
106 0.502458 0.251638 0.136676 0.499345
107 0.494592 0.251638 0.144543 0.495413
108 0.489676 0.246396 0.143559 0.500655
109 0.485742 0.245085 0.142576 0.501966
110 0.479843 0.245085 0.139626 0.501966
111 0.47591 0.239843 0.13471 0.507208
112 0.470993 0.239843 0.13176 0.491481
113 0.466077 0.245085 0.12586 0.492792
114 0.466077 0.247706 0.119961 0.496723
115 0.463127 0.247706 0.113078 0.499345
116 0.454277 0.252949 0.112094 0.498034
117 0.454277 0.252949 0.110128 0.500655
118 0.454277 0.252949 0.114061 0.503277
119 0.46411 0.256881 0.109145 0.507208
120 0.45821 0.259502 0.118977 0.505898
121 0.449361 0.266055 0.13471 0.505898
122 0.439528 0.268676 0.148476 0.508519
123 0.436578 0.268676 0.156342 0.505898
124 0.433628 0.267366 0.164208 0.505898
125 0.433628 0.263434 0.170108 0.505898
126 0.433628 0.260813 0.176008 0.505898
127 0.443461 0.260813 0.170108 0.505898
128 0.443461 0.25557 0.171091 0.508519
129 0.443461 0.250328 0.171091 0.508519
130 0.443461 0.250328 0.158309 0.51114
131 0.440511 0.252949 0.150442 0.512451
132 0.435595 0.25426 0.143559 0.51114
133 0.428712 0.25426 0.14061 0.512451
134 0.420846 0.258191 0.129794 0.515072
135 0.409046 0.258191 0.127827 0.515072
136 0.388397 0.258191 0.129794 0.515072
137 0.377581 0.258191 0.130777 0.515072
138 0.369715 0.258191 0.13471 0.515072
139 0.361849 0.258191 0.139626 0.517693
140 0.352016 0.252949 0.14061 0.522936
141 0.336283 0.252949 0.145526 0.517693
142 0.322517 0.239843 0.150442 0.522936
143 0.311701 0.229358 0.148476 0.524246
144 0.303835 0.226737 0.149459 0.522936
145 0.300885 0.226737 0.152409 0.522936
146 0.296952 0.222805 0.153392 0.526868
147 0.292035 0.222805 0.150442 0.526868
148 0.285152 0.222805 0.143559 0.524246
149 0.277286 0.222805 0.136676 0.515072
150 0.281219 0.222805 0.126844 0.513761
151 0.285152 0.225426 0.123894 0.51114
152 0.288102 0.225426 0.120944 0.515072
153 0.294985 0.225426 0.118977 0.515072
154 0.298918 0.222805 0.117994 0.517693
155 0.290069 0.222805 0.117011 0.524246
156 0.281219 0.226737 0.117011 0.521625
157 0.285152 0.231979 0.115044 0.526868
158 0.291052 0.237221 0.117011 0.528178
159 0.289086 0.238532 0.120944 0.529489
160 0.281219 0.230668 0.12586 0.530799
161 0.280236 0.228047 0.123894 0.528178
162 0.283186 0.228047 0.119961 0.528178
163 0.291052 0.228047 0.117994 0.520315
164 0.291052 0.225426 0.121927 0.522936
165 0.285152 0.225426 0.12586 0.522936
166 0.278269 0.225426 0.127827 0.522936
167 0.274336 0.225426 0.12881 0.519004
168 0.26352 0.225426 0.126844 0.519004
169 0.251721 0.225426 0.127827 0.519004
170 0.246804 0.220183 0.13176 0.517693
171 0.242871 0.220183 0.135693 0.517693
172 0.236971 0.216252 0.135693 0.521625
173 0.231072 0.216252 0.141593 0.521625
174 0.229105 0.216252 0.141593 0.521625
175 0.224189 0.211009 0.142576 0.525557
176 0.219272 0.211009 0.145526 0.525557
177 0.215339 0.209699 0.141593 0.524246
178 0.20944 0.205767 0.142576 0.522936
179 0.20354 0.208388 0.142576 0.520315
180 0.20059 0.21363 0.13766 0.521625
181 0.19469 0.221494 0.136676 0.521625
182 0.19469 0.225426 0.133727 0.524246
183 0.196657 0.228047 0.132743 0.524246
184 0.199607 0.228047 0.129794 0.524246
185 0.20059 0.229358 0.126844 0.507208
186 0.207473 0.229358 0.127827 0.499345
187 0.220256 0.228047 0.123894 0.491481
188 0.229105 0.222805 0.120944 0.491481
189 0.235005 0.220183 0.121927 0.494102
190 0.240905 0.21363 0.120944 0.496723
191 0.240905 0.21232 0.123894 0.500655
192 0.240905 0.218873 0.120944 0.500655
193 0.235988 0.228047 0.124877 0.504587
194 0.236971 0.2346 0.124877 0.505898
195 0.247788 0.238532 0.124877 0.501966
196 0.254671 0.238532 0.120944 0.501966
197 0.250737 0.230668 0.119961 0.501966
198 0.242871 0.225426 0.121927 0.500655
199 0.241888 0.220183 0.124877 0.501966
200 0.244838 0.218873 0.127827 0.499345
201 0.255654 0.21232 0.127827 0.494102
202 0.25762 0.211009 0.126844 0.486239
203 0.252704 0.211009 0.12881 0.478375
204 0.247788 0.217562 0.129794 0.475754
205 0.244838 0.220183 0.127827 0.475754
206 0.241888 0.220183 0.126844 0.480996
207 0.236971 0.220183 0.127827 0.484928
208 0.232055 0.228047 0.12881 0.484928
209 0.225172 0.230668 0.129794 0.486239
210 0.220256 0.238532 0.12881 0.486239
211 0.216323 0.246396 0.127827 0.484928
212 0.213373 0.249017 0.12881 0.486239
213 0.214356 0.25426 0.12586 0.484928
214 0.219272 0.25426 0.123894 0.484928
215 0.226155 0.249017 0.123894 0.486239
216 0.235988 0.249017 0.117011 0.486239
217 0.235988 0.249017 0.120944 0.486239
218 0.231072 0.249017 0.119961 0.480996
219 0.229105 0.247706 0.121927 0.474443
220 0.231072 0.242464 0.119961 0.463958
221 0.229105 0.235911 0.120944 0.460026
222 0.220256 0.229358 0.117994 0.458716
223 0.212389 0.222805 0.120944 0.457405
224 0.212389 0.218873 0.117994 0.461337
225 0.212389 0.221494 0.118977 0.458716
226 0.214356 0.221494 0.120944 0.463958
227 0.224189 0.221494 0.117994 0.462647
228 0.225172 0.225426 0.119961 0.465269
229 0.222222 0.229358 0.118977 0.463958
230 0.222222 0.229358 0.117994 0.463958
231 0.227139 0.2346 0.117994 0.458716
232 0.231072 0.229358 0.118977 0.462647
233 0.231072 0.228047 0.118977 0.452163
234 0.231072 0.221494 0.114061 0.454784
235 0.229105 0.218873 0.117011 0.453473
236 0.236971 0.216252 0.117994 0.448231
237 0.248771 0.211009 0.117011 0.440367
238 0.250737 0.209699 0.118977 0.433814
239 0.250737 0.209699 0.118977 0.432503
240 0.247788 0.207077 0.117994 0.435125
241 0.247788 0.209699 0.117994 0.432503
242 0.250737 0.211009 0.115044 0.432503
243 0.251721 0.216252 0.114061 0.437746
244 0.258604 0.229358 0.111111 0.436435
245 0.26057 0.238532 0.111111 0.441678
246 0.261554 0.246396 0.110128 0.437746
247 0.264503 0.249017 0.109145 0.439056
248 0.27532 0.252949 0.108161 0.435125
249 0.281219 0.252949 0.105211 0.437746
250 0.281219 0.249017 0.105211 0.436435
251 0.284169 0.246396 0.104228 0.435125
252 0.291052 0.237221 0.101278 0.439056
253 0.291052 0.23329 0.101278 0.436435
254 0.293019 0.229358 0.0993117 0.429882
255 0.289086 0.228047 0.0993117 0.420708
256 0.289086 0.228047 0.0983284 0.416776
257 0.289086 0.228047 0.103245 0.414155
258 0.293019 0.228047 0.101278 0.414155
259 0.294002 0.229358 0.105211 0.418087
260 0.297935 0.2346 0.106195 0.420708
261 0.297935 0.235911 0.106195 0.419397
262 0.297935 0.238532 0.108161 0.422018
263 0.300885 0.246396 0.111111 0.419397
264 0.304818 0.247706 0.111111 0.418087
265 0.310718 0.249017 0.111111 0.416776
266 0.322517 0.25426 0.109145 0.415465
267 0.32645 0.259502 0.112094 0.415465
268 0.32645 0.267366 0.113078 0.414155
269 0.33235 0.263434 0.110128 0.412844
270 0.33235 0.259502 0.115044 0.412844
271 0.344149 0.25557 0.106195 0.401048
272 0.350049 0.247706 0.106195 0.402359
273 0.358899 0.238532 0.102262 0.407602
274 0.370698 0.238532 0.0993117 0.402359
275 0.379548 0.23329 0.0973451 0.407602
276 0.384464 0.229358 0.0963618 0.402359
277 0.385447 0.229358 0.0973451 0.40367
278 0.39233 0.23329 0.0904621 0.399738
279 0.393314 0.242464 0.093412 0.40367
280 0.396264 0.247706 0.0973451 0.401048
281 0.39823 0.260813 0.106195 0.402359
282 0.397247 0.27654 0.107178 0.398427
283 0.388397 0.280472 0.116028 0.399738
284 0.379548 0.283093 0.118977 0.399738
285 0.375615 0.293578 0.112094 0.399738
286 0.375615 0.300131 0.114061 0.395806
287 0.381514 0.300131 0.108161 0.393185
288 0.39233 0.300131 0.101278 0.390564
289 0.403147 0.294889 0.0983284 0.390564
290 0.412979 0.294889 0.0993117 0.380079
291 0 0 0 0
292 0 0 0 0
293 0 0 0 0
294 0 0 0 0
295 0 0 0 0
296 0 0 0 0
297 0.471976 0.283093 0.0924287 0.398427
298 0.471976 0.288336 0.100295 0.397117
299 0.471976 0.290957 0.108161 0.395806
300 0.489676 0.294889 0.101278 0.398427
301 0.498525 0.29882 0.100295 0.394495
302 0.504425 0.304063 0.103245 0.393185
303 0.513274 0.304063 0.0953786 0.393185
304 0.522124 0.306684 0.0973451 0.394495
305 0.522124 0.307995 0.103245 0.387942
306 0.526057 0.306684 0.0993117 0.390564
307 0.53294 0.300131 0.0963618 0.397117
308 0.539823 0.29751 0.0963618 0.394495
309 0.547689 0.289646 0.0943953 0.395806
310 0.547689 0.285714 0.0943953 0.393185
311 0.549656 0.281782 0.093412 0.393185
312 0.553589 0.27654 0.093412 0.395806
313 0.553589 0.27654 0.093412 0.393185
314 0.554572 0.27654 0.0924287 0.393185
315 0.564405 0.279161 0.093412 0.390564
316 0.572271 0.279161 0.0914454 0.394495
317 0.573255 0.279161 0.093412 0.394495
318 0.567355 0.279161 0.0914454 0.390564
319 0.554572 0.279161 0.0943953 0.390564
320 0.548673 0.272608 0.093412 0.394495
321 0.54179 0.266055 0.0963618 0.391874
322 0.542773 0.260813 0.0953786 0.394495
323 0.548673 0.25426 0.0953786 0.387942
324 0.550639 0.251638 0.0973451 0.3827
325 0.554572 0.25426 0.0993117 0.385321
326 0.556539 0.25426 0.100295 0.385321
327 0.558505 0.252949 0.101278 0.3827
328 0.558505 0.252949 0.101278 0.3827
329 0.549656 0.249017 0.102262 0.386632
330 0.54179 0.247706 0.103245 0.387942
331 0.54179 0.247706 0.103245 0.387942
332 0.548673 0.247706 0.102262 0.391874
333 0.550639 0.252949 0.103245 0.391874
334 0.554572 0.25557 0.101278 0.393185
335 0.564405 0.262123 0.0993117 0.393185
336 0.573255 0.267366 0.101278 0.390564
337 0.581121 0.266055 0.0993117 0.391874
338 0.583088 0.258191 0.0983284 0.393185
339 0.576205 0.25426 0.101278 0.397117
340 0.576205 0.259502 0.0983284 0.393185
341 0.583088 0.262123 0.0983284 0.390564
342 0.591937 0.263434 0.0973451 0.3827
343 0.59587 0.262123 0.0993117 0.38401
344 0.59587 0.25557 0.0983284 0.38401
345 0.59587 0.247706 0.0983284 0.385321
346 0.60177 0.246396 0.0993117 0.386632
347 0.609636 0.246396 0.103245 0.386632
348 0.618486 0.246396 0.101278 0.390564
349 0.621436 0.247706 0.102262 0.394495
350 0.617502 0.250328 0.104228 0.397117
351 0.615536 0.256881 0.103245 0.394495
352 0.612586 0.262123 0.103245 0.394495
353 0.608653 0.262123 0.104228 0.394495
354 0.608653 0.267366 0.103245 0.397117
355 0.608653 0.271298 0.101278 0.395806
356 0.603736 0.273919 0.103245 0.393185
357 0.60177 0.275229 0.101278 0.397117
358 0.60177 0.27654 0.101278 0.395806
359 0.60177 0.271298 0.0993117 0.395806
360 0.600787 0.262123 0.100295 0.386632
361 0.60177 0.25426 0.0993117 0.38401
362 0.603736 0.247706 0.0973451 0.385321
363 0.603736 0.242464 0.0973451 0.385321
364 0.606686 0.237221 0.0973451 0.385321
365 0.606686 0.235911 0.0973451 0.386632
366 0.610619 0.231979 0.0953786 0.390564
367 0.610619 0.231979 0.0953786 0.390564
368 0.612586 0.237221 0.0973451 0.393185
369 0.617502 0.247706 0.0973451 0.391874
370 0.622419 0.25557 0.0953786 0.393185
371 0.626352 0.259502 0.0914454 0.394495
372 0.623402 0.266055 0.0943953 0.394495
373 0.623402 0.275229 0.0943953 0.393185
374 0.629302 0.275229 0.0983284 0.393185
375 0.633235 0.27654 0.0943953 0.395806
376 0.633235 0.284404 0.093412 0.393185
377 0.633235 0.29751 0.0963618 0.391874
378 0.644051 0.309305 0.0983284 0.389253
379 0.644051 0.314548 0.0983284 0.3827
380 0.639135 0.321101 0.102262 0.381389
381 0.636185 0.326343 0.103245 0.3827
382 0.632252 0.321101 0.104228 0.386632
383 0.632252 0.321101 0.102262 0.386632
384 0.637168 0.315858 0.101278 0.387942
385 0.644051 0.310616 0.104228 0.389253
386 0.648968 0.305374 0.105211 0.391874
387 0.648968 0.304063 0.103245 0.389253
